0 0.23333333333333334 0.4116666666666667 0.03 0.02666666666666667
0 0.21833333333333332 0.46 0.03333333333333333 0.02666666666666667
0 0.21166666666666667 0.04 0.035 0.028333333333333332
0 0.3233333333333333 0.37 0.023333333333333334 0.02
0 0.9666666666666667 0.3566666666666667 0.02666666666666667 0.03
0 0.895 0.19 0.03 0.023333333333333334
0 0.09333333333333334 0.82 0.03 0.023333333333333334
0 0.4666666666666667 0.7233333333333334 0.02666666666666667 0.02666666666666667
0 0.155 0.8116666666666666 0.02666666666666667 0.023333333333333334
0 0.9766666666666667 0.8033333333333333 0.02666666666666667 0.02666666666666667
0 0.5633333333333334 0.745 0.02666666666666667 0.02666666666666667
0 0.5533333333333333 0.5316666666666666 0.02666666666666667 0.02666666666666667
0 0.021666666666666667 0.5633333333333334 0.02666666666666667 0.03
0 0.14 0.02666666666666667 0.03166666666666667 0.025
0 0.18833333333333332 0.5366666666666666 0.02666666666666667 0.023333333333333334
0 0.9333333333333333 0.3983333333333333 0.03833333333333333 0.025