0 0.8333333333333334 0.845 0.03 0.02666666666666667
0 0.7866666666666666 0.7933333333333333 0.02666666666666667 0.03
0 0.7916666666666666 0.725 0.023333333333333334 0.02666666666666667
0 0.7033333333333334 0.9266666666666666 0.03 0.02666666666666667
0 0.6483333333333333 0.9466666666666667 0.02666666666666667 0.02
0 0.8616666666666667 0.6516666666666666 0.03 0.02
0 0.855 0.635 0.023333333333333334 0.02
0 0.8083333333333333 0.9416666666666667 0.02666666666666667 0.023333333333333334
0 0.8516666666666667 0.8933333333333333 0.023333333333333334 0.02
0 0.81 0.68 0.02666666666666667 0.023333333333333334
0 0.8783333333333333 0.7916666666666666 0.02666666666666667 0.02666666666666667
0 0.6683333333333333 0.9683333333333334 0.023333333333333334 0.02
0 0.17666666666666667 0.29 0.023333333333333334 0.02
0 0.06666666666666667 0.16166666666666665 0.03166666666666667 0.02666666666666667
0 0.051666666666666666 0.36 0.023333333333333334 0.02
0 0.16 0.4483333333333333 0.03 0.02666666666666667
0 0.14666666666666667 0.27166666666666667 0.02666666666666667 0.02666666666666667
0 0.035 0.04666666666666667 0.02666666666666667 0.023333333333333334
0 0.135 0.11666666666666667 0.023333333333333334 0.02666666666666667
0 0.2633333333333333 0.3416666666666667 0.03333333333333333 0.03333333333333333
0 0.12 0.26 0.023333333333333334 0.023333333333333334
0 0.23166666666666666 0.29833333333333334 0.02 0.02666666666666667