0 0.11666666666666667 0.11333333333333333 0.03 0.02666666666666667
0 0.3383333333333333 0.12666666666666668 0.03 0.025
0 0.15666666666666668 0.09166666666666666 0.023333333333333334 0.023333333333333334
0 0.4033333333333333 0.6683333333333333 0.02666666666666667 0.023333333333333334
0 0.3433333333333333 0.16166666666666665 0.02666666666666667 0.02666666666666667
0 0.12333333333333334 0.31333333333333335 0.02666666666666667 0.023333333333333334
0 0.3983333333333333 0.545 0.023333333333333334 0.023333333333333334
0 0.9816666666666667 0.31166666666666665 0.03 0.02666666666666667
0 0.72 0.4583333333333333 0.02666666666666667 0.03
0 0.5783333333333334 0.705 0.023333333333333334 0.02
0 0.56 0.6566666666666666 0.02666666666666667 0.02666666666666667
0 0.6383333333333333 0.6066666666666667 0.023333333333333334 0.023333333333333334
0 0.9733333333333334 0.016666666666666666 0.025 0.028333333333333332