0 0.9116666666666666 0.058333333333333334 0.023333333333333334 0.023333333333333334
0 0.9316666666666666 0.08166666666666667 0.02 0.023333333333333334
0 0.9016666666666666 0.4166666666666667 0.02 0.02
0 0.9483333333333334 0.32666666666666666 0.02 0.023333333333333334
0 0.8916666666666667 0.20833333333333334 0.02666666666666667 0.03333333333333333
0 0.915 0.04 0.023333333333333334 0.023333333333333334
0 0.043333333333333335 0.25166666666666665 0.03 0.03
0 0.21666666666666667 0.9683333333333334 0.025 0.03
0 0.3416666666666667 0.9616666666666667 0.023333333333333334 0.02666666666666667
0 0.37 0.9683333333333334 0.02666666666666667 0.028333333333333332
0 0.19833333333333333 0.9183333333333333 0.023333333333333334 0.02666666666666667
0 0.29333333333333333 0.9216666666666666 0.02666666666666667 0.023333333333333334
0 0.18666666666666668 0.9783333333333334 0.03 0.03333333333333333
0 0.8233333333333334 0.8966666666666666 0.03166666666666667 0.03166666666666667