0 0.6933333333333334 0.17833333333333334 0.02666666666666667 0.03
0 0.6916666666666667 0.2816666666666667 0.03 0.03666666666666667
0 0.8316666666666667 0.31666666666666665 0.03666666666666667 0.02666666666666667
0 0.5983333333333334 0.45666666666666667 0.03333333333333333 0.03
0 0.64 0.37333333333333335 0.02666666666666667 0.02666666666666667
0 0.6366666666666667 0.3466666666666667 0.02666666666666667 0.023333333333333334
0 0.5883333333333334 0.31833333333333336 0.023333333333333334 0.023333333333333334
0 0.9483333333333334 0.34 0.03 0.02666666666666667
0 0.31166666666666665 0.10333333333333333 0.03 0.03
0 0.31166666666666665 0.041666666666666664 0.03 0.02
0 0.31666666666666665 0.18333333333333332 0.02666666666666667 0.03
0 0.2733333333333333 0.18166666666666667 0.03 0.03333333333333333
0 0.26166666666666666 0.21666666666666667 0.023333333333333334 0.02666666666666667
0 0.18666666666666668 0.12166666666666667 0.02666666666666667 0.03
0 0.21 0.125 0.03333333333333333 0.023333333333333334
0 0.2683333333333333 0.10833333333333334 0.023333333333333334 0.02
0 0.27166666666666667 0.36833333333333335 0.03 0.03333333333333333
0 0.19166666666666668 0.4066666666666667 0.03 0.023333333333333334
0 0.20833333333333334 0.07833333333333334 0.02666666666666667 0.02666666666666667
0 0.225 0.20833333333333334 0.023333333333333334 0.023333333333333334
0 0.3283333333333333 0.135 0.023333333333333334 0.023333333333333334
0 0.24666666666666667 0.4066666666666667 0.023333333333333334 0.023333333333333334
0 0.2816666666666667 0.3933333333333333 0.02666666666666667 0.023333333333333334
0 0.29333333333333333 0.016666666666666666 0.02666666666666667 0.02666666666666667
0 0.17833333333333334 0.44666666666666666 0.02666666666666667 0.02666666666666667
0 0.4633333333333333 0.04666666666666667 0.023333333333333334 0.023333333333333334
0 0.055 0.365 0.02666666666666667 0.02666666666666667
0 0.16833333333333333 0.385 0.023333333333333334 0.023333333333333334
0 0.42833333333333334 0.33666666666666667 0.02666666666666667 0.02666666666666667
0 0.15333333333333332 0.17833333333333334 0.023333333333333334 0.023333333333333334
0 0.24166666666666667 0.43666666666666665 0.03 0.03
0 0.44333333333333336 0.30666666666666664 0.02666666666666667 0.02666666666666667
0 0.4483333333333333 0.2733333333333333 0.02666666666666667 0.023333333333333334
0 0.43166666666666664 0.12 0.023333333333333334 0.023333333333333334
0 0.4166666666666667 0.07833333333333334 0.023333333333333334 0.023333333333333334
0 0.18 0.06666666666666667 0.023333333333333334 0.023333333333333334
0 0.29 0.555 0.03 0.02666666666666667
0 0.18333333333333332 0.57 0.02666666666666667 0.03
0 0.20666666666666667 0.5483333333333333 0.023333333333333334 0.02
0 0.315 0.74 0.02666666666666667 0.03
0 0.30666666666666664 0.6116666666666667 0.02666666666666667 0.02666666666666667
0 0.3933333333333333 0.5533333333333333 0.023333333333333334 0.023333333333333334
0 0.42833333333333334 0.5416666666666666 0.02666666666666667 0.023333333333333334
0 0.3566666666666667 0.8283333333333334 0.023333333333333334 0.02666666666666667
0 0.385 0.8166666666666667 0.02666666666666667 0.023333333333333334
0 0.3933333333333333 0.7316666666666667 0.023333333333333334 0.023333333333333334
0 0.5716666666666667 0.7316666666666667 0.03 0.02666666666666667
0 0.725 0.5416666666666666 0.02666666666666667 0.02666666666666667
0 0.78 0.9683333333333334 0.02666666666666667 0.02666666666666667
0 0.7 0.675 0.028333333333333332 0.03
0 0.6833333333333333 0.4866666666666667 0.02666666666666667 0.02666666666666667
0 0.8683333333333333 0.9083333333333333 0.023333333333333334 0.023333333333333334
0 0.7816666666666666 0.5 0.03 0.03
0 0.7566666666666667 0.535 0.02666666666666667 0.02666666666666667
0 0.22833333333333333 0.5166666666666667 0.028333333333333332 0.021666666666666667
0 0.32166666666666666 0.71 0.03 0.023333333333333334