0 0.5183333333333333 0.2916666666666667 0.02 0.023333333333333334
0 0.5183333333333333 0.3466666666666667 0.02 0.02666666666666667
0 0.5416666666666666 0.016666666666666666 0.023333333333333334 0.025
0 0.5366666666666666 0.32666666666666666 0.021666666666666667 0.023333333333333334
0 0.20166666666666666 0.10333333333333333 0.02 0.02
0 0.2783333333333333 0.22666666666666666 0.02666666666666667 0.023333333333333334
0 0.425 0.18666666666666668 0.02666666666666667 0.02666666666666667
0 0.4483333333333333 0.205 0.02666666666666667 0.023333333333333334
0 0.35 0.06 0.025 0.02666666666666667
0 0.23 0.125 0.023333333333333334 0.021666666666666667
0 0.4066666666666667 0.43666666666666665 0.02 0.02
0 0.4583333333333333 0.12 0.02 0.02
0 0.235 0.056666666666666664 0.023333333333333334 0.023333333333333334
0 0.3233333333333333 0.17666666666666667 0.021666666666666667 0.02
0 0.39666666666666667 0.795 0.025 0.028333333333333332
0 0.3883333333333333 0.9333333333333333 0.03 0.028333333333333332
0 0.435 0.89 0.03 0.028333333333333332