0 0.955 0.355 0.02666666666666667 0.023333333333333334
0 0.945 0.38666666666666666 0.02666666666666667 0.02666666666666667
0 0.8333333333333334 0.4116666666666667 0.02666666666666667 0.02666666666666667
0 0.6883333333333334 0.39166666666666666 0.023333333333333334 0.023333333333333334
0 0.745 0.4216666666666667 0.02666666666666667 0.02666666666666667
0 0.7016666666666667 0.22 0.021666666666666667 0.021666666666666667
0 0.7316666666666667 0.22666666666666666 0.023333333333333334 0.023333333333333334
0 0.8 0.43666666666666665 0.02666666666666667 0.023333333333333334
0 0.8466666666666667 0.465 0.023333333333333334 0.023333333333333334
0 0.6116666666666667 0.205 0.02666666666666667 0.025
0 0.9866666666666667 0.33 0.023333333333333334 0.023333333333333334
0 0.9233333333333333 0.2833333333333333 0.023333333333333334 0.023333333333333334
0 0.8266666666666667 0.6033333333333334 0.03 0.03
0 0.825 0.5466666666666666 0.025 0.023333333333333334
0 0.8316666666666667 0.6833333333333333 0.02666666666666667 0.03
0 0.7883333333333333 0.6816666666666666 0.03 0.03333333333333333
0 0.7766666666666666 0.7166666666666667 0.023333333333333334 0.02666666666666667
0 0.7016666666666667 0.6216666666666667 0.02666666666666667 0.03
0 0.7266666666666667 0.6316666666666667 0.02666666666666667 0.023333333333333334
0 0.7833333333333333 0.6083333333333333 0.023333333333333334 0.02
0 0.7866666666666666 0.8683333333333333 0.03 0.03333333333333333
0 0.7083333333333334 0.9116666666666666 0.03 0.023333333333333334
0 0.7233333333333334 0.5783333333333334 0.02666666666666667 0.02666666666666667
0 0.74 0.7083333333333334 0.023333333333333334 0.023333333333333334
0 0.845 0.635 0.023333333333333334 0.023333333333333334
0 0.7616666666666667 0.9066666666666666 0.023333333333333334 0.023333333333333334
0 0.7966666666666666 0.8933333333333333 0.02666666666666667 0.023333333333333334
0 0.8083333333333333 0.5216666666666666 0.02666666666666667 0.02666666666666667
0 0.7116666666666667 0.85 0.023333333333333334 0.023333333333333334
0 0.6933333333333334 0.9533333333333334 0.02666666666666667 0.02666666666666667
0 0.9833333333333333 0.5516666666666666 0.023333333333333334 0.023333333333333334
0 0.5733333333333334 0.87 0.02666666666666667 0.02666666666666667
0 0.9483333333333334 0.84 0.02666666666666667 0.02666666666666667
0 0.6683333333333333 0.6783333333333333 0.023333333333333334 0.023333333333333334
0 0.7566666666666667 0.9366666666666666 0.03 0.03
0 0.9583333333333334 0.8066666666666666 0.02666666666666667 0.02666666666666667
0 0.965 0.7733333333333333 0.02666666666666667 0.023333333333333334
0 0.695 0.5666666666666667 0.023333333333333334 0.023333333333333334
0 0.84 0.8716666666666667 0.03333333333333333 0.03166666666666667
0 0.615 0.6533333333333333 0.028333333333333332 0.028333333333333332