0 0.5883333333333334 0.43833333333333335 0.02666666666666667 0.03
0 0.685 0.2783333333333333 0.03 0.03
0 0.5383333333333333 0.175 0.02666666666666667 0.023333333333333334
0 0.6933333333333334 0.23666666666666666 0.03 0.03
0 0.9383333333333334 0.25166666666666665 0.023333333333333334 0.02666666666666667
0 0.6366666666666667 0.44666666666666666 0.03 0.023333333333333334
0 0.7566666666666667 0.22666666666666666 0.03 0.03
0 0.9016666666666666 0.27166666666666667 0.02666666666666667 0.023333333333333334
0 0.945 0.145 0.03 0.03
0 0.375 0.355 0.03 0.03
0 0.44 0.33 0.02666666666666667 0.03
0 0.4083333333333333 0.35833333333333334 0.023333333333333334 0.02666666666666667
0 0.38666666666666666 0.41333333333333333 0.02666666666666667 0.03
0 0.2816666666666667 0.4716666666666667 0.03 0.02666666666666667
0 0.465 0.17833333333333334 0.02666666666666667 0.023333333333333334
0 0.5033333333333333 0.12666666666666668 0.03333333333333333 0.02666666666666667
0 0.11666666666666667 0.15333333333333332 0.02666666666666667 0.03
0 0.2816666666666667 0.39166666666666666 0.03 0.03
0 0.2633333333333333 0.48333333333333334 0.02666666666666667 0.023333333333333334
0 0.43333333333333335 0.245 0.028333333333333332 0.02666666666666667
0 0.2733333333333333 0.10333333333333333 0.02666666666666667 0.02666666666666667
0 0.25166666666666665 0.37833333333333335 0.03 0.03
0 0.36 0.06333333333333334 0.03 0.02666666666666667
0 0.48833333333333334 0.18166666666666667 0.023333333333333334 0.023333333333333334
0 0.6266666666666667 0.8883333333333333 0.03 0.03
0 0.5866666666666667 0.8133333333333334 0.023333333333333334 0.03
0 0.8466666666666667 0.6566666666666666 0.023333333333333334 0.023333333333333334
0 0.6883333333333334 0.5333333333333333 0.023333333333333334 0.023333333333333334
0 0.7383333333333333 0.6566666666666666 0.023333333333333334 0.02
0 0.03666666666666667 0.5566666666666666 0.03 0.023333333333333334
0 0.11666666666666667 0.5483333333333333 0.02666666666666667 0.02
0 0.18666666666666668 0.5566666666666666 0.02 0.02
0 0.045 0.63 0.03 0.023333333333333334
0 0.6666666666666666 0.8716666666666667 0.03 0.03
0 0.15333333333333332 0.6016666666666667 0.028333333333333332 0.03
0 0.5316666666666666 0.8333333333333334 0.023333333333333334 0.023333333333333334