0 0.04666666666666667 0.6333333333333333 0.02 0.025
0 0.12166666666666667 0.6183333333333333 0.021666666666666667 0.025
0 0.13666666666666666 0.635 0.02666666666666667 0.02
0 0.14333333333333334 0.5666666666666667 0.02666666666666667 0.02666666666666667
0 0.028333333333333332 0.5516666666666666 0.021666666666666667 0.021666666666666667
0 0.058333333333333334 0.6933333333333334 0.02666666666666667 0.028333333333333332
0 0.27 0.6183333333333333 0.021666666666666667 0.025
0 0.38333333333333336 0.225 0.021666666666666667 0.02
0 0.011666666666666667 0.48833333333333334 0.02 0.02
0 0.09166666666666666 0.53 0.023333333333333334 0.021666666666666667
0 0.14833333333333334 0.7316666666666667 0.021666666666666667 0.02666666666666667
0 0.32666666666666666 0.5866666666666667 0.02 0.023333333333333334