0 0.36333333333333334 0.18666666666666668 0.023333333333333334 0.02666666666666667
0 0.3333333333333333 0.19833333333333333 0.023333333333333334 0.02666666666666667
0 0.6816666666666666 0.26666666666666666 0.02666666666666667 0.03
0 0.375 0.2816666666666667 0.02 0.023333333333333334
0 0.525 0.31666666666666665 0.02666666666666667 0.02666666666666667
0 0.4666666666666667 0.36333333333333334 0.023333333333333334 0.02666666666666667
0 0.535 0.16166666666666665 0.02666666666666667 0.02666666666666667
0 0.095 0.5883333333333334 0.02666666666666667 0.02666666666666667
0 0.5783333333333334 0.6516666666666666 0.02666666666666667 0.02666666666666667
0 0.14333333333333334 0.66 0.02 0.02
0 0.5766666666666667 0.7683333333333333 0.023333333333333334 0.023333333333333334
0 0.5666666666666667 0.7766666666666666 0.02 0.023333333333333334
0 0.575 0.7933333333333333 0.02 0.023333333333333334
0 0.14333333333333334 0.8283333333333334 0.023333333333333334 0.02
0 0.16666666666666666 0.8383333333333334 0.023333333333333334 0.023333333333333334
0 0.08166666666666667 0.85 0.025 0.03
0 0.11166666666666666 0.8483333333333334 0.03 0.03
0 0.15833333333333333 0.8716666666666667 0.023333333333333334 0.02
0 0.13333333333333333 0.8833333333333333 0.025 0.03
0 0.9766666666666667 0.9233333333333333 0.023333333333333334 0.023333333333333334
0 0.16 0.5133333333333333 0.02666666666666667 0.023333333333333334
0 0.056666666666666664 0.5733333333333334 0.03333333333333333 0.03
0 0.9183333333333333 0.7066666666666667 0.03333333333333333 0.03333333333333333
0 0.9416666666666667 0.6866666666666666 0.03 0.04
0 0.94 0.64 0.03666666666666667 0.03
0 0.6533333333333333 0.6516666666666666 0.023333333333333334 0.02
0 0.14166666666666666 0.6816666666666666 0.02666666666666667 0.02666666666666667
0 0.12333333333333334 0.6733333333333333 0.02666666666666667 0.02
0 0.12333333333333334 0.525 0.023333333333333334 0.03
0 0.8316666666666667 0.825 0.03 0.02
0 0.115 0.6483333333333333 0.023333333333333334 0.023333333333333334
0 0.9416666666666667 0.5683333333333334 0.03 0.02666666666666667
0 0.435 0.9566666666666667 0.04 0.02666666666666667
0 0.8483333333333334 0.8816666666666667 0.03 0.03
0 0.03 0.2783333333333333 0.03333333333333333 0.03333333333333333
0 0.3516666666666667 0.5233333333333333 0.021666666666666667 0.02666666666666667
0 0.5266666666666666 0.8883333333333333 0.03 0.02666666666666667
0 0.8433333333333334 0.6533333333333333 0.021666666666666667 0.03