0 0.08166666666666667 0.30666666666666664 0.03 0.023333333333333334
0 0.46166666666666667 0.21333333333333335 0.02666666666666667 0.02666666666666667
0 0.14833333333333334 0.30333333333333334 0.02666666666666667 0.023333333333333334
0 0.9666666666666667 0.3016666666666667 0.02666666666666667 0.02666666666666667
0 0.55 0.235 0.025 0.025
0 0.5416666666666666 0.028333333333333332 0.025 0.021666666666666667
0 0.016666666666666666 0.06 0.025 0.02666666666666667
0 0.058333333333333334 0.9233333333333333 0.03 0.023333333333333334
0 0.6816666666666666 0.6616666666666666 0.03333333333333333 0.03
0 0.71 0.695 0.03 0.02666666666666667
0 0.8333333333333334 0.7816666666666666 0.03 0.023333333333333334
0 0.845 0.5983333333333334 0.02666666666666667 0.02666666666666667
0 0.8716666666666667 0.575 0.02 0.03
0 0.6766666666666666 0.905 0.03333333333333333 0.02
0 0.7433333333333333 0.8966666666666666 0.023333333333333334 0.03
0 0.9833333333333333 0.7916666666666666 0.023333333333333334 0.02
0 0.8883333333333333 0.5766666666666667 0.02666666666666667 0.02666666666666667
0 0.8316666666666667 0.7533333333333333 0.02 0.023333333333333334
0 0.785 0.7033333333333334 0.02666666666666667 0.02666666666666667
0 0.7316666666666667 0.8666666666666667 0.023333333333333334 0.023333333333333334
0 0.8533333333333334 0.4866666666666667 0.023333333333333334 0.023333333333333334
0 0.8183333333333334 0.43 0.023333333333333334 0.02666666666666667
0 0.9483333333333334 0.81 0.03 0.02666666666666667