0 0.6466666666666666 0.27166666666666667 0.03 0.03
0 0.6616666666666666 0.31666666666666665 0.023333333333333334 0.023333333333333334
0 0.71 0.3566666666666667 0.02666666666666667 0.02666666666666667
0 0.018333333333333333 0.9433333333333334 0.03 0.03333333333333333
0 0.04666666666666667 0.93 0.03 0.03
0 0.13 0.9433333333333334 0.03 0.02666666666666667
0 0.043333333333333335 0.95 0.02666666666666667 0.023333333333333334
0 0.12333333333333334 0.9883333333333333 0.02 0.023333333333333334
0 0.82 0.52 0.023333333333333334 0.023333333333333334
0 0.8166666666666667 0.5733333333333334 0.021666666666666667 0.02
0 0.6666666666666666 0.9533333333333334 0.02666666666666667 0.02666666666666667
0 0.6733333333333333 0.9216666666666666 0.023333333333333334 0.023333333333333334
0 0.6983333333333334 0.5316666666666666 0.02666666666666667 0.023333333333333334
0 0.6416666666666667 0.9766666666666667 0.02666666666666667 0.02666666666666667