0 0.8183333333333334 0.8716666666666667 0.023333333333333334 0.02666666666666667
0 0.8283333333333334 0.7666666666666667 0.03 0.023333333333333334
0 0.8333333333333334 0.8083333333333333 0.02 0.023333333333333334
0 0.8466666666666667 0.825 0.02 0.02
0 0.77 0.9116666666666666 0.03333333333333333 0.02
0 0.8183333333333334 0.3233333333333333 0.025 0.02666666666666667
0 0.785 0.3933333333333333 0.02 0.03
0 0.7916666666666666 0.9316666666666666 0.023333333333333334 0.02
0 0.695 0.75 0.02 0.03
0 0.895 0.19333333333333333 0.028333333333333332 0.02666666666666667
0 0.98 0.25666666666666665 0.02 0.02
0 0.6116666666666667 0.875 0.02666666666666667 0.02
0 0.7416666666666667 0.9583333333333334 0.03 0.02
0 0.9066666666666666 0.9883333333333333 0.035 0.023333333333333334
0 0.8633333333333333 0.825 0.02 0.02666666666666667
0 0.7533333333333333 0.7216666666666667 0.016666666666666666 0.023333333333333334
0 0.77 0.72 0.023333333333333334 0.023333333333333334
0 0.425 0.7933333333333333 0.023333333333333334 0.03
0 0.4483333333333333 0.8016666666666666 0.02 0.023333333333333334
0 0.175 0.25833333333333336 0.02666666666666667 0.02666666666666667
0 0.945 0.23666666666666666 0.025 0.028333333333333332
0 0.8683333333333333 0.9733333333333334 0.021666666666666667 0.02666666666666667
0 0.26 0.17833333333333334 0.028333333333333332 0.023333333333333334