0 0.755 0.4116666666666667 0.03 0.02666666666666667
0 0.845 0.38333333333333336 0.03 0.023333333333333334
0 0.7633333333333333 0.49333333333333335 0.028333333333333332 0.025
0 0.6983333333333334 0.6283333333333333 0.023333333333333334 0.02
0 0.7966666666666666 0.5533333333333333 0.023333333333333334 0.023333333333333334
0 0.7633333333333333 0.5633333333333334 0.023333333333333334 0.02
0 0.805 0.5166666666666667 0.02666666666666667 0.02
0 0.8316666666666667 0.545 0.023333333333333334 0.02
0 0.7233333333333334 0.8783333333333333 0.025 0.025
0 0.5883333333333334 0.8866666666666667 0.02666666666666667 0.025
0 0.7833333333333333 0.20666666666666667 0.023333333333333334 0.02
0 0.7666666666666667 0.07166666666666667 0.023333333333333334 0.02
0 0.62 0.4816666666666667 0.02 0.02666666666666667
0 0.6533333333333333 0.39 0.03 0.02666666666666667
0 0.7716666666666666 0.3566666666666667 0.025 0.023333333333333334
0 0.5816666666666667 0.075 0.023333333333333334 0.023333333333333334
0 0.5583333333333333 0.35333333333333333 0.023333333333333334 0.02666666666666667
0 0.7316666666666667 0.03333333333333333 0.023333333333333334 0.02
0 0.54 0.485 0.03 0.03
0 0.7866666666666666 0.016666666666666666 0.03333333333333333 0.03
0 0.8833333333333333 0.585 0.03 0.02666666666666667
0 0.5216666666666666 0.018333333333333333 0.02666666666666667 0.02666666666666667
0 0.9233333333333333 0.33 0.02666666666666667 0.02
0 0.5233333333333333 0.46166666666666667 0.02 0.02666666666666667
0 0.5283333333333333 0.41 0.023333333333333334 0.023333333333333334
0 0.7883333333333333 0.175 0.02 0.02
0 0.8433333333333334 0.33 0.023333333333333334 0.023333333333333334
0 0.735 0.48 0.02 0.02666666666666667
0 0.575 0.495 0.02666666666666667 0.02666666666666667
0 0.19333333333333333 0.36 0.02 0.02
0 0.08833333333333333 0.32 0.02 0.023333333333333334
0 0.056666666666666664 0.39 0.02666666666666667 0.023333333333333334
0 0.03166666666666667 0.3433333333333333 0.023333333333333334 0.02666666666666667
0 0.2833333333333333 0.42333333333333334 0.02666666666666667 0.02
0 0.2733333333333333 0.44333333333333336 0.023333333333333334 0.023333333333333334
0 0.39666666666666667 0.24 0.02 0.02
0 0.1 0.36 0.03 0.02666666666666667
0 0.19333333333333333 0.38333333333333336 0.02 0.02
0 0.2 0.4116666666666667 0.02 0.02
0 0.15666666666666668 0.4666666666666667 0.023333333333333334 0.02
0 0.07333333333333333 0.33666666666666667 0.03 0.023333333333333334
0 0.18166666666666667 0.39 0.02 0.023333333333333334
0 0.03666666666666667 0.32166666666666666 0.023333333333333334 0.02666666666666667
0 0.5033333333333333 0.47333333333333333 0.02666666666666667 0.025
0 0.3 0.058333333333333334 0.02666666666666667 0.02666666666666667
0 0.2966666666666667 0.07833333333333334 0.023333333333333334 0.023333333333333334
0 0.22 0.395 0.023333333333333334 0.023333333333333334
0 0.385 0.20166666666666666 0.023333333333333334 0.03
0 0.215 0.8 0.023333333333333334 0.023333333333333334
0 0.15833333333333333 0.78 0.02 0.03
0 0.23666666666666666 0.5783333333333334 0.03 0.02
0 0.19 0.5866666666666667 0.02666666666666667 0.02
0 0.4 0.815 0.025 0.03
0 0.23833333333333334 0.7466666666666667 0.02666666666666667 0.02666666666666667
0 0.4683333333333333 0.5233333333333333 0.023333333333333334 0.023333333333333334
0 0.19 0.49 0.023333333333333334 0.02
0 0.21666666666666667 0.52 0.02666666666666667 0.02666666666666667
0 0.52 0.895 0.023333333333333334 0.025
0 0.3466666666666667 0.7116666666666667 0.021666666666666667 0.023333333333333334
0 0.06 0.2966666666666667 0.021666666666666667 0.023333333333333334
0 0.5866666666666667 0.02 0.02666666666666667 0.02666666666666667
0 0.5983333333333334 0.44333333333333336 0.02 0.02666666666666667
0 0.2 0.33 0.016666666666666666 0.02
0 0.08 0.5583333333333333 0.025 0.021666666666666667
0 0.06833333333333333 0.5133333333333333 0.02666666666666667 0.025
0 0.105 0.5633333333333334 0.023333333333333334 0.023333333333333334
0 0.65 0.22166666666666668 0.018333333333333333 0.023333333333333334
0 0.585 0.23833333333333334 0.02 0.025
0 0.515 0.045 0.028333333333333332 0.025
0 0.6 0.8633333333333333 0.021666666666666667 0.025
0 0.125 0.3333333333333333 0.021666666666666667 0.025
0 0.5283333333333333 0.8416666666666667 0.021666666666666667 0.02666666666666667