0 0.4583333333333333 0.035 0.02 0.02666666666666667
0 0.9133333333333333 0.195 0.03 0.023333333333333334
0 0.5766666666666667 0.12 0.03333333333333333 0.023333333333333334
0 0.5666666666666667 0.09833333333333333 0.02666666666666667 0.02
0 0.5033333333333333 0.22833333333333333 0.04 0.03
0 0.56 0.013333333333333334 0.023333333333333334 0.02666666666666667
0 0.9666666666666667 0.021666666666666667 0.023333333333333334 0.023333333333333334
0 0.8533333333333334 0.4166666666666667 0.023333333333333334 0.023333333333333334
0 0.5816666666666667 0.051666666666666666 0.03 0.03
0 0.5083333333333333 0.03166666666666667 0.02666666666666667 0.02666666666666667
0 0.9616666666666667 0.325 0.028333333333333332 0.03333333333333333