0 0.31666666666666665 0.9 0.03666666666666667 0.03166666666666667
0 0.34833333333333333 0.6466666666666666 0.02666666666666667 0.02666666666666667
0 0.49 0.6383333333333333 0.03 0.03
0 0.455 0.8183333333333334 0.03 0.023333333333333334
0 0.065 0.9766666666666667 0.025 0.023333333333333334
0 0.175 0.7716666666666666 0.02666666666666667 0.02666666666666667
0 0.17 0.7283333333333334 0.023333333333333334 0.023333333333333334
0 0.16833333333333333 0.6783333333333333 0.023333333333333334 0.023333333333333334
0 0.42 0.9233333333333333 0.02666666666666667 0.02666666666666667
0 0.17833333333333334 0.5616666666666666 0.02666666666666667 0.02666666666666667
0 0.36 0.5483333333333333 0.023333333333333334 0.023333333333333334
0 0.36 0.5866666666666667 0.023333333333333334 0.023333333333333334
0 0.20333333333333334 0.5616666666666666 0.02666666666666667 0.02666666666666667
0 0.22 0.6983333333333334 0.023333333333333334 0.023333333333333334
0 0.36666666666666664 0.785 0.023333333333333334 0.023333333333333334
0 0.3433333333333333 0.9516666666666667 0.03 0.02666666666666667
0 0.15666666666666668 0.9133333333333333 0.023333333333333334 0.023333333333333334
0 0.006666666666666667 0.93 0.013333333333333334 0.02666666666666667
0 0.29333333333333333 0.95 0.02666666666666667 0.02
0 0.21666666666666667 0.3466666666666667 0.03 0.03
0 0.5766666666666667 0.7516666666666667 0.03666666666666667 0.03
0 0.41833333333333333 0.845 0.035 0.03166666666666667