0 0.48 0.7316666666666667 0.03 0.023333333333333334
0 0.15833333333333333 0.955 0.03 0.02666666666666667
0 0.4583333333333333 0.5333333333333333 0.03 0.02
0 0.355 0.7583333333333333 0.02666666666666667 0.023333333333333334
0 0.695 0.7183333333333334 0.02666666666666667 0.02
0 0.6583333333333333 0.9883333333333333 0.02 0.023333333333333334
0 0.615 0.6766666666666666 0.023333333333333334 0.02
0 0.805 0.9716666666666667 0.02666666666666667 0.02666666666666667
0 0.575 0.6883333333333334 0.023333333333333334 0.03
0 0.6866666666666666 0.6266666666666667 0.02 0.023333333333333334
0 0.9583333333333334 0.8716666666666667 0.02666666666666667 0.03666666666666667
0 0.6366666666666667 0.9133333333333333 0.02666666666666667 0.02666666666666667
0 0.8416666666666667 0.96 0.023333333333333334 0.023333333333333334
0 0.6766666666666666 0.8266666666666667 0.023333333333333334 0.02
0 0.5783333333333334 0.19666666666666666 0.03 0.03
0 0.675 0.15166666666666667 0.02666666666666667 0.02666666666666667
0 0.6133333333333333 0.47833333333333333 0.02666666666666667 0.023333333333333334
0 0.49333333333333335 0.54 0.02666666666666667 0.02666666666666667
0 0.5333333333333333 0.13833333333333334 0.04 0.03
0 0.5 0.41833333333333333 0.03 0.023333333333333334
0 0.5233333333333333 0.425 0.03333333333333333 0.023333333333333334
0 0.5083333333333333 0.37166666666666665 0.03 0.03
0 0.465 0.505 0.03 0.028333333333333332
0 0.43333333333333335 0.555 0.035 0.041666666666666664
0 0.3516666666666667 0.63 0.035 0.03333333333333333
0 0.3466666666666667 0.8416666666666667 0.028333333333333332 0.03666666666666667
0 0.2866666666666667 0.8083333333333333 0.02666666666666667 0.03