0 0.335 0.33166666666666667 0.03 0.03
0 0.2916666666666667 0.12166666666666667 0.02 0.023333333333333334
0 0.39166666666666666 0.09 0.02666666666666667 0.023333333333333334
0 0.49166666666666664 0.12833333333333333 0.023333333333333334 0.023333333333333334
0 0.40166666666666667 0.16666666666666666 0.03 0.023333333333333334
0 0.47 0.16833333333333333 0.02666666666666667 0.023333333333333334
0 0.3 0.47333333333333333 0.02666666666666667 0.023333333333333334
0 0.43833333333333335 0.17666666666666667 0.02666666666666667 0.023333333333333334
0 0.3333333333333333 0.11833333333333333 0.023333333333333334 0.023333333333333334
0 0.4683333333333333 0.13333333333333333 0.023333333333333334 0.023333333333333334
0 0.46166666666666667 0.18166666666666667 0.02666666666666667 0.023333333333333334
0 0.225 0.04 0.023333333333333334 0.023333333333333334
0 0.355 0.29333333333333333 0.023333333333333334 0.023333333333333334
0 0.7883333333333333 0.018333333333333333 0.023333333333333334 0.023333333333333334
0 0.48833333333333334 0.165 0.023333333333333334 0.023333333333333334
0 0.2916666666666667 0.5683333333333334 0.02666666666666667 0.02666666666666667
0 0.41 0.6066666666666667 0.02666666666666667 0.02
0 0.2966666666666667 0.63 0.023333333333333334 0.02666666666666667
0 0.2683333333333333 0.6166666666666667 0.023333333333333334 0.02
0 0.20833333333333334 0.008333333333333333 0.023333333333333334 0.016666666666666666