0 0.42333333333333334 0.011666666666666667 0.021666666666666667 0.021666666666666667
0 0.22833333333333333 0.028333333333333332 0.023333333333333334 0.03
0 0.48833333333333334 0.03166666666666667 0.02 0.02666666666666667
0 0.6733333333333333 0.2833333333333333 0.03333333333333333 0.02666666666666667
0 0.9166666666666666 0.2833333333333333 0.03 0.023333333333333334
0 0.7516666666666667 0.405 0.03333333333333333 0.02666666666666667
0 0.8833333333333333 0.43 0.03 0.02666666666666667
0 0.69 0.43333333333333335 0.03 0.023333333333333334
0 0.6966666666666667 0.4483333333333333 0.02 0.02
0 0.85 0.465 0.02666666666666667 0.03333333333333333
0 0.5833333333333334 0.405 0.02666666666666667 0.02
0 0.985 0.49166666666666664 0.023333333333333334 0.02
0 0.71 0.37833333333333335 0.03 0.023333333333333334
0 0.7266666666666667 0.44166666666666665 0.023333333333333334 0.023333333333333334
0 0.88 0.39166666666666666 0.02666666666666667 0.03166666666666667
0 0.5266666666666666 0.008333333333333333 0.02666666666666667 0.016666666666666666
0 0.7666666666666667 0.375 0.02666666666666667 0.02666666666666667
0 0.7866666666666666 0.6816666666666666 0.03 0.03
0 0.9016666666666666 0.6883333333333334 0.035 0.03666666666666667
0 0.97 0.905 0.023333333333333334 0.023333333333333334
0 0.7966666666666666 0.65 0.03 0.02666666666666667
0 0.9216666666666666 0.8766666666666667 0.03 0.03
0 0.8616666666666667 0.5416666666666666 0.02666666666666667 0.02666666666666667
0 0.9616666666666667 0.42 0.03 0.018333333333333333
0 0.9716666666666667 0.43833333333333335 0.035 0.018333333333333333
0 0.825 0.5016666666666667 0.025 0.03
0 0.9183333333333333 0.5633333333333334 0.025 0.03
0 0.975 0.8766666666666667 0.023333333333333334 0.03