0 0.6033333333333334 0.9333333333333333 0.02666666666666667 0.02
0 0.5966666666666667 0.8883333333333333 0.023333333333333334 0.02666666666666667
0 0.6033333333333334 0.8083333333333333 0.03 0.03
0 0.56 0.8616666666666667 0.023333333333333334 0.02
0 0.6066666666666667 0.87 0.03 0.02
0 0.6333333333333333 0.8616666666666667 0.023333333333333334 0.02
0 0.7666666666666667 0.9633333333333334 0.03166666666666667 0.03166666666666667
0 0.8716666666666667 0.88 0.03 0.02666666666666667
0 0.8233333333333334 0.9066666666666666 0.03333333333333333 0.023333333333333334
0 0.7516666666666667 0.885 0.02666666666666667 0.02
0 0.8683333333333333 0.925 0.02666666666666667 0.02
0 0.885 0.9766666666666667 0.03 0.02
0 0.9316666666666666 0.985 0.02666666666666667 0.02
0 0.87 0.745 0.03 0.03
0 0.9 0.755 0.03 0.023333333333333334
0 0.9183333333333333 0.7333333333333333 0.03 0.023333333333333334
0 0.8816666666666667 0.7033333333333334 0.023333333333333334 0.02666666666666667
0 0.935 0.6566666666666666 0.03 0.02
0 0.825 0.71 0.023333333333333334 0.02666666666666667
0 0.6283333333333333 0.7566666666666667 0.02666666666666667 0.02
0 0.9866666666666667 0.6183333333333333 0.02666666666666667 0.03
0 0.7783333333333333 0.8033333333333333 0.02666666666666667 0.02666666666666667
0 0.6683333333333333 0.7983333333333333 0.023333333333333334 0.023333333333333334
0 0.8 0.7866666666666666 0.02666666666666667 0.023333333333333334
0 0.5916666666666667 0.9133333333333333 0.023333333333333334 0.023333333333333334
0 0.6483333333333333 0.8416666666666667 0.023333333333333334 0.023333333333333334
0 0.9066666666666666 0.6483333333333333 0.023333333333333334 0.023333333333333334
0 0.6866666666666666 0.7316666666666667 0.023333333333333334 0.03
0 0.6483333333333333 0.7766666666666666 0.02666666666666667 0.023333333333333334
0 0.6516666666666666 0.7416666666666667 0.02 0.03
0 0.03166666666666667 0.058333333333333334 0.03 0.023333333333333334
0 0.08833333333333333 0.20166666666666666 0.023333333333333334 0.02666666666666667
0 0.06333333333333334 0.23833333333333334 0.02666666666666667 0.023333333333333334
0 0.18166666666666667 0.21 0.023333333333333334 0.023333333333333334
0 0.20666666666666667 0.3516666666666667 0.03 0.02666666666666667
0 0.195 0.37166666666666665 0.02 0.02
0 0.18833333333333332 0.17666666666666667 0.023333333333333334 0.03
0 0.3016666666666667 0.31166666666666665 0.023333333333333334 0.023333333333333334
0 0.13166666666666665 0.42833333333333334 0.028333333333333332 0.028333333333333332
0 0.13833333333333334 0.27666666666666667 0.023333333333333334 0.023333333333333334
0 0.15666666666666668 0.3516666666666667 0.023333333333333334 0.023333333333333334
0 0.18 0.6666666666666666 0.02666666666666667 0.023333333333333334
0 0.29833333333333334 0.6533333333333333 0.02 0.023333333333333334
0 0.18166666666666667 0.7383333333333333 0.02 0.023333333333333334
0 0.2783333333333333 0.7933333333333333 0.023333333333333334 0.023333333333333334
0 0.3283333333333333 0.8133333333333334 0.02 0.023333333333333334
0 0.37666666666666665 0.865 0.02666666666666667 0.023333333333333334
0 0.25833333333333336 0.9333333333333333 0.02666666666666667 0.02666666666666667
0 0.045 0.5983333333333334 0.02666666666666667 0.02666666666666667
0 0.04833333333333333 0.78 0.02666666666666667 0.02666666666666667
0 0.10333333333333333 0.725 0.023333333333333334 0.023333333333333334
0 0.22333333333333333 0.5783333333333334 0.023333333333333334 0.023333333333333334
0 0.41 0.865 0.023333333333333334 0.023333333333333334
0 0.08166666666666667 0.6133333333333333 0.023333333333333334 0.023333333333333334
0 0.07833333333333334 0.49333333333333335 0.03333333333333333 0.025
0 0.25 0.16833333333333333 0.025 0.025
0 0.9866666666666667 0.65 0.02666666666666667 0.02666666666666667