0 0.8566666666666667 0.98 0.03 0.02666666666666667
0 0.8566666666666667 0.9033333333333333 0.02666666666666667 0.03333333333333333
0 0.685 0.685 0.02666666666666667 0.023333333333333334
0 0.8216666666666667 0.75 0.023333333333333334 0.02666666666666667
0 0.058333333333333334 0.8383333333333334 0.023333333333333334 0.025
0 0.6033333333333334 0.6616666666666666 0.02666666666666667 0.02666666666666667
0 0.6 0.645 0.02666666666666667 0.025
0 0.89 0.6983333333333334 0.03333333333333333 0.02666666666666667
0 0.8783333333333333 0.7133333333333334 0.02666666666666667 0.023333333333333334
0 0.765 0.89 0.021666666666666667 0.023333333333333334
0 0.78 0.87 0.02 0.023333333333333334
0 0.705 0.9233333333333333 0.025 0.02
0 0.9233333333333333 0.7916666666666666 0.025 0.025
0 0.6333333333333333 0.8616666666666667 0.023333333333333334 0.023333333333333334
0 0.5783333333333334 0.5516666666666666 0.02 0.02
0 0.5383333333333333 0.6333333333333333 0.023333333333333334 0.02
0 0.6283333333333333 0.7366666666666667 0.02 0.02
0 0.955 0.8633333333333333 0.023333333333333334 0.02
0 0.30333333333333334 0.7316666666666667 0.023333333333333334 0.025
0 0.8216666666666667 0.9383333333333334 0.02 0.03
0 0.45666666666666667 0.5566666666666666 0.02 0.02
0 0.9033333333333333 0.8183333333333334 0.021666666666666667 0.02
0 0.43166666666666664 0.5216666666666666 0.02666666666666667 0.023333333333333334
0 0.42833333333333334 0.385 0.021666666666666667 0.023333333333333334
0 0.5216666666666666 0.47 0.023333333333333334 0.025
0 0.5033333333333333 0.4483333333333333 0.023333333333333334 0.023333333333333334
0 0.415 0.4116666666666667 0.02 0.02
0 0.425 0.355 0.025 0.023333333333333334
0 0.865 0.82 0.02 0.021666666666666667
0 0.7216666666666667 0.9033333333333333 0.021666666666666667 0.023333333333333334