0 0.505 0.38666666666666666 0.023333333333333334 0.02
0 0.44 0.4216666666666667 0.023333333333333334 0.02
0 0.12166666666666667 0.16333333333333333 0.02666666666666667 0.02
0 0.13833333333333334 0.15333333333333332 0.023333333333333334 0.02
0 0.40166666666666667 0.6433333333333333 0.02666666666666667 0.023333333333333334
0 0.34833333333333333 0.7066666666666667 0.02666666666666667 0.02666666666666667
0 0.37833333333333335 0.8383333333333334 0.023333333333333334 0.023333333333333334
0 0.36 0.8566666666666667 0.02666666666666667 0.023333333333333334
0 0.4116666666666667 0.8566666666666667 0.02 0.02666666666666667
0 0.4266666666666667 0.8233333333333334 0.02 0.023333333333333334
0 0.19 0.6583333333333333 0.03333333333333333 0.023333333333333334
0 0.36666666666666664 0.745 0.023333333333333334 0.023333333333333334