0 0.25333333333333335 0.04666666666666667 0.023333333333333334 0.02666666666666667
0 0.355 0.04666666666666667 0.023333333333333334 0.023333333333333334
0 0.38 0.058333333333333334 0.02666666666666667 0.02
0 0.36666666666666664 0.10833333333333334 0.02 0.02666666666666667
0 0.2 0.11333333333333333 0.028333333333333332 0.03
0 0.8416666666666667 0.4483333333333333 0.03 0.03333333333333333
0 0.835 0.28 0.02666666666666667 0.02666666666666667
0 0.715 0.14 0.021666666666666667 0.025
0 0.7383333333333333 0.13333333333333333 0.028333333333333332 0.02666666666666667
0 0.7783333333333333 0.17666666666666667 0.03 0.02
0 0.9166666666666666 0.4 0.02 0.023333333333333334
0 0.9533333333333334 0.39666666666666667 0.03 0.03
0 0.9183333333333333 0.37833333333333335 0.02666666666666667 0.02666666666666667
0 0.8483333333333334 0.20833333333333334 0.02666666666666667 0.03
0 0.5283333333333333 0.15833333333333333 0.02666666666666667 0.023333333333333334
0 0.5433333333333333 0.09 0.021666666666666667 0.025
0 0.71 0.10333333333333333 0.028333333333333332 0.028333333333333332
0 0.64 0.345 0.02 0.02
0 0.605 0.043333333333333335 0.02666666666666667 0.023333333333333334
0 0.2 0.72 0.02 0.023333333333333334
0 0.985 0.6483333333333333 0.02666666666666667 0.03
0 0.835 0.5916666666666667 0.03 0.02666666666666667
0 0.6016666666666667 0.7533333333333333 0.023333333333333334 0.02666666666666667
0 0.835 0.6833333333333333 0.035 0.02666666666666667
0 0.56 0.013333333333333334 0.023333333333333334 0.02
0 0.9883333333333333 0.5683333333333334 0.021666666666666667 0.028333333333333332
0 0.8066666666666666 0.35 0.02666666666666667 0.028333333333333332
0 0.6383333333333333 0.29333333333333333 0.025 0.023333333333333334
0 0.6783333333333333 0.07 0.023333333333333334 0.02666666666666667
0 0.9516666666666667 0.31333333333333335 0.028333333333333332 0.025
0 0.8966666666666666 0.31166666666666665 0.02666666666666667 0.03
0 0.6666666666666666 0.31833333333333336 0.023333333333333334 0.025
0 0.5316666666666666 0.9683333333333334 0.02666666666666667 0.03833333333333333
0 0.8483333333333334 0.35333333333333333 0.02666666666666667 0.028333333333333332
0 0.2966666666666667 0.5133333333333333 0.025 0.023333333333333334
0 0.755 0.24666666666666667 0.025 0.025
0 0.63 0.755 0.02666666666666667 0.025