0 0.35333333333333333 0.6816666666666666 0.03333333333333333 0.03
0 0.19166666666666668 0.8133333333333334 0.023333333333333334 0.03
0 0.30333333333333334 0.7833333333333333 0.023333333333333334 0.03333333333333333
0 0.12333333333333334 0.6383333333333333 0.023333333333333334 0.023333333333333334
0 0.3333333333333333 0.6016666666666667 0.023333333333333334 0.02
0 0.25333333333333335 0.735 0.02 0.02
0 0.11833333333333333 0.845 0.02666666666666667 0.02666666666666667
0 0.18166666666666667 0.9566666666666667 0.03 0.03
0 0.43666666666666665 0.825 0.03666666666666667 0.03166666666666667
0 0.26666666666666666 0.8866666666666667 0.02 0.02
0 0.19166666666666668 0.6316666666666667 0.02666666666666667 0.023333333333333334
0 0.18333333333333332 0.6566666666666666 0.02666666666666667 0.023333333333333334
0 0.43833333333333335 0.4116666666666667 0.02666666666666667 0.02666666666666667
0 0.04833333333333333 0.765 0.023333333333333334 0.023333333333333334
0 0.38 0.7583333333333333 0.02 0.02
0 0.22833333333333333 0.7316666666666667 0.023333333333333334 0.023333333333333334
0 0.22833333333333333 0.5066666666666667 0.023333333333333334 0.023333333333333334
0 0.22666666666666666 0.7083333333333334 0.023333333333333334 0.023333333333333334
0 0.3933333333333333 0.7033333333333334 0.023333333333333334 0.023333333333333334
0 0.3433333333333333 0.5133333333333333 0.023333333333333334 0.023333333333333334
0 0.9683333333333334 0.7983333333333333 0.02666666666666667 0.02666666666666667
0 0.8133333333333334 0.9433333333333334 0.03 0.03333333333333333
0 0.5766666666666667 0.9466666666666667 0.023333333333333334 0.02666666666666667
0 0.6366666666666667 0.9466666666666667 0.02666666666666667 0.02
0 0.7066666666666667 0.9316666666666666 0.023333333333333334 0.023333333333333334
0 0.6433333333333333 0.9033333333333333 0.023333333333333334 0.02666666666666667
0 0.6833333333333333 0.9233333333333333 0.02 0.02
0 0.65 0.9316666666666666 0.02 0.02
0 0.8383333333333334 0.9233333333333333 0.02666666666666667 0.02
0 0.7133333333333334 0.8416666666666667 0.02666666666666667 0.023333333333333334
0 0.8283333333333334 0.9 0.02 0.02666666666666667
0 0.7966666666666666 0.9116666666666666 0.02666666666666667 0.02
0 0.7933333333333333 0.9866666666666667 0.023333333333333334 0.023333333333333334
0 0.6883333333333334 0.84 0.023333333333333334 0.023333333333333334
0 0.8816666666666667 0.43166666666666664 0.03333333333333333 0.03
0 0.8833333333333333 0.36833333333333335 0.02666666666666667 0.02666666666666667
0 0.7083333333333334 0.4666666666666667 0.023333333333333334 0.023333333333333334
0 0.815 0.51 0.023333333333333334 0.023333333333333334
0 0.9066666666666666 0.38 0.023333333333333334 0.023333333333333334
0 0.84 0.405 0.028333333333333332 0.03
0 0.15166666666666667 0.59 0.02666666666666667 0.02666666666666667