0 0.8016666666666666 0.5766666666666667 0.023333333333333334 0.02666666666666667
0 0.725 0.5883333333333334 0.02 0.02666666666666667
0 0.7683333333333333 0.655 0.03 0.03
0 0.8466666666666667 0.6616666666666666 0.023333333333333334 0.02666666666666667
0 0.9516666666666667 0.72 0.02666666666666667 0.02666666666666667
0 0.6916666666666667 0.6066666666666667 0.025 0.03
0 0.565 0.5683333333333334 0.023333333333333334 0.023333333333333334
0 0.8816666666666667 0.6566666666666666 0.02666666666666667 0.03
0 0.785 0.64 0.03 0.02666666666666667
0 0.9583333333333334 0.53 0.02 0.02
0 0.715 0.5316666666666666 0.023333333333333334 0.023333333333333334
0 0.8566666666666667 0.6216666666666667 0.03 0.03
0 0.945 0.7033333333333334 0.02 0.02
0 0.6683333333333333 0.5283333333333333 0.02666666666666667 0.02666666666666667
0 0.3233333333333333 0.635 0.02666666666666667 0.02666666666666667
0 0.3233333333333333 0.6683333333333333 0.023333333333333334 0.02
0 0.40166666666666667 0.6966666666666667 0.03 0.03
0 0.26666666666666666 0.7783333333333333 0.023333333333333334 0.023333333333333334
0 0.4866666666666667 0.7283333333333334 0.023333333333333334 0.023333333333333334
0 0.72 0.455 0.03 0.03333333333333333
0 0.8416666666666667 0.44666666666666666 0.023333333333333334 0.02666666666666667
0 0.8666666666666667 0.4483333333333333 0.02 0.02
0 0.7033333333333334 0.41 0.023333333333333334 0.02666666666666667
0 0.7933333333333333 0.4066666666666667 0.02666666666666667 0.023333333333333334
0 0.6883333333333334 0.4683333333333333 0.03 0.03333333333333333
0 0.8833333333333333 0.48 0.023333333333333334 0.023333333333333334
0 0.5183333333333333 0.6716666666666666 0.03333333333333333 0.035
0 0.8316666666666667 0.4116666666666667 0.02 0.025