0 0.22833333333333333 0.92 0.03 0.02666666666666667
0 0.17833333333333334 0.8783333333333333 0.023333333333333334 0.02
0 0.06833333333333333 0.7966666666666666 0.02666666666666667 0.02666666666666667
0 0.06833333333333333 0.75 0.03 0.02666666666666667
0 0.10666666666666667 0.7966666666666666 0.02 0.023333333333333334
0 0.28 0.87 0.023333333333333334 0.023333333333333334
0 0.36833333333333335 0.9066666666666666 0.02 0.02
0 0.395 0.8816666666666667 0.023333333333333334 0.02
0 0.7633333333333333 0.9383333333333334 0.03 0.03
0 0.05333333333333334 0.6016666666666667 0.02666666666666667 0.03
0 0.7033333333333334 0.625 0.023333333333333334 0.023333333333333334
0 0.8566666666666667 0.5516666666666666 0.023333333333333334 0.02
0 0.21166666666666667 0.8833333333333333 0.02 0.02666666666666667
0 0.26 0.9483333333333334 0.02666666666666667 0.02666666666666667
0 0.7016666666666667 0.895 0.03 0.02666666666666667
0 0.11666666666666667 0.8083333333333333 0.02666666666666667 0.023333333333333334
0 0.8383333333333334 0.565 0.023333333333333334 0.023333333333333334
0 0.44166666666666665 0.11833333333333333 0.02666666666666667 0.03
0 0.4866666666666667 0.15666666666666668 0.02 0.023333333333333334
0 0.575 0.10333333333333333 0.03 0.023333333333333334
0 0.5933333333333334 0.055 0.02 0.03
0 0.6166666666666667 0.035 0.02 0.023333333333333334
0 0.11833333333333333 0.23166666666666666 0.03 0.023333333333333334
0 0.4166666666666667 0.14666666666666667 0.02 0.023333333333333334
0 0.4033333333333333 0.22833333333333333 0.02 0.02
0 0.6 0.17333333333333334 0.02666666666666667 0.02666666666666667
0 0.6566666666666666 0.36 0.03 0.02666666666666667