0 0.20666666666666667 0.27166666666666667 0.03 0.023333333333333334
0 0.18833333333333332 0.37 0.02666666666666667 0.02666666666666667
0 0.275 0.3016666666666667 0.03 0.03
0 0.30833333333333335 0.315 0.03 0.02666666666666667
0 0.6 0.8733333333333333 0.03 0.03
0 0.8516666666666667 0.6966666666666667 0.02666666666666667 0.023333333333333334
0 0.85 0.655 0.03 0.023333333333333334
0 0.97 0.7283333333333334 0.025 0.023333333333333334
0 0.47333333333333333 0.7433333333333333 0.02666666666666667 0.03
0 0.5016666666666667 0.745 0.03 0.03333333333333333
0 0.845 0.7583333333333333 0.028333333333333332 0.02666666666666667