0 0.855 0.021666666666666667 0.02666666666666667 0.03
0 0.6283333333333333 0.02666666666666667 0.02666666666666667 0.02666666666666667
0 0.735 0.25333333333333335 0.025 0.02666666666666667
0 0.7733333333333333 0.03666666666666667 0.02666666666666667 0.028333333333333332
0 0.9316666666666666 0.02 0.02 0.02
0 0.9183333333333333 0.011666666666666667 0.02 0.016666666666666666
0 0.8783333333333333 0.05333333333333334 0.02 0.023333333333333334
0 0.75 0.07666666666666666 0.02666666666666667 0.02
0 0.8266666666666667 0.16333333333333333 0.023333333333333334 0.02
0 0.6483333333333333 0.12333333333333334 0.023333333333333334 0.023333333333333334
0 0.5533333333333333 0.265 0.03 0.03
0 0.5733333333333334 0.08333333333333333 0.023333333333333334 0.023333333333333334
0 0.5633333333333334 0.4666666666666667 0.023333333333333334 0.025
0 0.6616666666666666 0.965 0.023333333333333334 0.025
0 0.6033333333333334 0.5416666666666666 0.021666666666666667 0.02666666666666667
0 0.6283333333333333 0.5833333333333334 0.023333333333333334 0.023333333333333334
0 0.6766666666666666 0.5433333333333333 0.02 0.023333333333333334
0 0.31333333333333335 0.11333333333333333 0.025 0.025
0 0.8516666666666667 0.125 0.023333333333333334 0.023333333333333334
0 0.725 0.5233333333333333 0.02 0.025
0 0.675 0.49666666666666665 0.02666666666666667 0.03666666666666667
0 0.09 0.15833333333333333 0.03 0.02666666666666667
0 0.7433333333333333 0.18 0.023333333333333334 0.025
0 0.6283333333333333 0.225 0.023333333333333334 0.02666666666666667
0 0.7616666666666667 0.18166666666666667 0.02 0.028333333333333332