0 0.9683333333333334 0.25 0.03 0.028333333333333332
0 0.9816666666666667 0.16833333333333333 0.028333333333333332 0.03
0 0.2783333333333333 0.8216666666666667 0.03166666666666667 0.03166666666666667
0 0.3466666666666667 0.8916666666666667 0.02 0.02
0 0.56 0.6516666666666666 0.02 0.02
0 0.8216666666666667 0.965 0.023333333333333334 0.025
0 0.745 0.8983333333333333 0.02 0.02
0 0.5433333333333333 0.63 0.023333333333333334 0.023333333333333334
0 0.6083333333333333 0.5133333333333333 0.02 0.02
0 0.47 0.9583333333333334 0.028333333333333332 0.03166666666666667
0 0.41833333333333333 0.6266666666666667 0.016666666666666666 0.023333333333333334
0 0.44666666666666666 0.6366666666666667 0.02 0.02
0 0.4216666666666667 0.7566666666666667 0.02666666666666667 0.023333333333333334
0 0.8116666666666666 0.9116666666666666 0.02666666666666667 0.028333333333333332
0 0.6133333333333333 0.91 0.023333333333333334 0.023333333333333334
0 0.13333333333333333 0.7716666666666666 0.023333333333333334 0.023333333333333334
0 0.09333333333333334 0.63 0.02666666666666667 0.028333333333333332
0 0.22666666666666666 0.42 0.02 0.023333333333333334
0 0.33166666666666667 0.8016666666666666 0.023333333333333334 0.02
0 0.3333333333333333 0.7833333333333333 0.02 0.02
0 0.2966666666666667 0.8516666666666667 0.02666666666666667 0.02
0 0.29833333333333334 0.8616666666666667 0.023333333333333334 0.023333333333333334
0 0.29833333333333334 0.11 0.02 0.023333333333333334
0 0.41833333333333333 0.24166666666666667 0.023333333333333334 0.023333333333333334
0 0.8033333333333333 0.8633333333333333 0.028333333333333332 0.03166666666666667
0 0.8416666666666667 0.8266666666666667 0.02 0.023333333333333334
0 0.615 0.9483333333333334 0.02 0.023333333333333334
0 0.14166666666666666 0.32 0.023333333333333334 0.02666666666666667
0 0.635 0.7033333333333334 0.02666666666666667 0.02666666666666667
0 0.7166666666666667 0.6633333333333333 0.023333333333333334 0.023333333333333334
0 0.5866666666666667 0.6166666666666667 0.02666666666666667 0.02666666666666667
0 0.145 0.7216666666666667 0.02 0.023333333333333334
0 0.6233333333333333 0.745 0.023333333333333334 0.023333333333333334
0 0.9033333333333333 0.8783333333333333 0.02666666666666667 0.02666666666666667
0 0.8833333333333333 0.7783333333333333 0.02666666666666667 0.02666666666666667
0 0.24 0.255 0.023333333333333334 0.023333333333333334
0 0.7716666666666666 0.8233333333333334 0.023333333333333334 0.023333333333333334
0 0.5366666666666666 0.7366666666666667 0.023333333333333334 0.023333333333333334
0 0.42833333333333334 0.6783333333333333 0.02666666666666667 0.02
0 0.45166666666666666 0.7133333333333334 0.02666666666666667 0.023333333333333334
0 0.535 0.7033333333333334 0.023333333333333334 0.02
0 0.49333333333333335 0.7833333333333333 0.023333333333333334 0.023333333333333334
0 0.08666666666666667 0.225 0.023333333333333334 0.023333333333333334
0 0.6916666666666667 0.6516666666666666 0.023333333333333334 0.02
0 0.83 0.4866666666666667 0.025 0.028333333333333332
0 0.31333333333333335 0.7133333333333334 0.02666666666666667 0.02666666666666667