0 0.5266666666666666 0.39166666666666666 0.03333333333333333 0.023333333333333334
0 0.6466666666666666 0.2966666666666667 0.03 0.023333333333333334
0 0.5816666666666667 0.06666666666666667 0.03333333333333333 0.03
0 0.07833333333333334 0.37166666666666665 0.03 0.03
0 0.5016666666666667 0.54 0.02666666666666667 0.023333333333333334
0 0.5066666666666667 0.4766666666666667 0.023333333333333334 0.03
0 0.335 0.19666666666666666 0.02666666666666667 0.023333333333333334
0 0.3383333333333333 0.16166666666666665 0.03 0.023333333333333334
0 0.45 0.23 0.023333333333333334 0.023333333333333334
0 0.6166666666666667 0.5316666666666666 0.02 0.02
0 0.6166666666666667 0.51 0.02666666666666667 0.02
0 0.2833333333333333 0.7833333333333333 0.028333333333333332 0.02666666666666667
0 0.04 0.6933333333333334 0.03333333333333333 0.03333333333333333
0 0.018333333333333333 0.09 0.02 0.02
0 0.3283333333333333 0.25833333333333336 0.025 0.021666666666666667
0 0.5383333333333333 0.49 0.025 0.025
0 0.5883333333333334 0.45166666666666666 0.03166666666666667 0.03
0 0.17333333333333334 0.7966666666666666 0.03333333333333333 0.035
0 0.8216666666666667 0.8616666666666667 0.023333333333333334 0.02666666666666667
0 0.7583333333333333 0.955 0.028333333333333332 0.023333333333333334