0 0.37666666666666665 0.5816666666666667 0.03 0.02666666666666667
0 0.365 0.4583333333333333 0.03 0.03
0 0.43833333333333335 0.495 0.023333333333333334 0.023333333333333334
0 0.4116666666666667 0.48833333333333334 0.02666666666666667 0.02666666666666667
0 0.41833333333333333 0.6316666666666667 0.02666666666666667 0.02666666666666667
0 0.03666666666666667 0.30333333333333334 0.02666666666666667 0.03
0 0.03833333333333333 0.275 0.023333333333333334 0.03333333333333333
0 0.07333333333333333 0.445 0.02666666666666667 0.03
0 0.215 0.46 0.02666666666666667 0.04
0 0.35333333333333333 0.39666666666666667 0.03 0.02666666666666667
0 0.48333333333333334 0.4716666666666667 0.035 0.03166666666666667
0 0.12166666666666667 0.34833333333333333 0.023333333333333334 0.02666666666666667
0 0.3416666666666667 0.5633333333333334 0.023333333333333334 0.025
0 0.43166666666666664 0.6133333333333333 0.023333333333333334 0.03
0 0.25 0.3233333333333333 0.023333333333333334 0.023333333333333334
0 0.32666666666666666 0.3933333333333333 0.023333333333333334 0.025
0 0.48833333333333334 0.5033333333333333 0.02666666666666667 0.03
0 0.8283333333333334 0.11833333333333333 0.02 0.02666666666666667
0 0.5683333333333334 0.6816666666666666 0.02666666666666667 0.03
0 0.7833333333333333 0.6883333333333334 0.023333333333333334 0.02666666666666667
0 0.9833333333333333 0.87 0.03 0.02
0 0.9866666666666667 0.8366666666666667 0.023333333333333334 0.03
0 0.7683333333333333 0.5916666666666667 0.03 0.03
0 0.9083333333333333 0.6783333333333333 0.02 0.03
0 0.8533333333333334 0.6933333333333334 0.02666666666666667 0.02666666666666667
0 0.735 0.6283333333333333 0.02 0.03
0 0.5616666666666666 0.5266666666666666 0.02666666666666667 0.02666666666666667
0 0.5733333333333334 0.63 0.023333333333333334 0.02
0 0.5333333333333333 0.565 0.02666666666666667 0.02
0 0.67 0.5566666666666666 0.03666666666666667 0.04
0 0.7466666666666667 0.7283333333333334 0.023333333333333334 0.03
0 0.5133333333333333 0.595 0.023333333333333334 0.023333333333333334
0 0.6733333333333333 0.6116666666666667 0.023333333333333334 0.02
0 0.7866666666666666 0.8283333333333334 0.02 0.02
0 0.5316666666666666 0.5083333333333333 0.02 0.02
0 0.63 0.5433333333333333 0.025 0.03333333333333333
0 0.6416666666666667 0.6233333333333333 0.023333333333333334 0.023333333333333334
0 0.525 0.4266666666666667 0.02666666666666667 0.03
0 0.6866666666666666 0.755 0.035 0.03666666666666667
0 0.735 0.6 0.02666666666666667 0.028333333333333332
0 0.5983333333333334 0.5116666666666667 0.02666666666666667 0.023333333333333334
0 0.5333333333333333 0.49 0.02666666666666667 0.02
0 0.8633333333333333 0.6716666666666666 0.023333333333333334 0.02666666666666667
0 0.5866666666666667 0.4816666666666667 0.03 0.028333333333333332
0 0.30666666666666664 0.38166666666666665 0.018333333333333333 0.023333333333333334
0 0.5133333333333333 0.6766666666666666 0.028333333333333332 0.025