0 0.5316666666666666 0.6083333333333333 0.02 0.02666666666666667
0 0.5883333333333334 0.97 0.02 0.023333333333333334
0 0.7233333333333334 0.915 0.02 0.023333333333333334
0 0.7116666666666667 0.9516666666666667 0.02666666666666667 0.03
0 0.655 0.985 0.02 0.02666666666666667
0 0.81 0.9733333333333334 0.02666666666666667 0.02666666666666667
0 0.8316666666666667 0.99 0.023333333333333334 0.02
0 0.9733333333333334 0.95 0.02 0.023333333333333334
0 0.7216666666666667 0.08166666666666667 0.03 0.02
0 0.8983333333333333 0.36333333333333334 0.02 0.02
0 0.8616666666666667 0.3466666666666667 0.02 0.023333333333333334
0 0.915 0.13166666666666665 0.02 0.02
0 0.35833333333333334 0.44333333333333336 0.02666666666666667 0.03
0 0.17666666666666667 0.25666666666666665 0.02666666666666667 0.02666666666666667
0 0.32166666666666666 0.20666666666666667 0.02666666666666667 0.02666666666666667
0 0.175 0.48833333333333334 0.02666666666666667 0.025
0 0.15333333333333332 0.2816666666666667 0.03 0.02666666666666667
0 0.30666666666666664 0.4583333333333333 0.02666666666666667 0.02
0 0.19166666666666668 0.3983333333333333 0.02 0.023333333333333334
0 0.17666666666666667 0.335 0.03 0.023333333333333334
0 0.475 0.33666666666666667 0.02666666666666667 0.02666666666666667
0 0.4766666666666667 0.2966666666666667 0.02 0.02
0 0.4266666666666667 0.3933333333333333 0.023333333333333334 0.023333333333333334
0 0.2866666666666667 0.21666666666666667 0.023333333333333334 0.023333333333333334
0 0.4533333333333333 0.3233333333333333 0.02666666666666667 0.02666666666666667
0 0.20666666666666667 0.27166666666666667 0.023333333333333334 0.023333333333333334
0 0.20333333333333334 0.25166666666666665 0.02 0.02
0 0.40166666666666667 0.49833333333333335 0.02666666666666667 0.02
0 0.16333333333333333 0.52 0.03 0.02
0 0.43166666666666664 0.11333333333333333 0.023333333333333334 0.023333333333333334
0 0.22166666666666668 0.33666666666666667 0.02 0.023333333333333334
0 0.37166666666666665 0.9666666666666667 0.028333333333333332 0.028333333333333332