0 0.295 0.7316666666666667 0.023333333333333334 0.025
0 0.375 0.62 0.023333333333333334 0.023333333333333334
0 0.4483333333333333 0.7566666666666667 0.023333333333333334 0.02666666666666667
0 0.4066666666666667 0.8083333333333333 0.03 0.023333333333333334
0 0.4116666666666667 0.8533333333333334 0.023333333333333334 0.023333333333333334
0 0.315 0.9583333333333334 0.03 0.023333333333333334
0 0.34833333333333333 0.9566666666666667 0.023333333333333334 0.023333333333333334
0 0.3516666666666667 0.9033333333333333 0.023333333333333334 0.025
0 0.3283333333333333 0.6633333333333333 0.023333333333333334 0.023333333333333334
0 0.5166666666666667 0.9816666666666667 0.03333333333333333 0.03
0 0.3233333333333333 0.91 0.03 0.03
0 0.36333333333333334 0.9266666666666666 0.02666666666666667 0.023333333333333334