0 0.9333333333333333 0.6766666666666666 0.03 0.023333333333333334
0 0.935 0.7416666666666667 0.02666666666666667 0.03
0 0.8933333333333333 0.7683333333333333 0.03 0.023333333333333334
0 0.9016666666666666 0.775 0.02 0.02
0 0.89 0.875 0.03 0.023333333333333334
0 0.85 0.78 0.025 0.02
0 0.6016666666666667 0.5833333333333334 0.02666666666666667 0.02
0 0.8283333333333334 0.945 0.02666666666666667 0.023333333333333334
0 0.845 0.9666666666666667 0.02666666666666667 0.023333333333333334
0 0.845 0.9316666666666666 0.02 0.023333333333333334
0 0.9783333333333334 0.8716666666666667 0.02666666666666667 0.02
0 0.9766666666666667 0.855 0.03 0.02
0 0.7133333333333334 0.5633333333333334 0.03 0.03
0 0.8133333333333334 0.6516666666666666 0.02666666666666667 0.02666666666666667
0 0.5616666666666666 0.5866666666666667 0.03 0.016666666666666666
0 0.04666666666666667 0.765 0.02666666666666667 0.02666666666666667
0 0.06666666666666667 0.6316666666666667 0.028333333333333332 0.02666666666666667
0 0.08333333333333333 0.9333333333333333 0.03 0.023333333333333334
0 0.17666666666666667 0.82 0.023333333333333334 0.02666666666666667
0 0.22166666666666668 0.7916666666666666 0.03 0.03
0 0.425 0.5333333333333333 0.028333333333333332 0.023333333333333334
0 0.47833333333333333 0.5783333333333334 0.02666666666666667 0.02666666666666667
0 0.2733333333333333 0.7266666666666667 0.021666666666666667 0.023333333333333334
0 0.9316666666666666 0.08166666666666667 0.02666666666666667 0.02666666666666667
0 0.5683333333333334 0.405 0.02666666666666667 0.023333333333333334
0 0.5416666666666666 0.38 0.025 0.02666666666666667
0 0.805 0.02 0.03 0.02666666666666667
0 0.7783333333333333 0.385 0.025 0.028333333333333332
0 0.5483333333333333 0.11333333333333333 0.025 0.02666666666666667
0 0.45 0.29833333333333334 0.023333333333333334 0.023333333333333334
0 0.4266666666666667 0.2833333333333333 0.025 0.018333333333333333
0 0.3516666666666667 0.23166666666666666 0.02666666666666667 0.023333333333333334
0 0.43333333333333335 0.225 0.023333333333333334 0.025
0 0.36333333333333334 0.29333333333333333 0.023333333333333334 0.023333333333333334
0 0.33 0.25833333333333336 0.02 0.023333333333333334
0 0.38 0.22 0.02666666666666667 0.02666666666666667
0 0.445 0.42 0.02666666666666667 0.023333333333333334
0 0.31166666666666665 0.33 0.03 0.03
0 0.43666666666666665 0.4583333333333333 0.03 0.03
0 0.34 0.16333333333333333 0.03 0.03
0 0.45666666666666667 0.2683333333333333 0.02666666666666667 0.02666666666666667
0 0.485 0.25333333333333335 0.02666666666666667 0.02666666666666667
0 0.405 0.335 0.023333333333333334 0.02
0 0.4766666666666667 0.23333333333333334 0.023333333333333334 0.023333333333333334
0 0.285 0.16166666666666665 0.03166666666666667 0.021666666666666667
0 0.3283333333333333 0.20666666666666667 0.02666666666666667 0.02666666666666667
0 0.2833333333333333 0.18166666666666667 0.02666666666666667 0.018333333333333333
0 0.41833333333333333 0.17333333333333334 0.02666666666666667 0.02666666666666667
0 0.37666666666666665 0.41 0.03 0.03
0 0.99 0.8266666666666667 0.02 0.02666666666666667
0 0.7116666666666667 0.505 0.021666666666666667 0.025
0 0.735 0.48833333333333334 0.02666666666666667 0.023333333333333334
0 0.5916666666666667 0.4716666666666667 0.025 0.028333333333333332
0 0.4166666666666667 0.26666666666666666 0.02666666666666667 0.021666666666666667
0 0.5733333333333334 0.5716666666666667 0.025 0.021666666666666667
0 0.6283333333333333 0.49833333333333335 0.028333333333333332 0.02666666666666667
0 0.5483333333333333 0.07 0.021666666666666667 0.025