0 0.97 0.8233333333333334 0.03 0.03
0 0.9783333333333334 0.8033333333333333 0.023333333333333334 0.03
0 0.9616666666666667 0.7816666666666666 0.023333333333333334 0.023333333333333334
0 0.9483333333333334 0.76 0.02666666666666667 0.03
0 0.875 0.69 0.03 0.03
0 0.86 0.6683333333333333 0.02 0.02
0 0.9083333333333333 0.67 0.02666666666666667 0.02666666666666667
0 0.9166666666666666 0.6316666666666667 0.023333333333333334 0.023333333333333334
0 0.9533333333333334 0.685 0.021666666666666667 0.023333333333333334
0 0.8983333333333333 0.7333333333333333 0.03 0.025
0 0.7916666666666666 0.7016666666666667 0.02666666666666667 0.023333333333333334
0 0.8316666666666667 0.73 0.02666666666666667 0.02
0 0.8366666666666667 0.6616666666666666 0.02666666666666667 0.023333333333333334
0 0.87 0.625 0.028333333333333332 0.02666666666666667
0 0.9033333333333333 0.5816666666666667 0.023333333333333334 0.023333333333333334
0 0.8716666666666667 0.5866666666666667 0.03 0.023333333333333334
0 0.8283333333333334 0.56 0.03333333333333333 0.03
0 0.7266666666666667 0.575 0.023333333333333334 0.02666666666666667
0 0.8266666666666667 0.595 0.03 0.02666666666666667
0 0.7883333333333333 0.9466666666666667 0.02666666666666667 0.02666666666666667
0 0.57 0.33666666666666667 0.02666666666666667 0.02
0 0.9083333333333333 0.16333333333333333 0.02666666666666667 0.03
0 0.73 0.08833333333333333 0.023333333333333334 0.023333333333333334
0 0.10166666666666667 0.04833333333333333 0.023333333333333334 0.03
0 0.25166666666666665 0.023333333333333334 0.03 0.03
0 0.36833333333333335 0.15666666666666668 0.03 0.02666666666666667
0 0.37333333333333335 0.17333333333333334 0.03 0.02666666666666667
0 0.205 0.07 0.03 0.02666666666666667
0 0.41333333333333333 0.20833333333333334 0.03 0.03
0 0.43333333333333335 0.16666666666666666 0.03 0.02666666666666667
0 0.43 0.14166666666666666 0.02666666666666667 0.023333333333333334
0 0.43666666666666665 0.04666666666666667 0.03 0.023333333333333334
0 0.49333333333333335 0.215 0.028333333333333332 0.02666666666666667
0 0.45666666666666667 0.25 0.02 0.02666666666666667
0 0.46166666666666667 0.2816666666666667 0.02666666666666667 0.02666666666666667
0 0.4816666666666667 0.2916666666666667 0.03 0.023333333333333334
0 0.12666666666666668 0.38333333333333336 0.03 0.023333333333333334
0 0.15333333333333332 0.47833333333333333 0.023333333333333334 0.02
0 0.18166666666666667 0.4683333333333333 0.023333333333333334 0.023333333333333334
0 0.3883333333333333 0.47833333333333333 0.02666666666666667 0.023333333333333334
0 0.22166666666666668 0.5883333333333334 0.03 0.03
0 0.19333333333333333 0.5766666666666667 0.023333333333333334 0.023333333333333334
0 0.22166666666666668 0.49 0.023333333333333334 0.03
0 0.67 0.5283333333333333 0.02666666666666667 0.028333333333333332
0 0.5266666666666666 0.725 0.025 0.03333333333333333
0 0.575 0.65 0.02666666666666667 0.03
0 0.5133333333333333 0.405 0.025 0.021666666666666667
0 0.6716666666666666 0.9716666666666667 0.025 0.028333333333333332
0 0.9316666666666666 0.7333333333333333 0.023333333333333334 0.02666666666666667
0 0.5883333333333334 0.23666666666666666 0.025 0.025