0 0.9533333333333334 0.04833333333333333 0.023333333333333334 0.02
0 0.95 0.12 0.023333333333333334 0.02
0 0.9216666666666666 0.14 0.023333333333333334 0.023333333333333334
0 0.7133333333333334 0.21 0.023333333333333334 0.023333333333333334
0 0.7533333333333333 0.3383333333333333 0.02666666666666667 0.02666666666666667
0 0.6083333333333333 0.011666666666666667 0.02666666666666667 0.023333333333333334
0 0.64 0.011666666666666667 0.03 0.023333333333333334
0 0.6366666666666667 0.66 0.02666666666666667 0.02
0 0.68 0.16333333333333333 0.03 0.03
0 0.755 0.23833333333333334 0.025 0.023333333333333334
0 0.71 0.013333333333333334 0.028333333333333332 0.02
0 0.09 0.5933333333333334 0.025 0.03333333333333333
0 0.06333333333333334 0.6633333333333333 0.02666666666666667 0.03
0 0.145 0.68 0.02666666666666667 0.023333333333333334
0 0.03666666666666667 0.755 0.02666666666666667 0.03
0 0.12833333333333333 0.7633333333333333 0.03 0.02666666666666667
0 0.105 0.8033333333333333 0.023333333333333334 0.023333333333333334
0 0.43666666666666665 0.8483333333333334 0.02666666666666667 0.02666666666666667
0 0.44333333333333336 0.8083333333333333 0.023333333333333334 0.023333333333333334
0 0.4583333333333333 0.7816666666666666 0.02 0.023333333333333334
0 0.01 0.7233333333333334 0.02 0.03166666666666667
0 0.021666666666666667 0.6766666666666666 0.023333333333333334 0.023333333333333334
0 0.013333333333333334 0.6266666666666667 0.02666666666666667 0.02666666666666667
0 0.06 0.4866666666666667 0.02666666666666667 0.02666666666666667
0 0.13 0.49166666666666664 0.023333333333333334 0.02666666666666667
0 0.7916666666666666 0.215 0.025 0.025