0 0.10333333333333333 0.13333333333333333 0.023333333333333334 0.023333333333333334
0 0.035 0.24166666666666667 0.02 0.02666666666666667
0 0.19 0.29333333333333333 0.028333333333333332 0.03833333333333333
0 0.04666666666666667 0.375 0.023333333333333334 0.02666666666666667
0 0.16 0.4 0.02666666666666667 0.03666666666666667
0 0.058333333333333334 0.33 0.023333333333333334 0.023333333333333334
0 0.30666666666666664 0.7366666666666667 0.028333333333333332 0.03
0 0.28 0.6883333333333334 0.035 0.03
0 0.2816666666666667 0.715 0.023333333333333334 0.023333333333333334
0 0.25 0.68 0.02 0.02
0 0.34833333333333333 0.7983333333333333 0.02666666666666667 0.023333333333333334
0 0.21333333333333335 0.3283333333333333 0.035 0.03166666666666667
0 0.09833333333333333 0.3883333333333333 0.035 0.028333333333333332
0 0.08333333333333333 0.32666666666666666 0.02 0.02
0 0.1 0.3283333333333333 0.02 0.02
0 0.19166666666666668 0.37166666666666665 0.023333333333333334 0.02
0 0.14833333333333334 0.31833333333333336 0.02666666666666667 0.02
0 0.23166666666666666 0.715 0.023333333333333334 0.023333333333333334
0 0.165 0.61 0.03 0.03
0 0.39 0.15833333333333333 0.02666666666666667 0.02666666666666667
0 0.25333333333333335 0.09333333333333334 0.03 0.02666666666666667
0 0.36333333333333334 0.155 0.02666666666666667 0.02666666666666667
0 0.29333333333333333 0.006666666666666667 0.023333333333333334 0.013333333333333334
0 0.013333333333333334 0.42 0.023333333333333334 0.025
0 0.058333333333333334 0.5866666666666667 0.035 0.03166666666666667
0 0.06333333333333334 0.4216666666666667 0.028333333333333332 0.03
0 0.01 0.16166666666666665 0.02 0.03
0 0.15833333333333333 0.8833333333333333 0.02 0.018333333333333333
0 0.31333333333333335 0.7833333333333333 0.023333333333333334 0.025
0 0.008333333333333333 0.043333333333333335 0.015 0.02666666666666667