0 0.5916666666666667 0.6483333333333333 0.02666666666666667 0.02666666666666667
0 0.5733333333333334 0.625 0.03 0.03
0 0.5866666666666667 0.5916666666666667 0.02666666666666667 0.02
0 0.7133333333333334 0.5433333333333333 0.023333333333333334 0.02666666666666667
0 0.7566666666666667 0.5683333333333334 0.02 0.02
0 0.7083333333333334 0.8266666666666667 0.02666666666666667 0.02666666666666667
0 0.65 0.8583333333333333 0.03 0.03
0 0.695 0.8516666666666667 0.023333333333333334 0.023333333333333334
0 0.7166666666666667 0.94 0.02 0.021666666666666667
0 0.5466666666666666 0.7216666666666667 0.02666666666666667 0.02
0 0.5566666666666666 0.6783333333333333 0.03 0.02666666666666667
0 0.6233333333333333 0.8066666666666666 0.02666666666666667 0.02666666666666667
0 0.5683333333333334 0.9216666666666666 0.023333333333333334 0.023333333333333334
0 0.6 0.8433333333333334 0.03 0.02666666666666667
0 0.9016666666666666 0.5766666666666667 0.02666666666666667 0.02666666666666667
0 0.6533333333333333 0.8216666666666667 0.02666666666666667 0.02666666666666667
0 0.605 0.9466666666666667 0.023333333333333334 0.023333333333333334
0 0.7966666666666666 0.7683333333333333 0.021666666666666667 0.021666666666666667
0 0.6483333333333333 0.7366666666666667 0.02666666666666667 0.02666666666666667
0 0.595 0.705 0.02666666666666667 0.02666666666666667
0 0.7216666666666667 0.8616666666666667 0.02666666666666667 0.023333333333333334
0 0.7416666666666667 0.8633333333333333 0.02666666666666667 0.02666666666666667
0 0.5883333333333334 0.38166666666666665 0.02 0.02
0 0.6983333333333334 0.4166666666666667 0.02 0.023333333333333334
0 0.7433333333333333 0.4266666666666667 0.02 0.023333333333333334
0 0.7933333333333333 0.46166666666666667 0.023333333333333334 0.023333333333333334
0 0.32166666666666666 0.5416666666666666 0.03 0.02666666666666667
0 0.3516666666666667 0.5666666666666667 0.023333333333333334 0.02666666666666667
0 0.36666666666666664 0.5283333333333333 0.02666666666666667 0.02666666666666667
0 0.3466666666666667 0.51 0.02666666666666667 0.02
0 0.4216666666666667 0.5116666666666667 0.02666666666666667 0.02
0 0.45 0.6033333333333334 0.023333333333333334 0.02
0 0.4866666666666667 0.6116666666666667 0.028333333333333332 0.03
0 0.47333333333333333 0.6533333333333333 0.02666666666666667 0.023333333333333334
0 0.5016666666666667 0.645 0.023333333333333334 0.02
0 0.5283333333333333 0.6533333333333333 0.02666666666666667 0.023333333333333334
0 0.505 0.5633333333333334 0.02 0.02
0 0.4866666666666667 0.7466666666666667 0.02 0.02
0 0.125 0.7283333333333334 0.021666666666666667 0.023333333333333334
0 0.17666666666666667 0.735 0.018333333333333333 0.023333333333333334
0 0.16333333333333333 0.7483333333333333 0.02666666666666667 0.02666666666666667
0 0.03 0.8983333333333333 0.02666666666666667 0.02666666666666667
0 0.05 0.8616666666666667 0.02666666666666667 0.021666666666666667
0 0.27666666666666667 0.9016666666666666 0.023333333333333334 0.02
0 0.2916666666666667 0.8866666666666667 0.03333333333333333 0.02666666666666667
0 0.29333333333333333 0.9433333333333334 0.023333333333333334 0.023333333333333334
0 0.43833333333333335 0.7066666666666667 0.03 0.03
0 0.03833333333333333 0.95 0.03 0.025
0 0.5283333333333333 0.7566666666666667 0.02666666666666667 0.02666666666666667
0 0.31833333333333336 0.9266666666666666 0.023333333333333334 0.023333333333333334
0 0.05 0.8883333333333333 0.02666666666666667 0.023333333333333334
0 0.10166666666666667 0.98 0.023333333333333334 0.02
0 0.30333333333333334 0.665 0.023333333333333334 0.023333333333333334
0 0.375 0.21666666666666667 0.02 0.023333333333333334
0 0.37666666666666665 0.25333333333333335 0.02 0.02
0 0.3883333333333333 0.275 0.023333333333333334 0.03
0 0.2783333333333333 0.43833333333333335 0.02666666666666667 0.02
0 0.36333333333333334 0.49 0.02666666666666667 0.023333333333333334
0 0.255 0.435 0.02 0.02
0 0.24 0.43833333333333335 0.023333333333333334 0.02
0 0.3283333333333333 0.4066666666666667 0.02666666666666667 0.023333333333333334
0 0.05333333333333334 0.04833333333333333 0.028333333333333332 0.02666666666666667
0 0.051666666666666666 0.20333333333333334 0.02666666666666667 0.02666666666666667
0 0.19166666666666668 0.36333333333333334 0.02666666666666667 0.02666666666666667
0 0.3016666666666667 0.47333333333333333 0.02 0.02
0 0.49166666666666664 0.17666666666666667 0.023333333333333334 0.023333333333333334
0 0.22 0.3883333333333333 0.023333333333333334 0.023333333333333334
0 0.25833333333333336 0.4683333333333333 0.023333333333333334 0.02
0 0.21833333333333332 0.3616666666666667 0.03 0.023333333333333334
0 0.325 0.4216666666666667 0.02 0.02
0 0.24 0.49666666666666665 0.023333333333333334 0.023333333333333334
0 0.25333333333333335 0.30666666666666664 0.023333333333333334 0.023333333333333334
0 0.185 0.335 0.023333333333333334 0.023333333333333334
0 0.6816666666666666 0.765 0.02666666666666667 0.023333333333333334
0 0.6166666666666667 0.725 0.021666666666666667 0.023333333333333334