0 0.445 0.11166666666666666 0.023333333333333334 0.02666666666666667
0 0.4033333333333333 0.09833333333333333 0.03 0.02666666666666667
0 0.47333333333333333 0.5433333333333333 0.02666666666666667 0.03
0 0.5033333333333333 0.455 0.02 0.03
0 0.5033333333333333 0.5866666666666667 0.02666666666666667 0.03
0 0.44333333333333336 0.08666666666666667 0.03 0.02666666666666667
0 0.5016666666666667 0.555 0.03 0.02666666666666667
0 0.4083333333333333 0.18833333333333332 0.023333333333333334 0.023333333333333334
0 0.4633333333333333 0.13166666666666665 0.023333333333333334 0.02
0 0.45166666666666666 0.5433333333333333 0.023333333333333334 0.02666666666666667
0 0.5866666666666667 0.5833333333333334 0.03 0.02
0 0.615 0.7516666666666667 0.02666666666666667 0.02
0 0.6366666666666667 0.5216666666666666 0.023333333333333334 0.023333333333333334
0 0.5866666666666667 0.43666666666666665 0.02 0.023333333333333334
0 0.5833333333333334 0.4583333333333333 0.023333333333333334 0.02
0 0.5966666666666667 0.5233333333333333 0.02666666666666667 0.016666666666666666
0 0.6583333333333333 0.8033333333333333 0.02666666666666667 0.023333333333333334
0 0.9566666666666667 0.9316666666666666 0.03 0.02
0 0.5816666666666667 0.645 0.023333333333333334 0.02
0 0.6383333333333333 0.9183333333333333 0.03 0.023333333333333334
0 0.5916666666666667 0.19666666666666666 0.03 0.023333333333333334
0 0.64 0.8766666666666667 0.023333333333333334 0.02
0 0.5266666666666666 0.20166666666666666 0.02666666666666667 0.02666666666666667
0 0.6666666666666666 0.205 0.03 0.02666666666666667
0 0.66 0.6716666666666666 0.03 0.023333333333333334
0 0.6966666666666667 0.5883333333333334 0.02666666666666667 0.03
0 0.69 0.36833333333333335 0.02666666666666667 0.023333333333333334
0 0.635 0.38 0.023333333333333334 0.03
0 0.5233333333333333 0.3566666666666667 0.03 0.03
0 0.6133333333333333 0.23166666666666666 0.02 0.02
0 0.5566666666666666 0.22 0.023333333333333334 0.02
0 0.55 0.9066666666666666 0.023333333333333334 0.02
0 0.55 0.6333333333333333 0.03 0.02
0 0.5933333333333334 0.9516666666666667 0.03 0.02
0 0.625 0.20833333333333334 0.02666666666666667 0.02
0 0.5583333333333333 0.155 0.023333333333333334 0.023333333333333334
0 0.8066666666666666 0.45 0.03 0.03
0 0.6083333333333333 0.3983333333333333 0.02666666666666667 0.023333333333333334
0 0.6066666666666667 0.8216666666666667 0.028333333333333332 0.025
0 0.67 0.38333333333333336 0.02666666666666667 0.023333333333333334
0 0.7 0.7416666666666667 0.02666666666666667 0.02666666666666667
0 0.54 0.30333333333333334 0.02 0.02
0 0.6783333333333333 0.23666666666666666 0.02666666666666667 0.023333333333333334
0 0.6616666666666666 0.405 0.023333333333333334 0.023333333333333334
0 0.79 0.49333333333333335 0.02 0.023333333333333334
0 0.815 0.4683333333333333 0.02 0.02666666666666667
0 0.5933333333333334 0.9666666666666667 0.02666666666666667 0.02
0 0.6466666666666666 0.9716666666666667 0.02 0.02
0 0.58 0.008333333333333333 0.02666666666666667 0.016666666666666666
0 0.6166666666666667 0.7016666666666667 0.023333333333333334 0.023333333333333334
0 0.5366666666666666 0.8266666666666667 0.035 0.03
0 0.5716666666666667 0.02 0.028333333333333332 0.023333333333333334