0 0.34833333333333333 0.91 0.02666666666666667 0.03333333333333333
0 0.31333333333333335 0.76 0.02666666666666667 0.02666666666666667
0 0.1 0.6783333333333333 0.02666666666666667 0.02666666666666667
0 0.09666666666666666 0.6516666666666666 0.02666666666666667 0.023333333333333334
0 0.38166666666666665 0.7066666666666667 0.03333333333333333 0.02666666666666667
0 0.37 0.7216666666666667 0.02666666666666667 0.023333333333333334
0 0.26166666666666666 0.9016666666666666 0.02666666666666667 0.023333333333333334
0 0.3433333333333333 0.8333333333333334 0.02 0.02
0 0.4483333333333333 0.8283333333333334 0.03 0.03666666666666667
0 0.41833333333333333 0.8016666666666666 0.03333333333333333 0.03
0 0.12666666666666668 0.8683333333333333 0.023333333333333334 0.023333333333333334
0 0.07166666666666667 0.5583333333333333 0.02 0.02
0 0.12166666666666667 0.7416666666666667 0.02 0.02
0 0.45166666666666666 0.875 0.023333333333333334 0.02
0 0.20666666666666667 0.95 0.02 0.03
0 0.36 0.83 0.023333333333333334 0.02
0 0.31666666666666665 0.95 0.02 0.025
0 0.3983333333333333 0.8283333333333334 0.03 0.02
0 0.58 0.99 0.03333333333333333 0.02
0 0.8283333333333334 0.6266666666666667 0.023333333333333334 0.023333333333333334
0 0.9883333333333333 0.085 0.023333333333333334 0.023333333333333334
0 0.7283333333333334 0.22666666666666666 0.02666666666666667 0.023333333333333334
0 0.016666666666666666 0.4816666666666667 0.02666666666666667 0.03
0 0.34833333333333333 0.9883333333333333 0.02 0.023333333333333334