0 0.31166666666666665 0.71 0.02666666666666667 0.023333333333333334
0 0.38666666666666666 0.7933333333333333 0.02 0.023333333333333334
0 0.435 0.8583333333333333 0.02 0.023333333333333334
0 0.4816666666666667 0.8216666666666667 0.023333333333333334 0.02666666666666667
0 0.44666666666666666 0.7366666666666667 0.02 0.02666666666666667
0 0.42333333333333334 0.7916666666666666 0.023333333333333334 0.02
0 0.3983333333333333 0.5383333333333333 0.02 0.02
0 0.485 0.5916666666666667 0.02666666666666667 0.02666666666666667
0 0.32166666666666666 0.5566666666666666 0.03 0.03833333333333333
0 0.38166666666666665 0.975 0.02666666666666667 0.03
0 0.38 0.9083333333333333 0.02666666666666667 0.023333333333333334
0 0.44666666666666666 0.6333333333333333 0.02 0.02
0 0.4683333333333333 0.635 0.02 0.02
0 0.49 0.7066666666666667 0.023333333333333334 0.023333333333333334
0 0.5066666666666667 0.6583333333333333 0.02 0.03
0 0.44666666666666666 0.7916666666666666 0.02666666666666667 0.02666666666666667
0 0.3616666666666667 0.7833333333333333 0.02666666666666667 0.023333333333333334
0 0.35833333333333334 0.8166666666666667 0.03 0.03
0 0.4266666666666667 0.5383333333333333 0.02 0.02
0 0.3433333333333333 0.87 0.023333333333333334 0.03
0 0.375 0.7366666666666667 0.02666666666666667 0.023333333333333334
0 0.4266666666666667 0.5116666666666667 0.023333333333333334 0.02
0 0.33166666666666667 0.5133333333333333 0.02 0.02
0 0.835 0.6433333333333333 0.03166666666666667 0.03
0 0.78 0.6833333333333333 0.023333333333333334 0.028333333333333332
0 0.8333333333333334 0.7166666666666667 0.02666666666666667 0.028333333333333332
0 0.6266666666666667 0.5966666666666667 0.023333333333333334 0.02666666666666667
0 0.6516666666666666 0.5383333333333333 0.02666666666666667 0.02666666666666667
0 0.6566666666666666 0.5666666666666667 0.02 0.023333333333333334
0 0.8066666666666666 0.5783333333333334 0.02666666666666667 0.02
0 0.8833333333333333 0.6 0.02666666666666667 0.02666666666666667
0 0.6883333333333334 0.8733333333333333 0.023333333333333334 0.03
0 0.7116666666666667 0.885 0.02 0.02
0 0.9233333333333333 0.515 0.02 0.02666666666666667
0 0.5933333333333334 0.645 0.02 0.02
0 0.6216666666666667 0.8016666666666666 0.03 0.03
0 0.755 0.6216666666666667 0.023333333333333334 0.023333333333333334
0 0.5816666666666667 0.5766666666666667 0.02 0.02666666666666667
0 0.6083333333333333 0.40166666666666667 0.023333333333333334 0.023333333333333334
0 0.545 0.6566666666666666 0.023333333333333334 0.02666666666666667
0 0.5416666666666666 0.8316666666666667 0.02 0.023333333333333334
0 0.7633333333333333 0.5683333333333334 0.023333333333333334 0.023333333333333334
0 0.92 0.6033333333333334 0.023333333333333334 0.028333333333333332
0 0.9066666666666666 0.6183333333333333 0.023333333333333334 0.023333333333333334
0 0.6133333333333333 0.33666666666666667 0.03 0.02666666666666667
0 0.8833333333333333 0.45166666666666666 0.02666666666666667 0.02666666666666667
0 0.5716666666666667 0.365 0.02666666666666667 0.02666666666666667
0 0.75 0.7983333333333333 0.02666666666666667 0.02666666666666667
0 0.6133333333333333 0.6183333333333333 0.023333333333333334 0.016666666666666666
0 0.8266666666666667 0.5116666666666667 0.023333333333333334 0.023333333333333334
0 0.7466666666666667 0.5933333333333334 0.02 0.023333333333333334
0 0.945 0.5083333333333333 0.023333333333333334 0.03
0 0.7916666666666666 0.6083333333333333 0.03 0.02666666666666667