0 0.08333333333333333 0.655 0.02666666666666667 0.02666666666666667
0 0.06666666666666667 0.6316666666666667 0.03 0.03
0 0.07833333333333334 0.5983333333333334 0.02666666666666667 0.02
0 0.20666666666666667 0.5516666666666666 0.023333333333333334 0.02666666666666667
0 0.24833333333333332 0.5766666666666667 0.02 0.02
0 0.20166666666666666 0.8333333333333334 0.02666666666666667 0.02666666666666667
0 0.14166666666666666 0.865 0.03 0.03
0 0.18833333333333332 0.8583333333333333 0.023333333333333334 0.023333333333333334
0 0.205 0.9416666666666667 0.023333333333333334 0.02
0 0.03833333333333333 0.7283333333333334 0.02666666666666667 0.02
0 0.04833333333333333 0.6866666666666666 0.03 0.02666666666666667
0 0.115 0.8133333333333334 0.02666666666666667 0.02666666666666667
0 0.06 0.9283333333333333 0.023333333333333334 0.023333333333333334
0 0.09166666666666666 0.8516666666666667 0.03 0.02666666666666667
0 0.3933333333333333 0.5833333333333334 0.02666666666666667 0.02666666666666667
0 0.14666666666666667 0.8283333333333334 0.02666666666666667 0.02666666666666667
0 0.09833333333333333 0.9533333333333334 0.023333333333333334 0.023333333333333334
0 0.14166666666666666 0.7433333333333333 0.02666666666666667 0.02666666666666667
0 0.105 0.7333333333333333 0.02666666666666667 0.02666666666666667
0 0.21333333333333335 0.8683333333333333 0.02666666666666667 0.023333333333333334
0 0.23333333333333334 0.8716666666666667 0.02666666666666667 0.02666666666666667
0 0.8133333333333334 0.5166666666666667 0.02 0.023333333333333334
0 0.8116666666666666 0.5766666666666667 0.02666666666666667 0.02666666666666667
0 0.9766666666666667 0.7116666666666667 0.03 0.02666666666666667
0 0.9366666666666666 0.6583333333333333 0.023333333333333334 0.023333333333333334
0 0.9533333333333334 0.55 0.03 0.03
0 0.8466666666666667 0.5883333333333334 0.023333333333333334 0.023333333333333334
0 0.9583333333333334 0.6816666666666666 0.02666666666666667 0.02666666666666667
0 0.865 0.7033333333333334 0.023333333333333334 0.023333333333333334
0 0.5533333333333333 0.9816666666666667 0.03 0.03
0 0.08333333333333333 0.39 0.02666666666666667 0.021666666666666667
0 0.19 0.42333333333333334 0.02 0.023333333333333334
0 0.24333333333333335 0.43333333333333335 0.03666666666666667 0.021666666666666667
0 0.4633333333333333 0.16333333333333333 0.023333333333333334 0.023333333333333334
0 0.285 0.4683333333333333 0.023333333333333334 0.023333333333333334
0 0.4033333333333333 0.056666666666666664 0.023333333333333334 0.023333333333333334
0 0.12166666666666667 0.45666666666666667 0.023333333333333334 0.023333333333333334
0 0.755 0.4116666666666667 0.03166666666666667 0.028333333333333332
0 0.7666666666666667 0.4666666666666667 0.03 0.025
0 0.6933333333333334 0.15833333333333333 0.02666666666666667 0.02666666666666667
0 0.8466666666666667 0.215 0.02666666666666667 0.02666666666666667
0 0.9116666666666666 0.375 0.02666666666666667 0.023333333333333334
0 0.7183333333333334 0.11 0.03 0.03
0 0.755 0.16 0.02666666666666667 0.02666666666666667
0 0.7866666666666666 0.37666666666666665 0.023333333333333334 0.023333333333333334
0 0.7783333333333333 0.2 0.023333333333333334 0.023333333333333334
0 0.8083333333333333 0.39166666666666666 0.023333333333333334 0.023333333333333334
0 0.795 0.45 0.02 0.02
0 0.7983333333333333 0.5116666666666667 0.023333333333333334 0.02
0 0.021666666666666667 0.6616666666666666 0.02666666666666667 0.023333333333333334
0 0.021666666666666667 0.7633333333333333 0.02666666666666667 0.02666666666666667
0 0.5016666666666667 0.18166666666666667 0.023333333333333334 0.02666666666666667