0 0.9183333333333333 0.61 0.02666666666666667 0.03
0 0.085 0.8 0.02666666666666667 0.02666666666666667
0 0.06 0.8233333333333334 0.02666666666666667 0.02666666666666667
0 0.6716666666666666 0.055 0.03 0.02666666666666667
0 0.655 0.23833333333333334 0.02666666666666667 0.03
0 0.705 0.20666666666666667 0.02 0.02666666666666667
0 0.6483333333333333 0.2866666666666667 0.023333333333333334 0.023333333333333334
0 0.6233333333333333 0.385 0.03 0.023333333333333334
0 0.6983333333333334 0.25333333333333335 0.02 0.02
0 0.7383333333333333 0.25166666666666665 0.02 0.02666666666666667
0 0.7516666666666667 0.22 0.023333333333333334 0.03
0 0.6483333333333333 0.115 0.02666666666666667 0.023333333333333334
0 0.7516666666666667 0.028333333333333332 0.02666666666666667 0.02
0 0.7316666666666667 0.44 0.023333333333333334 0.02
0 0.875 0.09166666666666666 0.03 0.02666666666666667
0 0.8266666666666667 0.07333333333333333 0.03166666666666667 0.021666666666666667