0 0.7416666666666667 0.14 0.023333333333333334 0.03166666666666667
0 0.9633333333333334 0.7816666666666666 0.023333333333333334 0.023333333333333334
0 0.5816666666666667 0.18166666666666667 0.02666666666666667 0.02666666666666667
0 0.7966666666666666 0.9666666666666667 0.023333333333333334 0.02
0 0.7533333333333333 0.9283333333333333 0.023333333333333334 0.023333333333333334
0 0.6416666666666667 0.043333333333333335 0.023333333333333334 0.023333333333333334
0 0.8166666666666667 0.9783333333333334 0.02666666666666667 0.023333333333333334
0 0.665 0.043333333333333335 0.02 0.023333333333333334
0 0.6583333333333333 0.9833333333333333 0.025 0.02666666666666667
0 0.8283333333333334 0.9566666666666667 0.02 0.02
0 0.7283333333333334 0.10333333333333333 0.02666666666666667 0.02666666666666667
0 0.23833333333333334 0.2966666666666667 0.02666666666666667 0.03
0 0.45 0.13666666666666666 0.03 0.02666666666666667
0 0.10833333333333334 0.44666666666666666 0.03 0.023333333333333334
0 0.11166666666666666 0.36 0.021666666666666667 0.023333333333333334
0 0.255 0.47 0.03166666666666667 0.03166666666666667
0 0.07 0.30666666666666664 0.02666666666666667 0.02666666666666667
0 0.16166666666666665 0.04 0.023333333333333334 0.023333333333333334
0 0.175 0.26 0.02666666666666667 0.02666666666666667
0 0.6533333333333333 0.018333333333333333 0.02666666666666667 0.023333333333333334
0 0.5283333333333333 0.18833333333333332 0.02666666666666667 0.023333333333333334
0 0.295 0.6183333333333333 0.023333333333333334 0.02
0 0.535 0.5833333333333334 0.02666666666666667 0.023333333333333334
0 0.345 0.9266666666666666 0.02666666666666667 0.023333333333333334
0 0.18666666666666668 0.7166666666666667 0.02 0.023333333333333334
0 0.175 0.5833333333333334 0.023333333333333334 0.02666666666666667
0 0.07166666666666667 0.6933333333333334 0.02 0.02666666666666667
0 0.36333333333333334 0.57 0.03 0.023333333333333334
0 0.09666666666666666 0.6383333333333333 0.02666666666666667 0.023333333333333334
0 0.5116666666666667 0.07333333333333333 0.025 0.03
0 0.5133333333333333 0.03666666666666667 0.02666666666666667 0.03
0 0.49166666666666664 0.8933333333333333 0.02666666666666667 0.02666666666666667
0 0.17833333333333334 0.8466666666666667 0.023333333333333334 0.023333333333333334
0 0.16666666666666666 0.8216666666666667 0.02666666666666667 0.023333333333333334
0 0.195 0.6233333333333333 0.025 0.02666666666666667
0 0.2833333333333333 0.685 0.023333333333333334 0.02
0 0.465 0.6566666666666666 0.023333333333333334 0.023333333333333334
0 0.21 0.675 0.023333333333333334 0.023333333333333334
0 0.36333333333333334 0.5533333333333333 0.02666666666666667 0.02666666666666667
0 0.5066666666666667 0.25333333333333335 0.025 0.02666666666666667