0 0.3883333333333333 0.56 0.02666666666666667 0.02666666666666667
0 0.6833333333333333 0.5666666666666667 0.03 0.03333333333333333
0 0.7883333333333333 0.53 0.023333333333333334 0.03
0 0.8183333333333334 0.5433333333333333 0.02666666666666667 0.02666666666666667
0 0.7833333333333333 0.5033333333333333 0.02666666666666667 0.023333333333333334
0 0.755 0.4583333333333333 0.03 0.03
0 0.665 0.49333333333333335 0.023333333333333334 0.02666666666666667
0 0.6216666666666667 0.5716666666666667 0.023333333333333334 0.02666666666666667
0 0.37166666666666665 0.24666666666666667 0.02666666666666667 0.02666666666666667
0 0.39166666666666666 0.24 0.02666666666666667 0.02
0 0.365 0.20666666666666667 0.02 0.02
0 0.2733333333333333 0.2783333333333333 0.023333333333333334 0.03
0 0.365 0.35 0.03 0.021666666666666667
0 0.3233333333333333 0.33666666666666667 0.02 0.023333333333333334
0 0.3616666666666667 0.16333333333333333 0.023333333333333334 0.02
0 0.33666666666666667 0.19666666666666666 0.02 0.02
0 0.91 0.7716666666666666 0.02666666666666667 0.023333333333333334
0 0.67 0.35333333333333333 0.023333333333333334 0.02666666666666667
0 0.215 0.07833333333333334 0.02666666666666667 0.02
0 0.23 0.16333333333333333 0.03 0.02666666666666667
0 0.8983333333333333 0.9766666666666667 0.03 0.03
0 0.865 0.9866666666666667 0.02666666666666667 0.02666666666666667
0 0.6716666666666666 0.775 0.02666666666666667 0.02666666666666667
0 0.5433333333333333 0.34 0.021666666666666667 0.021666666666666667
0 0.825 0.5 0.023333333333333334 0.023333333333333334
0 0.7216666666666667 0.5833333333333334 0.025 0.028333333333333332
0 0.8383333333333334 0.745 0.02 0.025