0 0.8566666666666667 0.8016666666666666 0.03 0.03
0 0.5816666666666667 0.8183333333333334 0.023333333333333334 0.023333333333333334
0 0.8533333333333334 0.17833333333333334 0.03 0.023333333333333334
0 0.6283333333333333 0.4033333333333333 0.03 0.03
0 0.5633333333333334 0.455 0.02666666666666667 0.02
0 0.6933333333333334 0.3466666666666667 0.02666666666666667 0.02
0 0.6933333333333334 0.36833333333333335 0.023333333333333334 0.02
0 0.8833333333333333 0.06 0.03333333333333333 0.03166666666666667
0 0.7216666666666667 0.47833333333333333 0.023333333333333334 0.02
0 0.6966666666666667 0.49 0.035 0.025
0 0.6766666666666666 0.39666666666666667 0.03 0.03
0 0.7966666666666666 0.12333333333333334 0.02 0.02666666666666667
0 0.7433333333333333 0.44333333333333336 0.03 0.03
0 0.8383333333333334 0.035 0.02666666666666667 0.02666666666666667
0 0.9116666666666666 0.7416666666666667 0.025 0.03166666666666667