0 0.81 0.18166666666666667 0.03 0.02
0 0.7933333333333333 0.2916666666666667 0.02 0.023333333333333334
0 0.8216666666666667 0.30833333333333335 0.02666666666666667 0.02
0 0.765 0.4066666666666667 0.02666666666666667 0.02
0 0.7933333333333333 0.44 0.02 0.02666666666666667
0 0.59 0.35 0.02 0.023333333333333334
0 0.8933333333333333 0.355 0.02 0.02
0 0.705 0.135 0.025 0.021666666666666667
0 0.895 0.15833333333333333 0.02666666666666667 0.03
0 0.93 0.175 0.03 0.023333333333333334
0 0.6316666666666667 0.015 0.02666666666666667 0.02666666666666667
0 0.74 0.10333333333333333 0.03 0.03
0 0.9366666666666666 0.2633333333333333 0.02666666666666667 0.02666666666666667
0 0.6383333333333333 0.04 0.023333333333333334 0.023333333333333334
0 0.9166666666666666 0.14333333333333334 0.03 0.03
0 0.8066666666666666 0.38333333333333336 0.02666666666666667 0.023333333333333334
0 0.8466666666666667 0.30333333333333334 0.02666666666666667 0.023333333333333334
0 0.5733333333333334 0.385 0.023333333333333334 0.023333333333333334
0 0.065 0.825 0.023333333333333334 0.023333333333333334
0 0.08666666666666667 0.595 0.03166666666666667 0.028333333333333332
0 0.7933333333333333 0.49833333333333335 0.02 0.02
0 0.8433333333333334 0.5183333333333333 0.023333333333333334 0.02666666666666667
0 0.9533333333333334 0.7583333333333333 0.02666666666666667 0.02666666666666667
0 0.9733333333333334 0.7083333333333334 0.02666666666666667 0.02
0 0.9733333333333334 0.6783333333333333 0.02666666666666667 0.023333333333333334
0 0.885 0.4866666666666667 0.023333333333333334 0.02
0 0.7216666666666667 0.9316666666666666 0.02666666666666667 0.023333333333333334
0 0.815 0.9866666666666667 0.02666666666666667 0.02666666666666667
0 0.8766666666666667 0.5333333333333333 0.023333333333333334 0.023333333333333334
0 0.555 0.9633333333333334 0.03 0.03
0 0.8583333333333333 0.82 0.023333333333333334 0.02666666666666667
0 0.8816666666666667 0.815 0.02666666666666667 0.02
0 0.99 0.39166666666666666 0.02 0.025