0 0.24166666666666667 0.5566666666666666 0.025 0.025
0 0.2966666666666667 0.55 0.02666666666666667 0.023333333333333334
0 0.495 0.33666666666666667 0.02666666666666667 0.02666666666666667
0 0.6866666666666666 0.45666666666666667 0.02 0.023333333333333334
0 0.7616666666666667 0.42833333333333334 0.02666666666666667 0.02666666666666667
0 0.77 0.39166666666666666 0.02 0.023333333333333334
0 0.5416666666666666 0.4266666666666667 0.03 0.03
0 0.9516666666666667 0.42333333333333334 0.03 0.023333333333333334
0 0.9233333333333333 0.3466666666666667 0.023333333333333334 0.023333333333333334
0 0.7166666666666667 0.7566666666666667 0.023333333333333334 0.02666666666666667
0 0.8383333333333334 0.585 0.025 0.025
0 0.6966666666666667 0.725 0.02 0.023333333333333334
0 0.675 0.7683333333333333 0.02 0.02666666666666667
0 0.7316666666666667 0.8216666666666667 0.02 0.02666666666666667
0 0.7316666666666667 0.5716666666666667 0.023333333333333334 0.023333333333333334
0 0.7133333333333334 0.8066666666666666 0.02666666666666667 0.023333333333333334
0 0.9816666666666667 0.485 0.021666666666666667 0.02
0 0.9616666666666667 0.885 0.02666666666666667 0.02666666666666667
0 0.7916666666666666 0.92 0.025 0.02
0 0.8266666666666667 0.8216666666666667 0.023333333333333334 0.023333333333333334
0 0.5233333333333333 0.9133333333333333 0.03 0.023333333333333334
0 0.5883333333333334 0.9866666666666667 0.03 0.02666666666666667
0 0.705 0.7083333333333334 0.023333333333333334 0.021666666666666667
0 0.39 0.5083333333333333 0.025 0.025
0 0.9283333333333333 0.3 0.023333333333333334 0.03
0 0.9133333333333333 0.6283333333333333 0.021666666666666667 0.023333333333333334
0 0.7566666666666667 0.37666666666666665 0.023333333333333334 0.021666666666666667
0 0.785 0.9316666666666666 0.023333333333333334 0.02