0 0.32166666666666666 0.85 0.02666666666666667 0.03
0 0.385 0.7066666666666667 0.02 0.03
0 0.47 0.15166666666666667 0.02666666666666667 0.03
0 0.475 0.06666666666666667 0.03 0.023333333333333334
0 0.3233333333333333 0.09333333333333334 0.03 0.03
0 0.085 0.26 0.023333333333333334 0.02666666666666667
0 0.5833333333333334 0.20666666666666667 0.03333333333333333 0.028333333333333332
0 0.855 0.055 0.035 0.035
0 0.5483333333333333 0.04666666666666667 0.03 0.03
0 0.505 0.075 0.02666666666666667 0.025
0 0.5283333333333333 0.13833333333333334 0.03 0.02
0 0.32 0.8133333333333334 0.03166666666666667 0.03
0 0.11166666666666666 0.255 0.023333333333333334 0.02666666666666667
0 0.5166666666666667 0.056666666666666664 0.025 0.025