0 0.27666666666666667 0.43 0.023333333333333334 0.02666666666666667
0 0.16166666666666665 0.43 0.02 0.02
0 0.13333333333333333 0.41 0.023333333333333334 0.023333333333333334
0 0.315 0.17833333333333334 0.02666666666666667 0.02666666666666667
0 0.3233333333333333 0.255 0.02 0.02666666666666667
0 0.03833333333333333 0.425 0.02 0.02666666666666667
0 0.48333333333333334 0.051666666666666666 0.03 0.03
0 0.475 0.018333333333333333 0.03 0.03
0 0.31666666666666665 0.01 0.023333333333333334 0.02
0 0.35333333333333333 0.008333333333333333 0.02666666666666667 0.016666666666666666
0 0.21166666666666667 0.04 0.02666666666666667 0.03
0 0.33666666666666667 0.19 0.023333333333333334 0.023333333333333334
0 0.065 0.34 0.023333333333333334 0.023333333333333334
0 0.07166666666666667 0.06166666666666667 0.03 0.03
0 0.6633333333333333 0.565 0.03 0.02666666666666667
0 0.6383333333333333 0.9266666666666666 0.03 0.03
0 0.6483333333333333 0.9483333333333334 0.03 0.03
0 0.7216666666666667 0.675 0.03 0.03
0 0.18833333333333332 0.5466666666666666 0.02666666666666667 0.03
0 0.355 0.5583333333333333 0.03 0.02666666666666667
0 0.38333333333333336 0.5966666666666667 0.03 0.02666666666666667
0 0.38666666666666666 0.5433333333333333 0.023333333333333334 0.02
0 0.47 0.61 0.02666666666666667 0.02666666666666667
0 0.021666666666666667 0.4266666666666667 0.02 0.02666666666666667
0 0.15333333333333332 0.5066666666666667 0.023333333333333334 0.023333333333333334
0 0.13333333333333333 0.5016666666666667 0.02 0.02666666666666667
0 0.29833333333333334 0.49333333333333335 0.02 0.02666666666666667
0 0.3416666666666667 0.645 0.023333333333333334 0.025
0 0.515 0.6616666666666666 0.028333333333333332 0.03166666666666667
0 0.145 0.475 0.023333333333333334 0.021666666666666667
0 0.40166666666666667 0.3016666666666667 0.021666666666666667 0.023333333333333334
0 0.39 0.165 0.021666666666666667 0.02666666666666667
0 0.08666666666666667 0.78 0.021666666666666667 0.025
0 0.21833333333333332 0.92 0.023333333333333334 0.025
0 0.4116666666666667 0.19833333333333333 0.023333333333333334 0.025