0 0.32 0.5466666666666666 0.023333333333333334 0.02666666666666667
0 0.475 0.7766666666666666 0.03333333333333333 0.02666666666666667
0 0.19166666666666668 0.8166666666666667 0.03 0.023333333333333334
0 0.20666666666666667 0.775 0.023333333333333334 0.03
0 0.08666666666666667 0.7066666666666667 0.02666666666666667 0.02666666666666667
0 0.17 0.7216666666666667 0.02666666666666667 0.023333333333333334
0 0.25 0.9466666666666667 0.028333333333333332 0.025
0 0.3616666666666667 0.9316666666666666 0.03 0.028333333333333332
0 0.075 0.9233333333333333 0.028333333333333332 0.03
0 0.25166666666666665 0.8033333333333333 0.02 0.02
0 0.42 0.5733333333333334 0.02666666666666667 0.025
0 0.27666666666666667 0.815 0.02 0.02
0 0.43666666666666665 0.72 0.023333333333333334 0.023333333333333334
0 0.16166666666666665 0.9583333333333334 0.02666666666666667 0.03
0 0.2966666666666667 0.72 0.02 0.02
0 0.15833333333333333 0.9716666666666667 0.02666666666666667 0.02666666666666667
0 0.12833333333333333 0.9816666666666667 0.03 0.03
0 0.75 0.9116666666666666 0.03 0.02666666666666667
0 0.7333333333333333 0.96 0.03333333333333333 0.02666666666666667
0 0.7283333333333334 0.5433333333333333 0.02666666666666667 0.02666666666666667
0 0.49333333333333335 0.725 0.03 0.03
0 0.6566666666666666 0.07 0.03166666666666667 0.03333333333333333
0 0.8883333333333333 0.09166666666666666 0.02 0.023333333333333334
0 0.8666666666666667 0.01 0.03 0.02
0 0.8583333333333333 0.08666666666666667 0.02666666666666667 0.02666666666666667
0 0.35833333333333334 0.04 0.03 0.03
0 0.305 0.135 0.03 0.03
0 0.105 0.27 0.023333333333333334 0.023333333333333334
0 0.655 0.525 0.03 0.02666666666666667
0 0.30333333333333334 0.5066666666666667 0.02 0.016666666666666666
0 0.44666666666666666 0.9033333333333333 0.025 0.03
0 0.22833333333333333 0.6666666666666666 0.023333333333333334 0.028333333333333332
0 0.09333333333333334 0.7683333333333333 0.02666666666666667 0.03