0 0.19 0.3016666666666667 0.025 0.02666666666666667
0 0.22666666666666666 0.09833333333333333 0.023333333333333334 0.02666666666666667
0 0.24333333333333335 0.11666666666666667 0.02 0.02
0 0.27166666666666667 0.13166666666666665 0.023333333333333334 0.02
0 0.25833333333333336 0.08166666666666667 0.023333333333333334 0.02
0 0.3283333333333333 0.10166666666666667 0.023333333333333334 0.02
0 0.19333333333333333 0.25166666666666665 0.021666666666666667 0.02
0 0.31166666666666665 0.015 0.03 0.03
0 0.15166666666666667 0.155 0.02666666666666667 0.023333333333333334
0 0.23166666666666666 0.018333333333333333 0.03 0.02666666666666667
0 0.27666666666666667 0.021666666666666667 0.02 0.02666666666666667
0 0.2 0.23333333333333334 0.02666666666666667 0.016666666666666666