0 0.38333333333333336 0.595 0.023333333333333334 0.02666666666666667
0 0.25666666666666665 0.7266666666666667 0.02 0.023333333333333334
0 0.26 0.15333333333333332 0.02666666666666667 0.023333333333333334
0 0.28 0.8116666666666666 0.023333333333333334 0.023333333333333334
0 0.2833333333333333 0.26 0.03 0.03
0 0.715 0.5166666666666667 0.03 0.03
0 0.7566666666666667 0.495 0.03 0.02
0 0.655 0.25333333333333335 0.03333333333333333 0.023333333333333334
0 0.7166666666666667 0.8833333333333333 0.023333333333333334 0.02666666666666667
0 0.8683333333333333 0.9583333333333334 0.03 0.03
0 0.6516666666666666 0.9316666666666666 0.03333333333333333 0.023333333333333334
0 0.5983333333333334 0.9516666666666667 0.03 0.02666666666666667
0 0.7516666666666667 0.6583333333333333 0.03666666666666667 0.023333333333333334
0 0.6333333333333333 0.40166666666666667 0.02 0.023333333333333334
0 0.5433333333333333 0.9383333333333334 0.03166666666666667 0.03333333333333333
0 0.5333333333333333 0.985 0.02666666666666667 0.03
0 0.7716666666666666 0.975 0.02666666666666667 0.02666666666666667
0 0.755 0.9033333333333333 0.02666666666666667 0.02666666666666667
0 0.9766666666666667 0.8233333333333334 0.023333333333333334 0.023333333333333334
0 0.595 0.45166666666666666 0.03166666666666667 0.028333333333333332