0 0.9516666666666667 0.84 0.023333333333333334 0.02666666666666667
0 0.9683333333333334 0.7266666666666667 0.023333333333333334 0.02666666666666667
0 0.94 0.88 0.02666666666666667 0.02666666666666667
0 0.5816666666666667 0.22666666666666666 0.02 0.023333333333333334
0 0.6866666666666666 0.21833333333333332 0.02 0.023333333333333334
0 0.5283333333333333 0.9483333333333334 0.03 0.025
0 0.36 0.235 0.03333333333333333 0.03
0 0.2916666666666667 0.11166666666666666 0.03 0.02666666666666667
0 0.35833333333333334 0.14666666666666667 0.03 0.02
0 0.08166666666666667 0.2816666666666667 0.03 0.023333333333333334
0 0.2683333333333333 0.095 0.03 0.023333333333333334
0 0.22333333333333333 0.3333333333333333 0.02666666666666667 0.03
0 0.4683333333333333 0.03166666666666667 0.023333333333333334 0.02666666666666667
0 0.275 0.03333333333333333 0.03 0.02666666666666667
0 0.06166666666666667 0.15166666666666667 0.03 0.02666666666666667
0 0.115 0.11666666666666667 0.03 0.03
0 0.5183333333333333 0.2816666666666667 0.02666666666666667 0.02666666666666667
0 0.74 0.115 0.025 0.021666666666666667
0 0.37 0.36666666666666664 0.02666666666666667 0.025
0 0.2866666666666667 0.13166666666666665 0.035 0.025
0 0.265 0.32166666666666666 0.02666666666666667 0.025