0 0.6116666666666667 0.47333333333333333 0.03 0.02666666666666667
0 0.6083333333333333 0.6483333333333333 0.02666666666666667 0.02666666666666667
0 0.6333333333333333 0.52 0.02666666666666667 0.028333333333333332
0 0.5366666666666666 0.655 0.03 0.02666666666666667
0 0.6333333333333333 0.5616666666666666 0.02666666666666667 0.02666666666666667
0 0.5533333333333333 0.7266666666666667 0.023333333333333334 0.023333333333333334
0 0.4 0.5883333333333334 0.028333333333333332 0.028333333333333332
0 0.23833333333333334 0.665 0.023333333333333334 0.028333333333333332
0 0.025 0.7683333333333333 0.02666666666666667 0.03
0 0.011666666666666667 0.6033333333333334 0.023333333333333334 0.023333333333333334
0 0.31833333333333336 0.8016666666666666 0.03 0.02666666666666667
0 0.44 0.8366666666666667 0.03 0.023333333333333334
0 0.43166666666666664 0.6966666666666667 0.02666666666666667 0.023333333333333334
0 0.43666666666666665 0.56 0.03 0.02666666666666667
0 0.2733333333333333 0.9583333333333334 0.02666666666666667 0.023333333333333334
0 0.42 0.7383333333333333 0.03333333333333333 0.025
0 0.37166666666666665 0.7716666666666666 0.02 0.02
0 0.3983333333333333 0.555 0.02666666666666667 0.023333333333333334
0 0.37 0.7466666666666667 0.023333333333333334 0.023333333333333334
0 0.49333333333333335 0.6283333333333333 0.023333333333333334 0.023333333333333334
0 0.38 0.8 0.02 0.02
0 0.49166666666666664 0.7233333333333334 0.02666666666666667 0.023333333333333334
0 0.30833333333333335 0.9833333333333333 0.023333333333333334 0.023333333333333334
0 0.47333333333333333 0.6466666666666666 0.023333333333333334 0.023333333333333334
0 0.17 0.15 0.03 0.03333333333333333
0 0.30333333333333334 0.06333333333333334 0.023333333333333334 0.023333333333333334
0 0.265 0.30333333333333334 0.02 0.02666666666666667
0 0.23666666666666666 0.3016666666666667 0.023333333333333334 0.02666666666666667
0 0.29333333333333333 0.16 0.02666666666666667 0.023333333333333334
0 0.23 0.14 0.03 0.023333333333333334
0 0.14666666666666667 0.12166666666666667 0.02666666666666667 0.02
0 0.13833333333333334 0.03666666666666667 0.023333333333333334 0.02666666666666667
0 0.12333333333333334 0.17666666666666667 0.03 0.02666666666666667
0 0.195 0.16666666666666666 0.023333333333333334 0.023333333333333334
0 0.3383333333333333 0.19166666666666668 0.03333333333333333 0.03
0 0.041666666666666664 0.021666666666666667 0.03 0.02666666666666667
0 0.3466666666666667 0.023333333333333334 0.03 0.02666666666666667
0 0.06333333333333334 0.03166666666666667 0.02 0.02
0 0.365 0.058333333333333334 0.03 0.02666666666666667
0 0.17166666666666666 0.4066666666666667 0.023333333333333334 0.023333333333333334
0 0.195 0.4116666666666667 0.023333333333333334 0.023333333333333334
0 0.08833333333333333 0.22166666666666668 0.023333333333333334 0.023333333333333334
0 0.22166666666666668 0.03833333333333333 0.02 0.02
0 0.05333333333333334 0.01 0.02 0.02
0 0.22 0.021666666666666667 0.02 0.02
0 0.37333333333333335 0.023333333333333334 0.02666666666666667 0.02666666666666667
0 0.19833333333333333 0.185 0.023333333333333334 0.02
0 0.19833333333333333 0.07833333333333334 0.023333333333333334 0.023333333333333334
0 0.255 0.185 0.02666666666666667 0.02
0 0.3933333333333333 0.135 0.023333333333333334 0.023333333333333334
0 0.46 0.14333333333333334 0.023333333333333334 0.023333333333333334
0 0.15333333333333332 0.29833333333333334 0.023333333333333334 0.023333333333333334
0 0.46 0.2916666666666667 0.02666666666666667 0.023333333333333334
0 0.41333333333333333 0.15833333333333333 0.016666666666666666 0.02
0 0.4266666666666667 0.17166666666666666 0.02666666666666667 0.02
0 0.02 0.058333333333333334 0.028333333333333332 0.03333333333333333
0 0.345 0.12166666666666667 0.02666666666666667 0.023333333333333334
0 0.2683333333333333 0.12333333333333334 0.03166666666666667 0.025
0 0.49333333333333335 0.28 0.02666666666666667 0.023333333333333334
0 0.29833333333333334 0.43 0.023333333333333334 0.021666666666666667