0 0.19333333333333333 0.11 0.03 0.02666666666666667
0 0.165 0.08166666666666667 0.023333333333333334 0.02666666666666667
0 0.21333333333333335 0.17333333333333334 0.02666666666666667 0.02
0 0.215 0.4033333333333333 0.03 0.023333333333333334
0 0.34 0.565 0.023333333333333334 0.023333333333333334
0 0.32666666666666666 0.59 0.02 0.02
0 0.3516666666666667 0.5783333333333334 0.02 0.023333333333333334
0 0.3433333333333333 0.6133333333333333 0.02 0.02
0 0.2866666666666667 0.3516666666666667 0.02666666666666667 0.02666666666666667
0 0.2783333333333333 0.32166666666666666 0.02 0.023333333333333334
0 0.2683333333333333 0.2683333333333333 0.02666666666666667 0.023333333333333334
0 0.31666666666666665 0.25833333333333336 0.023333333333333334 0.02
0 0.15 0.2633333333333333 0.03 0.02666666666666667
0 0.22833333333333333 0.11666666666666667 0.03 0.023333333333333334
0 0.42333333333333334 0.7383333333333333 0.025 0.02666666666666667
0 0.2683333333333333 0.035 0.02666666666666667 0.02666666666666667
0 0.31166666666666665 0.31333333333333335 0.03 0.02666666666666667
0 0.405 0.47833333333333333 0.03 0.02666666666666667
0 0.42333333333333334 0.46166666666666667 0.03 0.02666666666666667
0 0.18333333333333332 0.18833333333333332 0.023333333333333334 0.02666666666666667
0 0.23333333333333334 0.13666666666666666 0.03 0.02666666666666667
0 0.30333333333333334 0.23666666666666666 0.023333333333333334 0.023333333333333334
0 0.15833333333333333 0.05 0.03 0.03
0 0.03833333333333333 0.1 0.02666666666666667 0.023333333333333334
0 0.35333333333333333 0.19166666666666668 0.023333333333333334 0.023333333333333334
0 0.02 0.075 0.02 0.02
0 0.2916666666666667 0.19833333333333333 0.025 0.021666666666666667
0 0.23666666666666666 0.2966666666666667 0.02 0.02666666666666667
0 0.36333333333333334 0.6166666666666667 0.02666666666666667 0.023333333333333334
0 0.41333333333333333 0.21333333333333335 0.02666666666666667 0.02
0 0.25833333333333336 0.2966666666666667 0.02666666666666667 0.02
0 0.3516666666666667 0.6683333333333333 0.02 0.02
0 0.26 0.6016666666666667 0.02 0.023333333333333334
0 0.985 0.275 0.023333333333333334 0.02666666666666667
0 0.9333333333333333 0.09166666666666666 0.02 0.023333333333333334
0 0.9183333333333333 0.13833333333333334 0.016666666666666666 0.02
0 0.605 0.06166666666666667 0.023333333333333334 0.02666666666666667
0 0.8616666666666667 0.17666666666666667 0.02666666666666667 0.02666666666666667
0 0.935 0.11166666666666666 0.023333333333333334 0.023333333333333334
0 0.8916666666666667 0.13833333333333334 0.02 0.02666666666666667
0 0.585 0.07166666666666667 0.02666666666666667 0.02666666666666667
0 0.9183333333333333 0.235 0.02666666666666667 0.02666666666666667
0 0.6533333333333333 0.013333333333333334 0.023333333333333334 0.02
0 0.6783333333333333 0.016666666666666666 0.02 0.02
0 0.6383333333333333 0.05333333333333334 0.02 0.016666666666666666
0 0.5383333333333333 0.14166666666666666 0.03 0.023333333333333334
0 0.785 0.013333333333333334 0.016666666666666666 0.02
0 0.53 0.11333333333333333 0.02666666666666667 0.021666666666666667
0 0.7783333333333333 0.8316666666666667 0.02666666666666667 0.02666666666666667
0 0.965 0.16833333333333333 0.021666666666666667 0.02
0 0.9516666666666667 0.20333333333333334 0.021666666666666667 0.021666666666666667