0 0.61 0.14166666666666666 0.03 0.03
0 0.645 0.07 0.023333333333333334 0.023333333333333334
0 0.9383333333333334 0.5916666666666667 0.02666666666666667 0.02666666666666667
0 0.5383333333333333 0.19 0.03 0.03
0 0.5766666666666667 0.9133333333333333 0.02666666666666667 0.023333333333333334
0 0.5483333333333333 0.8816666666666667 0.023333333333333334 0.03
0 0.6016666666666667 0.08333333333333333 0.03333333333333333 0.03333333333333333
0 0.815 0.5316666666666666 0.023333333333333334 0.025
0 0.5133333333333333 0.043333333333333335 0.03 0.03
0 0.7833333333333333 0.895 0.03 0.03
0 0.5566666666666666 0.6233333333333333 0.02 0.025
0 0.6966666666666667 0.6666666666666666 0.02666666666666667 0.02666666666666667
0 0.46 0.8066666666666666 0.023333333333333334 0.023333333333333334
0 0.42333333333333334 0.7866666666666666 0.02666666666666667 0.03
0 0.36 0.74 0.02666666666666667 0.023333333333333334
0 0.3433333333333333 0.31666666666666665 0.02666666666666667 0.02666666666666667
0 0.435 0.735 0.023333333333333334 0.021666666666666667
0 0.2783333333333333 0.33 0.03 0.02666666666666667
0 0.37 0.805 0.025 0.03
0 0.22166666666666668 0.056666666666666664 0.03 0.03
0 0.385 0.7266666666666667 0.02666666666666667 0.02666666666666667
0 0.19 0.035 0.02666666666666667 0.02666666666666667
0 0.3933333333333333 0.09333333333333334 0.03 0.03
0 0.315 0.06333333333333334 0.02666666666666667 0.02666666666666667
0 0.45166666666666666 0.9333333333333333 0.02666666666666667 0.023333333333333334
0 0.31833333333333336 0.8383333333333334 0.03 0.03
0 0.44666666666666666 0.965 0.03 0.03
0 0.3416666666666667 0.6666666666666666 0.03 0.03
0 0.2816666666666667 0.09833333333333333 0.02666666666666667 0.023333333333333334
0 0.2916666666666667 0.6416666666666667 0.02666666666666667 0.02666666666666667
0 0.4633333333333333 0.7766666666666666 0.02666666666666667 0.02666666666666667
0 0.49166666666666664 0.7616666666666667 0.02666666666666667 0.02666666666666667
0 0.42833333333333334 0.3466666666666667 0.02666666666666667 0.02666666666666667
0 0.4116666666666667 0.8433333333333334 0.023333333333333334 0.02
0 0.48333333333333334 0.7416666666666667 0.023333333333333334 0.023333333333333334
0 0.29 0.6783333333333333 0.02 0.028333333333333332
0 0.3383333333333333 0.72 0.025 0.02666666666666667
0 0.4266666666666667 0.68 0.02666666666666667 0.02666666666666667
0 0.38333333333333336 0.9166666666666666 0.03 0.03
0 0.5783333333333334 0.965 0.02666666666666667 0.023333333333333334