0 0.37166666666666665 0.695 0.023333333333333334 0.02666666666666667
0 0.34 0.7066666666666667 0.023333333333333334 0.02666666666666667
0 0.6883333333333334 0.7733333333333333 0.02666666666666667 0.03
0 0.38166666666666665 0.7883333333333333 0.02 0.023333333333333334
0 0.5333333333333333 0.825 0.025 0.023333333333333334
0 0.5383333333333333 0.6666666666666666 0.02666666666666667 0.02666666666666667
0 0.5083333333333333 0.6066666666666667 0.02666666666666667 0.02666666666666667
0 0.3983333333333333 0.8266666666666667 0.02666666666666667 0.02666666666666667
0 0.36666666666666664 0.7966666666666666 0.02666666666666667 0.02666666666666667
0 0.035 0.7866666666666666 0.03 0.03
0 0.7566666666666667 0.11833333333333333 0.023333333333333334 0.023333333333333334
0 0.6833333333333333 0.16833333333333333 0.023333333333333334 0.023333333333333334
0 0.7383333333333333 0.19333333333333333 0.023333333333333334 0.02
0 0.18333333333333332 0.26166666666666666 0.023333333333333334 0.025
0 0.32 0.295 0.02666666666666667 0.025
0 0.10166666666666667 0.315 0.03 0.025
0 0.10833333333333334 0.3383333333333333 0.02666666666666667 0.02666666666666667
0 0.32166666666666666 0.3433333333333333 0.03333333333333333 0.03
0 0.06666666666666667 0.375 0.023333333333333334 0.02
0 0.4533333333333333 0.37833333333333335 0.03 0.02666666666666667
0 0.51 0.44666666666666666 0.02 0.023333333333333334
0 0.18 0.485 0.02666666666666667 0.02
0 0.43666666666666665 0.08333333333333333 0.02666666666666667 0.023333333333333334
0 0.6133333333333333 0.09333333333333334 0.02666666666666667 0.02666666666666667
0 0.665 0.49833333333333335 0.02666666666666667 0.023333333333333334
0 0.06833333333333333 0.02 0.03 0.02666666666666667
0 0.10166666666666667 0.14 0.03 0.03
0 0.4866666666666667 0.43333333333333335 0.02666666666666667 0.02666666666666667
0 0.08833333333333333 0.03 0.02666666666666667 0.023333333333333334
0 0.5816666666666667 0.335 0.023333333333333334 0.023333333333333334
0 0.8016666666666666 0.13 0.03 0.03
0 0.7766666666666666 0.16666666666666666 0.023333333333333334 0.02
0 0.6016666666666667 0.02666666666666667 0.02666666666666667 0.02666666666666667
0 0.3383333333333333 0.475 0.02666666666666667 0.023333333333333334
0 0.435 0.9183333333333333 0.02 0.028333333333333332
0 0.7216666666666667 0.38333333333333336 0.021666666666666667 0.025
0 0.2816666666666667 0.155 0.028333333333333332 0.03166666666666667
0 0.42333333333333334 0.495 0.02666666666666667 0.02666666666666667
0 0.25333333333333335 0.27666666666666667 0.025 0.023333333333333334