0 0.865 0.09 0.03 0.02666666666666667
0 0.9283333333333333 0.10833333333333334 0.023333333333333334 0.023333333333333334
0 0.86 0.03333333333333333 0.023333333333333334 0.023333333333333334
0 0.365 0.9516666666666667 0.028333333333333332 0.02666666666666667
0 0.18333333333333332 0.7633333333333333 0.02666666666666667 0.02666666666666667
0 0.3283333333333333 0.715 0.02666666666666667 0.02666666666666667
0 0.18 0.99 0.025 0.02
0 0.16 0.79 0.03 0.02666666666666667
0 0.2 0.9066666666666666 0.02 0.023333333333333334
0 0.18333333333333332 0.8433333333333334 0.03 0.023333333333333334
0 0.46166666666666667 0.8283333333333334 0.02666666666666667 0.02666666666666667
0 0.21333333333333335 0.7783333333333333 0.023333333333333334 0.023333333333333334
0 0.44166666666666665 0.62 0.023333333333333334 0.028333333333333332
0 0.22833333333333333 0.845 0.023333333333333334 0.02