0 0.6883333333333334 0.6116666666666667 0.02 0.02
0 0.6683333333333333 0.6433333333333333 0.02666666666666667 0.035
0 0.8733333333333333 0.6666666666666666 0.02666666666666667 0.02666666666666667
0 0.965 0.7266666666666667 0.03 0.03
0 0.8966666666666666 0.755 0.03 0.03333333333333333
0 0.8666666666666667 0.7583333333333333 0.02666666666666667 0.03
0 0.7583333333333333 0.7766666666666666 0.023333333333333334 0.023333333333333334
0 0.8283333333333334 0.8183333333333334 0.02666666666666667 0.023333333333333334
0 0.9466666666666667 0.825 0.02 0.02
0 0.7966666666666666 0.8366666666666667 0.03 0.023333333333333334
0 0.8883333333333333 0.835 0.02 0.023333333333333334
0 0.71 0.8516666666666667 0.02666666666666667 0.023333333333333334
0 0.9416666666666667 0.8666666666666667 0.03 0.028333333333333332
0 0.8833333333333333 0.91 0.03 0.02666666666666667
0 0.7266666666666667 0.6133333333333333 0.023333333333333334 0.023333333333333334
0 0.9833333333333333 0.008333333333333333 0.02666666666666667 0.016666666666666666
0 0.6866666666666666 0.2966666666666667 0.023333333333333334 0.03
0 0.7083333333333334 0.8516666666666667 0.02666666666666667 0.02666666666666667
0 0.7833333333333333 0.9233333333333333 0.03 0.03
0 0.9166666666666666 0.8316666666666667 0.02666666666666667 0.02666666666666667
0 0.5666666666666667 0.7966666666666666 0.023333333333333334 0.023333333333333334
0 0.8983333333333333 0.07166666666666667 0.02666666666666667 0.023333333333333334
0 0.9616666666666667 0.6916666666666667 0.023333333333333334 0.023333333333333334
0 0.7133333333333334 0.6366666666666667 0.023333333333333334 0.023333333333333334
0 0.8016666666666666 0.6833333333333333 0.023333333333333334 0.023333333333333334
0 0.9383333333333334 0.7916666666666666 0.02666666666666667 0.02666666666666667
0 0.8966666666666666 0.715 0.03 0.03166666666666667
0 0.6933333333333334 0.665 0.02 0.023333333333333334
0 0.7183333333333334 0.6683333333333333 0.023333333333333334 0.023333333333333334
0 0.7583333333333333 0.8016666666666666 0.03166666666666667 0.028333333333333332
0 0.72 0.8333333333333334 0.02 0.023333333333333334
0 0.6983333333333334 0.6216666666666667 0.02 0.023333333333333334
0 0.8383333333333334 0.9066666666666666 0.03 0.03166666666666667
0 0.6066666666666667 0.225 0.02666666666666667 0.023333333333333334
0 0.19666666666666666 0.4066666666666667 0.03 0.03
0 0.49833333333333335 0.4633333333333333 0.03 0.02666666666666667
0 0.16666666666666666 0.34833333333333333 0.02666666666666667 0.02666666666666667
0 0.26 0.5416666666666666 0.023333333333333334 0.02666666666666667
0 0.4666666666666667 0.5883333333333334 0.023333333333333334 0.03
0 0.16666666666666666 0.6383333333333333 0.02666666666666667 0.02666666666666667
0 0.10666666666666667 0.6616666666666666 0.02666666666666667 0.023333333333333334
0 0.20166666666666666 0.6833333333333333 0.03 0.02666666666666667
0 0.12 0.74 0.02666666666666667 0.03
0 0.155 0.7633333333333333 0.02666666666666667 0.03
0 0.35833333333333334 0.7766666666666666 0.02 0.02
0 0.41833333333333333 0.7766666666666666 0.02666666666666667 0.02666666666666667
0 0.11166666666666666 0.8183333333333334 0.02 0.02
0 0.155 0.82 0.023333333333333334 0.02666666666666667
0 0.13666666666666666 0.8366666666666667 0.02 0.02
0 0.205 0.8516666666666667 0.02 0.02
0 0.38666666666666666 0.8633333333333333 0.023333333333333334 0.02666666666666667
0 0.12333333333333334 0.8666666666666667 0.03 0.02
0 0.38166666666666665 0.8916666666666667 0.02666666666666667 0.023333333333333334
0 0.19166666666666668 0.9133333333333333 0.023333333333333334 0.02666666666666667
0 0.13833333333333334 0.9416666666666667 0.02666666666666667 0.02666666666666667
0 0.055 0.9316666666666666 0.02666666666666667 0.02
0 0.13166666666666665 0.7883333333333333 0.02 0.02
0 0.23833333333333334 0.6883333333333334 0.023333333333333334 0.02666666666666667
0 0.38666666666666666 0.6583333333333333 0.03 0.03
0 0.4216666666666667 0.6733333333333333 0.023333333333333334 0.02666666666666667
0 0.09333333333333334 0.8 0.023333333333333334 0.023333333333333334
0 0.21666666666666667 0.6583333333333333 0.02666666666666667 0.02666666666666667
0 0.22 0.5366666666666666 0.02666666666666667 0.02666666666666667
0 0.36 0.745 0.023333333333333334 0.023333333333333334
0 0.4116666666666667 0.7316666666666667 0.02 0.02
0 0.24 0.855 0.023333333333333334 0.023333333333333334
0 0.4633333333333333 0.6616666666666666 0.02 0.023333333333333334
0 0.395 0.6183333333333333 0.023333333333333334 0.023333333333333334
0 0.535 0.64 0.023333333333333334 0.028333333333333332
0 0.12 0.5966666666666667 0.03333333333333333 0.02666666666666667
0 0.275 0.6066666666666667 0.021666666666666667 0.02
0 0.8666666666666667 0.7966666666666666 0.023333333333333334 0.03333333333333333
0 0.91 0.785 0.023333333333333334 0.025
0 0.7466666666666667 0.615 0.025 0.025