0 0.7466666666666667 0.825 0.03666666666666667 0.028333333333333332
0 0.7533333333333333 0.85 0.03 0.023333333333333334
0 0.44 0.24 0.03 0.04
0 0.365 0.2733333333333333 0.025 0.03
0 0.6983333333333334 0.095 0.02666666666666667 0.03
0 0.6716666666666666 0.08166666666666667 0.025 0.02666666666666667
0 0.12333333333333334 0.15166666666666667 0.02666666666666667 0.023333333333333334
0 0.21333333333333335 0.9833333333333333 0.03 0.03
0 0.44666666666666666 0.31 0.02666666666666667 0.03
0 0.735 0.14333333333333334 0.028333333333333332 0.02666666666666667
0 0.75 0.03666666666666667 0.028333333333333332 0.025
0 0.4 0.27166666666666667 0.02666666666666667 0.02666666666666667
0 0.12666666666666668 0.315 0.03666666666666667 0.028333333333333332
0 0.9733333333333334 0.9483333333333334 0.025 0.03166666666666667