0 0.018333333333333333 0.8633333333333333 0.02666666666666667 0.03
0 0.305 0.9266666666666666 0.023333333333333334 0.02
0 0.03666666666666667 0.6383333333333333 0.02 0.02666666666666667
0 0.013333333333333334 0.7183333333333334 0.023333333333333334 0.023333333333333334
0 0.4766666666666667 0.25833333333333336 0.02666666666666667 0.028333333333333332
0 0.8766666666666667 0.15 0.03 0.023333333333333334
0 0.775 0.17166666666666666 0.03 0.02666666666666667
0 0.5933333333333334 0.23833333333333334 0.023333333333333334 0.023333333333333334
0 0.5983333333333334 0.25666666666666665 0.02666666666666667 0.02
0 0.9566666666666667 0.7333333333333333 0.02 0.023333333333333334
0 0.5983333333333334 0.25333333333333335 0.02666666666666667 0.02666666666666667
0 0.6283333333333333 0.17666666666666667 0.03 0.03
0 0.185 0.9633333333333334 0.021666666666666667 0.023333333333333334
0 0.98 0.7816666666666666 0.025 0.03166666666666667