0 0.8233333333333334 0.24833333333333332 0.02 0.023333333333333334
0 0.7033333333333334 0.25166666666666665 0.02666666666666667 0.02666666666666667
0 0.83 0.13666666666666666 0.02666666666666667 0.03333333333333333
0 0.9183333333333333 0.23833333333333334 0.02666666666666667 0.02666666666666667
0 0.8316666666666667 0.32166666666666666 0.02666666666666667 0.023333333333333334
0 0.8983333333333333 0.44666666666666666 0.02666666666666667 0.023333333333333334
0 0.7916666666666666 0.93 0.021666666666666667 0.02666666666666667
0 0.6783333333333333 0.9283333333333333 0.02 0.02
0 0.6483333333333333 0.9066666666666666 0.023333333333333334 0.023333333333333334
0 0.83 0.68 0.02666666666666667 0.02666666666666667
0 0.8383333333333334 0.755 0.02 0.02666666666666667
0 0.5533333333333333 0.925 0.02 0.02666666666666667
0 0.8316666666666667 0.5083333333333333 0.023333333333333334 0.023333333333333334
0 0.8683333333333333 0.5033333333333333 0.02666666666666667 0.023333333333333334
0 0.7283333333333334 0.54 0.02666666666666667 0.03
0 0.8516666666666667 0.6916666666666667 0.023333333333333334 0.023333333333333334
0 0.58 0.8416666666666667 0.023333333333333334 0.023333333333333334
0 0.5866666666666667 0.5616666666666666 0.03 0.03
0 0.17666666666666667 0.12333333333333334 0.023333333333333334 0.02
0 0.27666666666666667 0.04833333333333333 0.023333333333333334 0.023333333333333334
0 0.24166666666666667 0.056666666666666664 0.023333333333333334 0.02
0 0.29 0.016666666666666666 0.02666666666666667 0.02
0 0.31166666666666665 0.041666666666666664 0.023333333333333334 0.02
0 0.20166666666666666 0.37 0.02666666666666667 0.02666666666666667
0 0.07 0.38 0.03 0.02
0 0.37666666666666665 0.43166666666666664 0.02666666666666667 0.023333333333333334
0 0.35333333333333333 0.7233333333333334 0.03 0.02666666666666667
0 0.4766666666666667 0.9166666666666666 0.03 0.023333333333333334
0 0.45666666666666667 0.7466666666666667 0.02666666666666667 0.02
0 0.47333333333333333 0.8383333333333334 0.03 0.023333333333333334
0 0.4066666666666667 0.6866666666666666 0.023333333333333334 0.023333333333333334
0 0.5366666666666666 0.9266666666666666 0.02 0.02666666666666667
0 0.5066666666666667 0.815 0.023333333333333334 0.023333333333333334
0 0.5133333333333333 0.5333333333333333 0.023333333333333334 0.023333333333333334
0 0.45166666666666666 0.61 0.02 0.021666666666666667