0 0.21333333333333335 0.018333333333333333 0.02666666666666667 0.02
0 0.95 0.013333333333333334 0.03 0.02666666666666667
0 0.43 0.8716666666666667 0.02 0.02
0 0.31666666666666665 0.8283333333333334 0.025 0.023333333333333334
0 0.29833333333333334 0.7966666666666666 0.02666666666666667 0.02
0 0.355 0.7183333333333334 0.02 0.02
0 0.44166666666666665 0.5383333333333333 0.02 0.02
0 0.06 0.805 0.02 0.02
0 0.19833333333333333 0.49 0.02666666666666667 0.023333333333333334
0 0.22 0.5516666666666666 0.02666666666666667 0.023333333333333334
0 0.39 0.7166666666666667 0.023333333333333334 0.023333333333333334
0 0.79 0.8616666666666667 0.028333333333333332 0.025
0 0.8616666666666667 0.8033333333333333 0.02666666666666667 0.02666666666666667
0 0.8733333333333333 0.7133333333333334 0.021666666666666667 0.028333333333333332
0 0.7833333333333333 0.6583333333333333 0.023333333333333334 0.023333333333333334
0 0.6983333333333334 0.8983333333333333 0.018333333333333333 0.023333333333333334
0 0.78 0.9116666666666666 0.02 0.02
0 0.5733333333333334 0.955 0.023333333333333334 0.02
0 0.5416666666666666 0.9683333333333334 0.02666666666666667 0.023333333333333334
0 0.6916666666666667 0.795 0.023333333333333334 0.023333333333333334
0 0.7066666666666667 0.7333333333333333 0.021666666666666667 0.028333333333333332
0 0.9016666666666666 0.5916666666666667 0.023333333333333334 0.023333333333333334
0 0.92 0.6583333333333333 0.02 0.023333333333333334
0 0.035 0.16833333333333333 0.028333333333333332 0.025
0 0.5933333333333334 0.9733333333333334 0.03 0.025
0 0.9266666666666666 0.7933333333333333 0.02 0.021666666666666667
0 0.555 0.42 0.021666666666666667 0.023333333333333334
0 0.065 0.2966666666666667 0.02666666666666667 0.02666666666666667