0 0.6083333333333333 0.9033333333333333 0.03 0.03333333333333333
0 0.5633333333333334 0.83 0.03 0.03
0 0.565 0.8983333333333333 0.02666666666666667 0.02666666666666667
0 0.4633333333333333 0.8316666666666667 0.03 0.03
0 0.47 0.8133333333333334 0.023333333333333334 0.025
0 0.4533333333333333 0.7883333333333333 0.023333333333333334 0.023333333333333334
0 0.44 0.7683333333333333 0.02666666666666667 0.03
0 0.5216666666666666 0.8016666666666666 0.023333333333333334 0.023333333333333334
0 0.5366666666666666 0.7916666666666666 0.03 0.023333333333333334
0 0.49833333333333335 0.7383333333333333 0.03 0.03
0 0.36333333333333334 0.6916666666666667 0.03 0.03
0 0.35333333333333333 0.675 0.02 0.02
0 0.40166666666666667 0.6766666666666666 0.02666666666666667 0.02666666666666667
0 0.4083333333333333 0.6383333333333333 0.023333333333333334 0.023333333333333334
0 0.4866666666666667 0.6983333333333334 0.02666666666666667 0.02666666666666667
0 0.445 0.6866666666666666 0.023333333333333334 0.02
0 0.3883333333333333 0.74 0.02666666666666667 0.02666666666666667
0 0.2833333333333333 0.7066666666666667 0.02666666666666667 0.023333333333333334
0 0.3233333333333333 0.7333333333333333 0.02666666666666667 0.02
0 0.3283333333333333 0.6683333333333333 0.02666666666666667 0.023333333333333334
0 0.35833333333333334 0.6266666666666667 0.03 0.02666666666666667
0 0.39666666666666667 0.5883333333333334 0.023333333333333334 0.023333333333333334
0 0.36333333333333334 0.5933333333333334 0.03 0.023333333333333334
0 0.32 0.5733333333333334 0.03333333333333333 0.03
0 0.22166666666666668 0.5833333333333334 0.028333333333333332 0.03
0 0.32166666666666666 0.6083333333333333 0.03 0.02666666666666667
0 0.28 0.9533333333333334 0.02666666666666667 0.02666666666666667
0 0.06166666666666667 0.3466666666666667 0.02666666666666667 0.02
0 0.4 0.17166666666666666 0.02666666666666667 0.03
0 0.22833333333333333 0.09666666666666666 0.023333333333333334 0.023333333333333334
0 0.5683333333333334 0.19666666666666666 0.03333333333333333 0.03
0 0.6116666666666667 0.23333333333333334 0.02666666666666667 0.02666666666666667
0 0.6266666666666667 0.19666666666666666 0.02666666666666667 0.02
0 0.425 0.74 0.03 0.03
0 0.165 0.9766666666666667 0.02666666666666667 0.028333333333333332
0 0.025 0.7333333333333333 0.03 0.02666666666666667
0 0.4216666666666667 0.6616666666666666 0.02666666666666667 0.02