0 0.4583333333333333 0.5633333333333334 0.023333333333333334 0.02
0 0.62 0.5883333333333334 0.03333333333333333 0.023333333333333334
0 0.6966666666666667 0.6383333333333333 0.023333333333333334 0.023333333333333334
0 0.8083333333333333 0.77 0.025 0.021666666666666667
0 0.795 0.845 0.025 0.025
0 0.7666666666666667 0.8433333333333334 0.02 0.02
0 0.7083333333333334 0.8516666666666667 0.02666666666666667 0.023333333333333334
0 0.7416666666666667 0.8366666666666667 0.02 0.023333333333333334
0 0.8583333333333333 0.7266666666666667 0.023333333333333334 0.02
0 0.7083333333333334 0.6016666666666667 0.02 0.02666666666666667
0 0.6433333333333333 0.55 0.023333333333333334 0.02666666666666667
0 0.6683333333333333 0.7266666666666667 0.02 0.02
0 0.87 0.6 0.02666666666666667 0.023333333333333334
0 0.735 0.6533333333333333 0.02 0.02
0 0.8133333333333334 0.8733333333333333 0.02 0.023333333333333334
0 0.8016666666666666 0.945 0.02 0.02666666666666667
0 0.7716666666666666 0.9516666666666667 0.02 0.02
0 0.8366666666666667 0.9483333333333334 0.021666666666666667 0.021666666666666667
0 0.9066666666666666 0.595 0.023333333333333334 0.023333333333333334
0 0.9283333333333333 0.5933333333333334 0.02 0.02
0 0.8016666666666666 0.25166666666666665 0.02 0.02
0 0.8283333333333334 0.03333333333333333 0.03 0.02666666666666667
0 0.865 0.10666666666666667 0.028333333333333332 0.03166666666666667
0 0.8366666666666667 0.8966666666666666 0.02666666666666667 0.023333333333333334
0 0.8083333333333333 0.5916666666666667 0.02 0.023333333333333334
0 0.685 0.55 0.021666666666666667 0.025
0 0.705 0.5616666666666666 0.02 0.02
0 0.7783333333333333 0.6933333333333334 0.02 0.02
0 0.7383333333333333 0.8933333333333333 0.02 0.02
0 0.7633333333333333 0.6516666666666666 0.025 0.025
0 0.7666666666666667 0.6766666666666666 0.03 0.02
0 0.7933333333333333 0.6466666666666666 0.02 0.021666666666666667
0 0.7616666666666667 0.8266666666666667 0.025 0.023333333333333334
0 0.041666666666666664 0.12833333333333333 0.03 0.03
0 0.9683333333333334 0.165 0.02 0.02
0 0.78 0.815 0.023333333333333334 0.023333333333333334
0 0.66 0.965 0.02666666666666667 0.02666666666666667
0 0.875 0.018333333333333333 0.02666666666666667 0.02666666666666667
0 0.9883333333333333 0.07166666666666667 0.023333333333333334 0.023333333333333334
0 0.7366666666666667 0.73 0.02 0.02
0 0.8633333333333333 0.6216666666666667 0.02 0.02
0 0.7766666666666666 0.925 0.023333333333333334 0.023333333333333334
0 0.99 0.15166666666666667 0.02 0.016666666666666666
0 0.915 0.03166666666666667 0.023333333333333334 0.023333333333333334
0 0.8316666666666667 0.245 0.02 0.023333333333333334
0 0.5683333333333334 0.35833333333333334 0.023333333333333334 0.023333333333333334
0 0.695 0.79 0.021666666666666667 0.02
0 0.755 0.595 0.023333333333333334 0.02
0 0.7416666666666667 0.7116666666666667 0.023333333333333334 0.023333333333333334
0 0.4766666666666667 0.37333333333333335 0.02 0.021666666666666667
0 0.8283333333333334 0.755 0.023333333333333334 0.02666666666666667
0 0.46 0.3333333333333333 0.023333333333333334 0.02666666666666667
0 0.845 0.8666666666666667 0.02666666666666667 0.028333333333333332
0 0.6566666666666666 0.6183333333333333 0.018333333333333333 0.025
0 0.845 0.835 0.02 0.025
0 0.875 0.64 0.02 0.021666666666666667
0 0.785 0.7233333333333334 0.023333333333333334 0.025
0 0.92 0.6516666666666666 0.02 0.018333333333333333
0 0.8966666666666666 0.32666666666666666 0.02 0.021666666666666667
0 0.9166666666666666 0.2916666666666667 0.021666666666666667 0.02