0 0.16833333333333333 0.9283333333333333 0.02666666666666667 0.02666666666666667
0 0.35333333333333333 0.885 0.023333333333333334 0.023333333333333334
0 0.15666666666666668 0.6366666666666667 0.02666666666666667 0.02666666666666667
0 0.12833333333333333 0.9 0.023333333333333334 0.02
0 0.9466666666666667 0.8116666666666666 0.02666666666666667 0.02666666666666667
0 0.645 0.7916666666666666 0.028333333333333332 0.03166666666666667
0 0.94 0.6833333333333333 0.03 0.03
0 0.9716666666666667 0.7433333333333333 0.02666666666666667 0.02666666666666667
0 0.9783333333333334 0.61 0.02666666666666667 0.023333333333333334
0 0.8183333333333334 0.5316666666666666 0.02666666666666667 0.02666666666666667
0 0.975 0.8066666666666666 0.02666666666666667 0.023333333333333334
0 0.39 0.17666666666666667 0.03333333333333333 0.028333333333333332
0 0.08833333333333333 0.21666666666666667 0.02 0.023333333333333334
0 0.365 0.7683333333333333 0.025 0.02666666666666667
0 0.07166666666666667 0.09 0.02666666666666667 0.03
0 0.056666666666666664 0.29 0.02666666666666667 0.025