0 0.17833333333333334 0.065 0.02666666666666667 0.023333333333333334
0 0.49666666666666665 0.4216666666666667 0.02666666666666667 0.023333333333333334
0 0.425 0.09333333333333334 0.02666666666666667 0.023333333333333334
0 0.095 0.105 0.02666666666666667 0.02666666666666667
0 0.09166666666666666 0.535 0.03 0.02
0 0.6316666666666667 0.5233333333333333 0.02 0.02
0 0.06833333333333333 0.5533333333333333 0.03166666666666667 0.03
0 0.9883333333333333 0.5566666666666666 0.023333333333333334 0.03
0 0.96 0.91 0.02666666666666667 0.03
0 0.04833333333333333 0.6016666666666667 0.02666666666666667 0.02666666666666667
0 0.7166666666666667 0.7483333333333333 0.023333333333333334 0.023333333333333334
0 0.9383333333333334 0.755 0.02666666666666667 0.02666666666666667
0 0.9333333333333333 0.9133333333333333 0.023333333333333334 0.023333333333333334
0 0.6666666666666666 0.5083333333333333 0.02666666666666667 0.02666666666666667
0 0.015 0.14833333333333334 0.02666666666666667 0.023333333333333334
0 0.04833333333333333 0.5333333333333333 0.028333333333333332 0.03
0 0.7333333333333333 0.485 0.025 0.023333333333333334
0 0.03833333333333333 0.6266666666666667 0.023333333333333334 0.023333333333333334
0 0.015 0.6133333333333333 0.025 0.02666666666666667
0 0.18166666666666667 0.5683333333333334 0.018333333333333333 0.025
0 0.185 0.16833333333333333 0.03 0.02666666666666667