0 0.21666666666666667 0.4066666666666667 0.03 0.02666666666666667
0 0.17 0.37166666666666665 0.023333333333333334 0.02
0 0.056666666666666664 0.28833333333333333 0.02666666666666667 0.02666666666666667
0 0.058333333333333334 0.24 0.02666666666666667 0.03
0 0.09833333333333333 0.28833333333333333 0.02 0.023333333333333334
0 0.27166666666666667 0.36 0.03 0.03
0 0.36 0.3883333333333333 0.02 0.02
0 0.385 0.365 0.023333333333333334 0.02
0 0.755 0.43166666666666664 0.03 0.03
0 0.04666666666666667 0.095 0.02666666666666667 0.03
0 0.21166666666666667 0.6783333333333333 0.023333333333333334 0.023333333333333334
0 0.6933333333333334 0.11166666666666666 0.023333333333333334 0.023333333333333334
0 0.8483333333333334 0.043333333333333335 0.023333333333333334 0.02
0 0.2 0.37333333333333335 0.02666666666666667 0.02
0 0.9383333333333334 0.6516666666666666 0.023333333333333334 0.023333333333333334
0 0.24833333333333332 0.43833333333333335 0.02666666666666667 0.02666666666666667
0 0.235 0.715 0.023333333333333334 0.023333333333333334
0 0.23166666666666666 0.79 0.02666666666666667 0.02666666666666667
0 0.11 0.3016666666666667 0.02666666666666667 0.023333333333333334
0 0.8316666666666667 0.056666666666666664 0.023333333333333334 0.023333333333333334
0 0.24833333333333332 0.6983333333333334 0.028333333333333332 0.025
0 0.7616666666666667 0.085 0.02666666666666667 0.023333333333333334