0 0.6233333333333333 0.018333333333333333 0.023333333333333334 0.023333333333333334
0 0.5733333333333334 0.12166666666666667 0.02 0.016666666666666666
0 0.6566666666666666 0.01 0.02 0.02
0 0.7016666666666667 0.2783333333333333 0.023333333333333334 0.02666666666666667
0 0.5466666666666666 0.095 0.023333333333333334 0.023333333333333334
0 0.5566666666666666 0.4216666666666667 0.023333333333333334 0.023333333333333334
0 0.5733333333333334 0.3516666666666667 0.028333333333333332 0.03166666666666667
0 0.7233333333333334 0.29833333333333334 0.023333333333333334 0.023333333333333334
0 0.875 0.02666666666666667 0.02 0.02
0 0.765 0.48 0.02666666666666667 0.023333333333333334
0 0.585 0.305 0.023333333333333334 0.02666666666666667
0 0.7666666666666667 0.45666666666666667 0.023333333333333334 0.023333333333333334
0 0.4166666666666667 0.12333333333333334 0.02666666666666667 0.02666666666666667
0 0.4816666666666667 0.105 0.02666666666666667 0.02
0 0.3 0.29 0.03 0.023333333333333334
0 0.45166666666666666 0.06666666666666667 0.03 0.023333333333333334
0 0.4083333333333333 0.09166666666666666 0.03 0.023333333333333334
0 0.19833333333333333 0.365 0.02 0.023333333333333334
0 0.043333333333333335 0.09666666666666666 0.03 0.02666666666666667
0 0.15666666666666668 0.06833333333333333 0.02666666666666667 0.02666666666666667
0 0.21666666666666667 0.2733333333333333 0.03 0.02666666666666667
0 0.2816666666666667 0.3933333333333333 0.023333333333333334 0.023333333333333334
0 0.30333333333333334 0.11333333333333333 0.03 0.02666666666666667
0 0.2733333333333333 0.08166666666666667 0.03 0.03
0 0.24333333333333335 0.39666666666666667 0.023333333333333334 0.023333333333333334
0 0.08333333333333333 0.32166666666666666 0.023333333333333334 0.023333333333333334
0 0.475 0.23333333333333334 0.02666666666666667 0.02
0 0.48333333333333334 0.185 0.02666666666666667 0.023333333333333334
0 0.14166666666666666 0.10166666666666667 0.023333333333333334 0.023333333333333334
0 0.5083333333333333 0.37666666666666665 0.023333333333333334 0.02666666666666667
0 0.5216666666666666 0.13833333333333334 0.02666666666666667 0.023333333333333334
0 0.8566666666666667 0.7383333333333333 0.023333333333333334 0.023333333333333334
0 0.3333333333333333 0.8733333333333333 0.03 0.023333333333333334
0 0.19 0.945 0.02 0.023333333333333334
0 0.14166666666666666 0.9733333333333334 0.02666666666666667 0.023333333333333334
0 0.43833333333333335 0.5416666666666666 0.023333333333333334 0.02666666666666667
0 0.6416666666666667 0.5583333333333333 0.03 0.02666666666666667
0 0.16666666666666666 0.57 0.02 0.023333333333333334
0 0.9016666666666666 0.6616666666666666 0.025 0.028333333333333332
0 0.955 0.52 0.02666666666666667 0.028333333333333332
0 0.2 0.585 0.03 0.03
0 0.37666666666666665 0.7783333333333333 0.023333333333333334 0.023333333333333334