0 0.6433333333333333 0.5816666666666667 0.03 0.03
0 0.5216666666666666 0.61 0.023333333333333334 0.02
0 0.5816666666666667 0.635 0.02666666666666667 0.023333333333333334
0 0.7416666666666667 0.6416666666666667 0.03 0.03
0 0.8266666666666667 0.6483333333333333 0.03 0.03
0 0.5233333333333333 0.7033333333333334 0.03 0.02
0 0.375 0.7383333333333333 0.021666666666666667 0.023333333333333334
0 0.4116666666666667 0.76 0.03 0.02666666666666667
0 0.235 0.78 0.02666666666666667 0.023333333333333334
0 0.2966666666666667 0.7833333333333333 0.02666666666666667 0.023333333333333334
0 0.4216666666666667 0.8066666666666666 0.02666666666666667 0.03
0 0.3466666666666667 0.835 0.02666666666666667 0.02666666666666667
0 0.45166666666666666 0.8433333333333334 0.02666666666666667 0.03
0 0.28 0.5583333333333333 0.03 0.03333333333333333
0 0.8366666666666667 0.7116666666666667 0.03 0.02666666666666667
0 0.45666666666666667 0.5683333333333334 0.02666666666666667 0.02666666666666667
0 0.3466666666666667 0.6183333333333333 0.023333333333333334 0.023333333333333334
0 0.5383333333333333 0.685 0.023333333333333334 0.023333333333333334
0 0.4583333333333333 0.5983333333333334 0.023333333333333334 0.023333333333333334
0 0.69 0.695 0.03 0.02666666666666667
0 0.6983333333333334 0.6 0.023333333333333334 0.023333333333333334
0 0.53 0.6366666666666667 0.023333333333333334 0.023333333333333334
0 0.4583333333333333 0.8116666666666666 0.028333333333333332 0.03
0 0.2966666666666667 0.625 0.02666666666666667 0.023333333333333334
0 0.4816666666666667 0.5766666666666667 0.02 0.02
0 0.67 0.795 0.028333333333333332 0.025
0 0.25333333333333335 0.8916666666666667 0.025 0.025