0 0.12333333333333334 0.22833333333333333 0.023333333333333334 0.02666666666666667
0 0.11833333333333333 0.03333333333333333 0.02 0.02
0 0.445 0.40166666666666667 0.02666666666666667 0.03
0 0.025 0.15333333333333332 0.023333333333333334 0.023333333333333334
0 0.2 0.24833333333333332 0.023333333333333334 0.023333333333333334
0 0.42333333333333334 0.255 0.02666666666666667 0.02666666666666667
0 0.4166666666666667 0.415 0.023333333333333334 0.023333333333333334
0 0.19 0.815 0.021666666666666667 0.025
0 0.15333333333333332 0.016666666666666666 0.021666666666666667 0.023333333333333334
0 0.6416666666666667 0.915 0.03 0.03
0 0.7983333333333333 0.9766666666666667 0.02 0.02
0 0.5816666666666667 0.96 0.02 0.023333333333333334