0 0.32666666666666666 0.375 0.023333333333333334 0.023333333333333334
0 0.24166666666666667 0.4033333333333333 0.023333333333333334 0.023333333333333334
0 0.385 0.12666666666666668 0.035 0.028333333333333332
0 0.5083333333333333 0.17666666666666667 0.023333333333333334 0.023333333333333334
0 0.5016666666666667 0.2683333333333333 0.023333333333333334 0.023333333333333334
0 0.22333333333333333 0.25166666666666665 0.023333333333333334 0.02666666666666667
0 0.34 0.07166666666666667 0.02666666666666667 0.023333333333333334
0 0.175 0.11333333333333333 0.02666666666666667 0.023333333333333334
0 0.14833333333333334 0.03166666666666667 0.03 0.02666666666666667
0 0.17166666666666666 0.305 0.02666666666666667 0.023333333333333334
0 0.075 0.32166666666666666 0.025 0.028333333333333332
0 0.21166666666666667 0.3016666666666667 0.02666666666666667 0.02666666666666667
0 0.3466666666666667 0.43333333333333335 0.02666666666666667 0.02666666666666667
0 0.37333333333333335 0.06833333333333333 0.023333333333333334 0.023333333333333334
0 0.485 0.18666666666666668 0.03 0.03
0 0.11 0.21 0.02666666666666667 0.023333333333333334
0 0.175 0.2833333333333333 0.02666666666666667 0.023333333333333334
0 0.5466666666666666 0.27666666666666667 0.023333333333333334 0.023333333333333334
0 0.15166666666666667 0.2866666666666667 0.023333333333333334 0.023333333333333334
0 0.3516666666666667 0.035 0.02666666666666667 0.02666666666666667
0 0.30833333333333335 0.22833333333333333 0.02666666666666667 0.02666666666666667
0 0.5083333333333333 0.24333333333333335 0.023333333333333334 0.023333333333333334
0 0.22166666666666668 0.37166666666666665 0.02666666666666667 0.02666666666666667
0 0.32666666666666666 0.09833333333333333 0.02666666666666667 0.02666666666666667
0 0.44166666666666665 0.03333333333333333 0.02666666666666667 0.02666666666666667
0 0.25 0.3616666666666667 0.023333333333333334 0.023333333333333334
0 0.17833333333333334 0.32666666666666666 0.023333333333333334 0.023333333333333334
0 0.14666666666666667 0.3233333333333333 0.02666666666666667 0.023333333333333334
0 0.235 0.34833333333333333 0.023333333333333334 0.023333333333333334
0 0.13166666666666665 0.25833333333333336 0.02666666666666667 0.02666666666666667
0 0.6133333333333333 0.04 0.023333333333333334 0.023333333333333334
0 0.06333333333333334 0.12333333333333334 0.03 0.03
0 0.20833333333333334 0.35833333333333334 0.02666666666666667 0.03
0 0.46166666666666667 0.425 0.03333333333333333 0.04
0 0.45166666666666666 0.4716666666666667 0.03666666666666667 0.02666666666666667
0 0.44666666666666666 0.06333333333333334 0.03 0.03333333333333333
0 0.11 0.011666666666666667 0.03666666666666667 0.023333333333333334
0 0.47333333333333333 0.16666666666666666 0.03 0.023333333333333334
0 0.3333333333333333 0.01 0.02666666666666667 0.02
0 0.45166666666666666 0.10666666666666667 0.03 0.02
0 0.44333333333333336 0.22833333333333333 0.02666666666666667 0.02666666666666667
0 0.18833333333333332 0.21333333333333335 0.02666666666666667 0.02666666666666667
0 0.6666666666666666 0.115 0.02666666666666667 0.023333333333333334
0 0.09666666666666666 0.145 0.023333333333333334 0.023333333333333334
0 0.09166666666666666 0.115 0.023333333333333334 0.023333333333333334
0 0.255 0.42 0.02666666666666667 0.02
0 0.3233333333333333 0.58 0.03 0.02666666666666667
0 0.26166666666666666 0.5116666666666667 0.03166666666666667 0.023333333333333334
0 0.16166666666666665 0.825 0.03 0.02
0 0.07 0.7816666666666666 0.023333333333333334 0.023333333333333334
0 0.07333333333333333 0.9716666666666667 0.023333333333333334 0.02666666666666667
0 0.25333333333333335 0.9733333333333334 0.02 0.02
0 0.33666666666666667 0.8366666666666667 0.028333333333333332 0.025
0 0.45166666666666666 0.9 0.025 0.025
0 0.43 0.74 0.03 0.02666666666666667
0 0.43166666666666664 0.575 0.023333333333333334 0.02
0 0.23166666666666666 0.8233333333333334 0.02666666666666667 0.02
0 0.44666666666666666 0.5483333333333333 0.03 0.02666666666666667
0 0.23333333333333334 0.6183333333333333 0.03 0.025
0 0.12333333333333334 0.8183333333333334 0.02666666666666667 0.02666666666666667
0 0.30666666666666664 0.9633333333333334 0.02666666666666667 0.02666666666666667
0 0.4716666666666667 0.8583333333333333 0.02666666666666667 0.02666666666666667
0 0.21 0.5933333333333334 0.03 0.03
0 0.23166666666666666 0.9516666666666667 0.02666666666666667 0.023333333333333334
0 0.28 0.6116666666666667 0.03333333333333333 0.03333333333333333
0 0.24666666666666667 0.7266666666666667 0.02666666666666667 0.02666666666666667
0 0.26666666666666666 0.7433333333333333 0.023333333333333334 0.03333333333333333
0 0.6116666666666667 0.59 0.03166666666666667 0.023333333333333334
0 0.675 0.8066666666666666 0.02666666666666667 0.02666666666666667
0 0.016666666666666666 0.9683333333333334 0.023333333333333334 0.028333333333333332
0 0.2633333333333333 0.935 0.02666666666666667 0.021666666666666667
0 0.35833333333333334 0.755 0.03 0.03
0 0.155 0.85 0.02 0.02666666666666667