0 0.8066666666666666 0.095 0.02666666666666667 0.025
0 0.7616666666666667 0.26166666666666666 0.02666666666666667 0.02
0 0.6533333333333333 0.44666666666666666 0.02666666666666667 0.02666666666666667
0 0.5466666666666666 0.285 0.023333333333333334 0.02666666666666667
0 0.8083333333333333 0.021666666666666667 0.02666666666666667 0.02666666666666667
0 0.5383333333333333 0.4066666666666667 0.03 0.03
0 0.9483333333333334 0.11333333333333333 0.023333333333333334 0.02
0 0.7583333333333333 0.12333333333333334 0.023333333333333334 0.02
0 0.6166666666666667 0.36333333333333334 0.02 0.02
0 0.61 0.41 0.03 0.03
0 0.02666666666666667 0.09833333333333333 0.02666666666666667 0.023333333333333334
0 0.11833333333333333 0.105 0.02666666666666667 0.023333333333333334
0 0.045 0.135 0.02666666666666667 0.02
0 0.028333333333333332 0.16166666666666665 0.023333333333333334 0.023333333333333334
0 0.14666666666666667 0.10833333333333334 0.02 0.02
0 0.24833333333333332 0.5833333333333334 0.03 0.02666666666666667
0 0.23833333333333334 0.6433333333333333 0.03 0.02666666666666667
0 0.38 0.4816666666666667 0.023333333333333334 0.023333333333333334
0 0.29 0.58 0.03 0.03
0 0.2866666666666667 0.6 0.02666666666666667 0.03
0 0.41333333333333333 0.40166666666666667 0.03 0.03
0 0.4583333333333333 0.33 0.02666666666666667 0.02666666666666667
0 0.9 0.5433333333333333 0.023333333333333334 0.023333333333333334
0 0.9166666666666666 0.5633333333333334 0.023333333333333334 0.023333333333333334
0 0.7333333333333333 0.5666666666666667 0.03 0.03666666666666667