0 0.5566666666666666 0.31833333333333336 0.03 0.03
0 0.5666666666666667 0.6383333333333333 0.02 0.02666666666666667
0 0.6316666666666667 0.87 0.02666666666666667 0.03
0 0.7983333333333333 0.21833333333333332 0.02666666666666667 0.03
0 0.6183333333333333 0.8966666666666666 0.03 0.03
0 0.955 0.04666666666666667 0.02 0.02
0 0.6333333333333333 0.9183333333333333 0.03 0.03
0 0.8383333333333334 0.8833333333333333 0.02666666666666667 0.02666666666666667
0 0.765 0.8583333333333333 0.02666666666666667 0.02666666666666667
0 0.7883333333333333 0.8283333333333334 0.023333333333333334 0.023333333333333334
0 0.6266666666666667 0.695 0.023333333333333334 0.023333333333333334
0 0.9283333333333333 0.008333333333333333 0.03 0.016666666666666666
0 0.4083333333333333 0.8083333333333333 0.023333333333333334 0.02666666666666667
0 0.23333333333333334 0.7816666666666666 0.028333333333333332 0.028333333333333332
0 0.25833333333333336 0.8616666666666667 0.02666666666666667 0.023333333333333334
0 0.47833333333333333 0.7033333333333334 0.02666666666666667 0.023333333333333334
0 0.09166666666666666 0.7566666666666667 0.03 0.03
0 0.28 0.8183333333333334 0.023333333333333334 0.023333333333333334
0 0.2916666666666667 0.7633333333333333 0.023333333333333334 0.023333333333333334
0 0.14666666666666667 0.21166666666666667 0.02 0.023333333333333334
0 0.2633333333333333 0.2733333333333333 0.03 0.03
0 0.19 0.23166666666666666 0.023333333333333334 0.02666666666666667
0 0.2816666666666667 0.056666666666666664 0.03 0.02666666666666667
0 0.41333333333333333 0.12833333333333333 0.03 0.03
0 0.22 0.44166666666666665 0.02666666666666667 0.02666666666666667
0 0.09333333333333334 0.011666666666666667 0.02666666666666667 0.023333333333333334
0 0.285 0.39166666666666666 0.02666666666666667 0.03166666666666667
0 0.51 0.8 0.023333333333333334 0.025