0 0.47333333333333333 0.31833333333333336 0.03 0.02666666666666667
0 0.21166666666666667 0.465 0.02666666666666667 0.03
0 0.26666666666666666 0.5966666666666667 0.02666666666666667 0.02666666666666667
0 0.8216666666666667 0.6116666666666667 0.03 0.023333333333333334
0 0.5566666666666666 0.6783333333333333 0.023333333333333334 0.023333333333333334
0 0.62 0.18 0.028333333333333332 0.02666666666666667
0 0.7333333333333333 0.19166666666666668 0.03333333333333333 0.03
0 0.8833333333333333 0.12833333333333333 0.03666666666666667 0.03333333333333333
0 0.6483333333333333 0.03666666666666667 0.02666666666666667 0.023333333333333334
0 0.7083333333333334 0.02666666666666667 0.02666666666666667 0.02666666666666667
0 0.6666666666666666 0.06666666666666667 0.03 0.02666666666666667
0 0.56 0.15833333333333333 0.03 0.023333333333333334
0 0.5366666666666666 0.3516666666666667 0.03 0.02666666666666667
0 0.5333333333333333 0.045 0.03 0.02
0 0.7966666666666666 0.008333333333333333 0.02666666666666667 0.016666666666666666
0 0.56 0.011666666666666667 0.03 0.023333333333333334
0 0.6033333333333334 0.008333333333333333 0.03333333333333333 0.016666666666666666
0 0.6016666666666667 0.02666666666666667 0.02666666666666667 0.023333333333333334
0 0.5116666666666667 0.025 0.02666666666666667 0.023333333333333334
0 0.5933333333333334 0.15333333333333332 0.02666666666666667 0.02666666666666667
0 0.7033333333333334 0.058333333333333334 0.023333333333333334 0.02
0 0.8583333333333333 0.03333333333333333 0.023333333333333334 0.023333333333333334
0 0.62 0.24166666666666667 0.02666666666666667 0.028333333333333332
0 0.9116666666666666 0.028333333333333332 0.03 0.03
0 0.075 0.7183333333333334 0.03 0.03