0 0.7283333333333334 0.22 0.023333333333333334 0.02
0 0.68 0.24333333333333335 0.03333333333333333 0.02
0 0.7083333333333334 0.23833333333333334 0.02 0.02
0 0.6883333333333334 0.25833333333333336 0.023333333333333334 0.02
0 0.5983333333333334 0.3516666666666667 0.02666666666666667 0.03
0 0.82 0.24833333333333332 0.02666666666666667 0.023333333333333334
0 0.7066666666666667 0.4216666666666667 0.02666666666666667 0.03
0 0.9383333333333334 0.36 0.023333333333333334 0.023333333333333334
0 0.7383333333333333 0.5766666666666667 0.02666666666666667 0.023333333333333334
0 0.7783333333333333 0.6016666666666667 0.02 0.023333333333333334
0 0.7333333333333333 0.08666666666666667 0.03 0.023333333333333334
0 0.8 0.11666666666666667 0.02666666666666667 0.023333333333333334
0 0.925 0.5566666666666666 0.02 0.02666666666666667
0 0.6283333333333333 0.31833333333333336 0.03333333333333333 0.03
0 0.8016666666666666 0.38333333333333336 0.02666666666666667 0.02666666666666667
0 0.8816666666666667 0.6 0.023333333333333334 0.023333333333333334
0 0.555 0.375 0.03 0.03
0 0.8116666666666666 0.43 0.023333333333333334 0.023333333333333334
0 0.9616666666666667 0.4216666666666667 0.03 0.03666666666666667
0 0.4766666666666667 0.6916666666666667 0.02666666666666667 0.02