0 0.15833333333333333 0.8566666666666667 0.028333333333333332 0.03
0 0.15333333333333332 0.7566666666666667 0.02666666666666667 0.023333333333333334
0 0.345 0.6616666666666666 0.02666666666666667 0.028333333333333332
0 0.26666666666666666 0.67 0.03166666666666667 0.03
0 0.19833333333333333 0.7666666666666667 0.02666666666666667 0.02666666666666667
0 0.25333333333333335 0.6183333333333333 0.02666666666666667 0.03
0 0.2816666666666667 0.64 0.03 0.028333333333333332
0 0.23666666666666666 0.7083333333333334 0.03333333333333333 0.03166666666666667
0 0.985 0.8816666666666667 0.02666666666666667 0.02666666666666667
0 0.5716666666666667 0.875 0.03 0.03
0 0.6183333333333333 0.145 0.02666666666666667 0.023333333333333334
0 0.09833333333333333 0.13333333333333333 0.03 0.023333333333333334
0 0.13833333333333334 0.14166666666666666 0.03 0.03
0 0.08 0.28833333333333333 0.028333333333333332 0.02666666666666667
0 0.31333333333333335 0.49 0.025 0.02666666666666667
0 0.415 0.42833333333333334 0.02666666666666667 0.02666666666666667
0 0.03666666666666667 0.16666666666666666 0.03 0.03
0 0.04666666666666667 0.21666666666666667 0.03 0.03
0 0.10833333333333334 0.20166666666666666 0.03 0.02666666666666667
0 0.06666666666666667 0.275 0.03 0.02666666666666667
0 0.028333333333333332 0.32666666666666666 0.02666666666666667 0.02
0 0.01 0.33666666666666667 0.02 0.03
0 0.01 0.23666666666666666 0.02 0.023333333333333334
0 0.7116666666666667 0.19333333333333333 0.02666666666666667 0.023333333333333334
0 0.39166666666666666 0.47333333333333333 0.023333333333333334 0.02
0 0.035 0.2633333333333333 0.021666666666666667 0.021666666666666667