0 0.04833333333333333 0.14833333333333334 0.023333333333333334 0.02
0 0.9216666666666666 0.42333333333333334 0.03 0.02666666666666667
0 0.7533333333333333 0.3416666666666667 0.023333333333333334 0.023333333333333334
0 0.7866666666666666 0.36333333333333334 0.02666666666666667 0.02666666666666667
0 0.07166666666666667 0.15333333333333332 0.02666666666666667 0.023333333333333334
0 0.8766666666666667 0.5933333333333334 0.03 0.02666666666666667
0 0.7733333333333333 0.9733333333333334 0.035 0.035
0 0.9716666666666667 0.94 0.02666666666666667 0.02666666666666667
0 0.33 0.8316666666666667 0.03333333333333333 0.028333333333333332
0 0.09833333333333333 0.9716666666666667 0.03333333333333333 0.03
0 0.14 0.8883333333333333 0.02666666666666667 0.02666666666666667
0 0.8366666666666667 0.87 0.03 0.03
0 0.13666666666666666 0.8616666666666667 0.02666666666666667 0.023333333333333334
0 0.08833333333333333 0.8333333333333334 0.023333333333333334 0.023333333333333334
0 0.44666666666666666 0.8533333333333334 0.03666666666666667 0.03333333333333333
0 0.3566666666666667 0.42 0.03166666666666667 0.03166666666666667
0 0.9883333333333333 0.605 0.023333333333333334 0.03
0 0.2 0.81 0.02666666666666667 0.025
0 0.865 0.68 0.03333333333333333 0.02666666666666667