0 0.8516666666666667 0.9866666666666667 0.023333333333333334 0.02
0 0.37666666666666665 0.89 0.02666666666666667 0.02666666666666667
0 0.19833333333333333 0.7933333333333333 0.02666666666666667 0.023333333333333334
0 0.9166666666666666 0.6516666666666666 0.03 0.02666666666666667
0 0.8633333333333333 0.5883333333333334 0.023333333333333334 0.023333333333333334
0 0.9033333333333333 0.8933333333333333 0.03 0.03
0 0.715 0.7833333333333333 0.023333333333333334 0.02
0 0.6483333333333333 0.81 0.03 0.02666666666666667
0 0.265 0.57 0.02666666666666667 0.02666666666666667
0 0.8566666666666667 0.9 0.03 0.02666666666666667
0 0.885 0.8766666666666667 0.03 0.03
0 0.6933333333333334 0.5766666666666667 0.023333333333333334 0.02666666666666667
0 0.775 0.585 0.02666666666666667 0.02666666666666667
0 0.8433333333333334 0.665 0.03 0.02666666666666667
0 0.9416666666666667 0.5283333333333333 0.023333333333333334 0.02
0 0.9483333333333334 0.5583333333333333 0.02 0.02
0 0.9883333333333333 0.6483333333333333 0.02 0.016666666666666666
0 0.6266666666666667 0.525 0.02 0.02
0 0.5933333333333334 0.5566666666666666 0.02 0.02
0 0.8683333333333333 0.825 0.02 0.02
0 0.9266666666666666 0.9066666666666666 0.03 0.023333333333333334
0 0.21833333333333332 0.6866666666666666 0.02 0.023333333333333334
0 0.695 0.8383333333333334 0.02 0.02
0 0.515 0.6683333333333333 0.02666666666666667 0.023333333333333334
0 0.8066666666666666 0.9483333333333334 0.02666666666666667 0.023333333333333334
0 0.5116666666666667 0.5733333333333334 0.03 0.03
0 0.5816666666666667 0.7333333333333333 0.02666666666666667 0.02666666666666667
0 0.6866666666666666 0.5516666666666666 0.023333333333333334 0.023333333333333334
0 0.8716666666666667 0.9333333333333333 0.02666666666666667 0.02666666666666667
0 0.8583333333333333 0.815 0.023333333333333334 0.023333333333333334
0 0.625 0.7966666666666666 0.02666666666666667 0.023333333333333334
0 0.7966666666666666 0.9783333333333334 0.023333333333333334 0.023333333333333334
0 0.23666666666666666 0.6966666666666667 0.023333333333333334 0.023333333333333334
0 0.37166666666666665 0.97 0.023333333333333334 0.02666666666666667
0 0.18666666666666668 0.5716666666666667 0.02 0.023333333333333334
0 0.36333333333333334 0.5616666666666666 0.023333333333333334 0.02666666666666667
0 0.7266666666666667 0.8066666666666666 0.02 0.023333333333333334
0 0.9 0.075 0.023333333333333334 0.02
0 0.7383333333333333 0.14666666666666667 0.023333333333333334 0.02666666666666667
0 0.525 0.25166666666666665 0.02666666666666667 0.03
0 0.4533333333333333 0.07166666666666667 0.02666666666666667 0.02666666666666667
0 0.51 0.08833333333333333 0.02666666666666667 0.023333333333333334
0 0.47 0.09333333333333334 0.023333333333333334 0.02
0 0.8183333333333334 0.2866666666666667 0.03 0.02666666666666667
0 0.9383333333333334 0.31666666666666665 0.03 0.023333333333333334
0 0.9316666666666666 0.18166666666666667 0.02666666666666667 0.023333333333333334
0 0.9366666666666666 0.03833333333333333 0.03 0.02666666666666667
0 0.7733333333333333 0.44333333333333336 0.02666666666666667 0.023333333333333334
0 0.9216666666666666 0.21666666666666667 0.03 0.02
0 0.8716666666666667 0.25666666666666665 0.02 0.02
0 0.8933333333333333 0.03166666666666667 0.02666666666666667 0.023333333333333334
0 0.8833333333333333 0.135 0.023333333333333334 0.023333333333333334
0 0.87 0.23166666666666666 0.023333333333333334 0.023333333333333334
0 0.435 0.335 0.023333333333333334 0.023333333333333334
0 0.8883333333333333 0.475 0.023333333333333334 0.023333333333333334
0 0.8816666666666667 0.2816666666666667 0.02 0.02
0 0.91 0.23666666666666666 0.023333333333333334 0.02
0 0.9033333333333333 0.25666666666666665 0.02 0.02
0 0.9733333333333334 0.13166666666666665 0.023333333333333334 0.023333333333333334
0 0.5883333333333334 0.24 0.023333333333333334 0.03
0 0.9833333333333333 0.16666666666666666 0.028333333333333332 0.03
0 0.835 0.1 0.02 0.025