0 0.015 0.255 0.025 0.028333333333333332
0 0.07833333333333334 0.21833333333333332 0.023333333333333334 0.02666666666666667
0 0.13166666666666665 0.735 0.023333333333333334 0.02666666666666667
0 0.12333333333333334 0.5316666666666666 0.02 0.02
0 0.48 0.56 0.03 0.03
0 0.4533333333333333 0.9133333333333333 0.02666666666666667 0.03
0 0.028333333333333332 0.6533333333333333 0.023333333333333334 0.02666666666666667
0 0.205 0.7533333333333333 0.023333333333333334 0.023333333333333334
0 0.43166666666666664 0.7633333333333333 0.02666666666666667 0.02666666666666667
0 0.15833333333333333 0.5166666666666667 0.02666666666666667 0.02666666666666667
0 0.675 0.44166666666666665 0.03 0.02666666666666667
0 0.6416666666666667 0.45166666666666666 0.03 0.023333333333333334