0 0.22666666666666666 0.95 0.021666666666666667 0.021666666666666667
0 0.435 0.5966666666666667 0.023333333333333334 0.023333333333333334
0 0.7433333333333333 0.8783333333333333 0.02666666666666667 0.02666666666666667
0 0.755 0.9216666666666666 0.023333333333333334 0.023333333333333334
0 0.7816666666666666 0.9066666666666666 0.02 0.023333333333333334
0 0.7883333333333333 0.8383333333333334 0.016666666666666666 0.02666666666666667
0 0.7466666666666667 0.9566666666666667 0.03 0.02666666666666667
0 0.895 0.058333333333333334 0.023333333333333334 0.02
0 0.885 0.12333333333333334 0.028333333333333332 0.02666666666666667
0 0.7466666666666667 0.23666666666666666 0.023333333333333334 0.023333333333333334
0 0.7533333333333333 0.25666666666666665 0.02 0.02
0 0.8266666666666667 0.3383333333333333 0.03 0.03
0 0.5816666666666667 0.49333333333333335 0.02666666666666667 0.03
0 0.6116666666666667 0.5016666666666667 0.023333333333333334 0.02
0 0.9583333333333334 0.29333333333333333 0.03 0.023333333333333334
0 0.9783333333333334 0.125 0.02666666666666667 0.02666666666666667
0 0.8516666666666667 0.21833333333333332 0.02666666666666667 0.02666666666666667
0 0.9583333333333334 0.33666666666666667 0.02 0.02
0 0.835 0.17166666666666666 0.02666666666666667 0.023333333333333334
0 0.09666666666666666 0.07833333333333334 0.023333333333333334 0.023333333333333334
0 0.8733333333333333 0.3 0.021666666666666667 0.021666666666666667
0 0.7966666666666666 0.36666666666666664 0.025 0.025
0 0.875 0.195 0.018333333333333333 0.023333333333333334