0 0.48833333333333334 0.28 0.03 0.03
0 0.5433333333333333 0.49333333333333335 0.028333333333333332 0.025
0 0.57 0.49 0.028333333333333332 0.02666666666666667
0 0.28 0.82 0.03 0.03
0 0.25833333333333336 0.85 0.03 0.03
0 0.8383333333333334 0.7583333333333333 0.023333333333333334 0.03
0 0.5433333333333333 0.8866666666666667 0.03 0.02666666666666667
0 0.9833333333333333 0.3433333333333333 0.023333333333333334 0.02666666666666667
0 0.6733333333333333 0.26666666666666666 0.023333333333333334 0.023333333333333334
0 0.63 0.03833333333333333 0.03333333333333333 0.03
0 0.12333333333333334 0.15333333333333332 0.023333333333333334 0.02666666666666667
0 0.6616666666666666 0.6216666666666667 0.028333333333333332 0.028333333333333332
0 0.6883333333333334 0.495 0.03 0.02666666666666667
0 0.8966666666666666 0.45 0.023333333333333334 0.023333333333333334
0 0.7716666666666666 0.9166666666666666 0.02 0.02
0 0.5616666666666666 0.09166666666666666 0.02666666666666667 0.02666666666666667
0 0.13666666666666666 0.9766666666666667 0.03666666666666667 0.02666666666666667
0 0.695 0.18833333333333332 0.02 0.023333333333333334
0 0.19666666666666666 0.3933333333333333 0.023333333333333334 0.023333333333333334
0 0.49833333333333335 0.5166666666666667 0.03166666666666667 0.025
0 0.945 0.56 0.03 0.028333333333333332
0 0.7416666666666667 0.49 0.018333333333333333 0.023333333333333334
0 0.76 0.49333333333333335 0.021666666666666667 0.03166666666666667
0 0.65 0.23 0.025 0.035
0 0.9666666666666667 0.20333333333333334 0.025 0.03166666666666667
0 0.86 0.215 0.028333333333333332 0.028333333333333332
0 0.5516666666666666 0.12166666666666667 0.03166666666666667 0.02666666666666667
0 0.52 0.06833333333333333 0.03 0.03
0 0.028333333333333332 0.225 0.02666666666666667 0.03166666666666667
0 0.14833333333333334 0.94 0.02666666666666667 0.03
0 0.5483333333333333 0.20833333333333334 0.03166666666666667 0.028333333333333332
0 0.89 0.6416666666666667 0.021666666666666667 0.02666666666666667
0 0.865 0.665 0.035 0.03166666666666667
0 0.29833333333333334 0.9033333333333333 0.03 0.03166666666666667