0 0.32 0.17333333333333334 0.02666666666666667 0.03
0 0.20833333333333334 0.07333333333333333 0.03 0.023333333333333334
0 0.41 0.145 0.023333333333333334 0.023333333333333334
0 0.31666666666666665 0.006666666666666667 0.023333333333333334 0.013333333333333334
0 0.3 0.018333333333333333 0.023333333333333334 0.023333333333333334
0 0.14833333333333334 0.37833333333333335 0.03 0.02666666666666667
0 0.23166666666666666 0.33666666666666667 0.023333333333333334 0.023333333333333334
0 0.29333333333333333 0.30666666666666664 0.03 0.03
0 0.245 0.35333333333333333 0.02 0.02
0 0.2816666666666667 0.38166666666666665 0.023333333333333334 0.02666666666666667
0 0.17166666666666666 0.08166666666666667 0.03 0.02666666666666667
0 0.24166666666666667 0.14 0.023333333333333334 0.02
0 0.27666666666666667 0.12 0.023333333333333334 0.02
0 0.09166666666666666 0.085 0.02 0.023333333333333334
0 0.19666666666666666 0.31666666666666665 0.023333333333333334 0.02666666666666667
0 0.16333333333333333 0.44666666666666666 0.023333333333333334 0.023333333333333334
0 0.39666666666666667 0.16833333333333333 0.023333333333333334 0.02666666666666667
0 0.59 0.22666666666666666 0.02666666666666667 0.03
0 0.5833333333333334 0.11666666666666667 0.023333333333333334 0.02666666666666667
0 0.20666666666666667 0.875 0.02666666666666667 0.03
0 0.44666666666666666 0.8233333333333334 0.02666666666666667 0.02666666666666667
0 0.09333333333333334 0.665 0.03666666666666667 0.03166666666666667
0 0.058333333333333334 0.655 0.03166666666666667 0.03333333333333333
0 0.08333333333333333 0.6866666666666666 0.03 0.035
0 0.05333333333333334 0.6316666666666667 0.02666666666666667 0.02666666666666667
0 0.81 0.855 0.025 0.03
0 0.8116666666666666 0.7966666666666666 0.023333333333333334 0.023333333333333334
0 0.8633333333333333 0.8516666666666667 0.03 0.02
0 0.9066666666666666 0.8716666666666667 0.02666666666666667 0.02
0 0.9566666666666667 0.9566666666666667 0.023333333333333334 0.02666666666666667
0 0.8066666666666666 0.9783333333333334 0.023333333333333334 0.023333333333333334
0 0.785 0.7116666666666667 0.02666666666666667 0.02666666666666667
0 0.7966666666666666 0.7533333333333333 0.02666666666666667 0.023333333333333334
0 0.5983333333333334 0.7616666666666667 0.02666666666666667 0.02666666666666667
0 0.6966666666666667 0.7566666666666667 0.023333333333333334 0.02666666666666667
0 0.7266666666666667 0.7766666666666666 0.023333333333333334 0.02
0 0.75 0.8566666666666667 0.023333333333333334 0.03
0 0.7633333333333333 0.8766666666666667 0.02666666666666667 0.03
0 0.9116666666666666 0.8383333333333334 0.023333333333333334 0.025
0 0.6233333333333333 0.825 0.03 0.02666666666666667
0 0.7733333333333333 0.8216666666666667 0.02666666666666667 0.02666666666666667
0 0.5233333333333333 0.115 0.03 0.03
0 0.4666666666666667 0.67 0.03333333333333333 0.03166666666666667
0 0.6333333333333333 0.5283333333333333 0.025 0.028333333333333332
0 0.3283333333333333 0.51 0.03166666666666667 0.03
0 0.32666666666666666 0.43666666666666665 0.023333333333333334 0.025
0 0.36 0.17166666666666666 0.025 0.025
0 0.5216666666666666 0.41333333333333333 0.02666666666666667 0.03666666666666667
0 0.9416666666666667 0.985 0.023333333333333334 0.025
0 0.49666666666666665 0.6483333333333333 0.02 0.02
0 0.058333333333333334 0.5766666666666667 0.03166666666666667 0.03166666666666667
0 0.235 0.5166666666666667 0.025 0.03333333333333333
0 0.23166666666666666 0.31166666666666665 0.025 0.023333333333333334
0 0.35333333333333333 0.27166666666666667 0.03 0.023333333333333334
0 0.8116666666666666 0.02 0.02666666666666667 0.03166666666666667