0 0.715 0.09166666666666666 0.02 0.023333333333333334
0 0.7233333333333334 0.02666666666666667 0.02666666666666667 0.028333333333333332
0 0.5516666666666666 0.028333333333333332 0.02666666666666667 0.02
0 0.6966666666666667 0.6333333333333333 0.03 0.03
0 0.5883333333333334 0.028333333333333332 0.02666666666666667 0.02666666666666667
0 0.04666666666666667 0.8816666666666667 0.023333333333333334 0.023333333333333334
0 0.19333333333333333 0.81 0.023333333333333334 0.023333333333333334
0 0.21666666666666667 0.3233333333333333 0.02666666666666667 0.023333333333333334
0 0.013333333333333334 0.815 0.02666666666666667 0.02666666666666667
0 0.023333333333333334 0.11666666666666667 0.023333333333333334 0.025
0 0.12 0.525 0.021666666666666667 0.025