0 0.62 0.25 0.03333333333333333 0.03
0 0.6583333333333333 0.25333333333333335 0.03 0.023333333333333334
0 0.675 0.12166666666666667 0.03 0.02666666666666667
0 0.9016666666666666 0.14666666666666667 0.03 0.023333333333333334
0 0.7416666666666667 0.4033333333333333 0.025 0.023333333333333334
0 0.44 0.5866666666666667 0.03 0.02666666666666667
0 0.5016666666666667 0.16166666666666665 0.021666666666666667 0.023333333333333334
0 0.21833333333333332 0.27666666666666667 0.023333333333333334 0.023333333333333334
0 0.21 0.18166666666666667 0.02666666666666667 0.023333333333333334
0 0.12166666666666667 0.25666666666666665 0.03 0.03333333333333333
0 0.09 0.23 0.03 0.023333333333333334
0 0.7933333333333333 0.48 0.02666666666666667 0.023333333333333334
0 0.805 0.535 0.023333333333333334 0.023333333333333334
0 0.8116666666666666 0.49833333333333335 0.023333333333333334 0.023333333333333334
0 0.885 0.5 0.03 0.023333333333333334
0 0.7083333333333334 0.8283333333333334 0.02666666666666667 0.023333333333333334
0 0.86 0.5116666666666667 0.03 0.03