0 0.62 0.18 0.021666666666666667 0.023333333333333334
0 0.5466666666666666 0.25166666666666665 0.023333333333333334 0.023333333333333334
0 0.7483333333333333 0.015 0.028333333333333332 0.021666666666666667
0 0.91 0.83 0.03 0.03
0 0.7933333333333333 0.8616666666666667 0.03 0.03
0 0.7133333333333334 0.8366666666666667 0.02666666666666667 0.03
0 0.7133333333333334 0.8083333333333333 0.02 0.02666666666666667
0 0.7183333333333334 0.73 0.02 0.021666666666666667
0 0.575 0.8816666666666667 0.03 0.02666666666666667
0 0.415 0.9433333333333334 0.023333333333333334 0.02
0 0.41 0.975 0.02 0.021666666666666667
0 0.43833333333333335 0.9666666666666667 0.025 0.023333333333333334
0 0.7333333333333333 0.6466666666666666 0.02666666666666667 0.023333333333333334
0 0.9683333333333334 0.75 0.02666666666666667 0.03
0 0.8116666666666666 0.7766666666666666 0.03 0.02666666666666667
0 0.43166666666666664 0.8983333333333333 0.023333333333333334 0.023333333333333334
0 0.8116666666666666 0.7766666666666666 0.03333333333333333 0.02666666666666667
0 0.14 0.058333333333333334 0.021666666666666667 0.021666666666666667
0 0.11333333333333333 0.54 0.023333333333333334 0.02666666666666667
0 0.03 0.03833333333333333 0.023333333333333334 0.028333333333333332
0 0.6433333333333333 0.39666666666666667 0.021666666666666667 0.023333333333333334