0 0.175 0.07 0.03 0.028333333333333332
0 0.26666666666666666 0.023333333333333334 0.023333333333333334 0.03
0 0.28833333333333333 0.03166666666666667 0.02 0.02
0 0.30333333333333334 0.041666666666666664 0.02666666666666667 0.02666666666666667
0 0.4533333333333333 0.058333333333333334 0.02666666666666667 0.03
0 0.315 0.023333333333333334 0.023333333333333334 0.02
0 0.10833333333333334 0.06333333333333334 0.023333333333333334 0.02666666666666667
0 0.395 0.27166666666666667 0.02666666666666667 0.023333333333333334
0 0.38333333333333336 0.4766666666666667 0.03 0.03
0 0.35 0.4866666666666667 0.02666666666666667 0.02666666666666667
0 0.15666666666666668 0.275 0.02666666666666667 0.02666666666666667
0 0.3383333333333333 0.2683333333333333 0.023333333333333334 0.02
0 0.88 0.19333333333333333 0.03 0.03
0 0.585 0.07333333333333333 0.023333333333333334 0.023333333333333334
0 0.8333333333333334 0.06166666666666667 0.023333333333333334 0.023333333333333334
0 0.865 0.05333333333333334 0.03333333333333333 0.03333333333333333
0 0.7233333333333334 0.14833333333333334 0.03333333333333333 0.03333333333333333
0 0.6833333333333333 0.17 0.02 0.02
0 0.57 0.2816666666666667 0.023333333333333334 0.023333333333333334
0 0.5416666666666666 0.22833333333333333 0.03 0.023333333333333334
0 0.9533333333333334 0.35333333333333333 0.02666666666666667 0.02666666666666667
0 0.73 0.365 0.02666666666666667 0.023333333333333334
0 0.555 0.05333333333333334 0.023333333333333334 0.02
0 0.8716666666666667 0.11 0.02 0.02
0 0.77 0.22666666666666666 0.02666666666666667 0.02
0 0.9716666666666667 0.165 0.023333333333333334 0.023333333333333334
0 0.09 0.9633333333333334 0.02 0.023333333333333334
0 0.30333333333333334 0.6333333333333333 0.02666666666666667 0.02666666666666667
0 0.5 0.6283333333333333 0.023333333333333334 0.023333333333333334
0 0.09833333333333333 0.825 0.023333333333333334 0.023333333333333334
0 0.7733333333333333 0.6583333333333333 0.03 0.03
0 0.845 0.595 0.03 0.02666666666666667
0 0.9466666666666667 0.9633333333333334 0.02 0.02
0 0.9766666666666667 0.935 0.023333333333333334 0.023333333333333334
0 0.57 0.5716666666666667 0.023333333333333334 0.023333333333333334
0 0.011666666666666667 0.6433333333333333 0.02 0.02