0 0.37333333333333335 0.6883333333333334 0.02666666666666667 0.023333333333333334
0 0.30833333333333335 0.5483333333333333 0.02 0.02
0 0.32666666666666666 0.5733333333333334 0.02 0.023333333333333334
0 0.705 0.08666666666666667 0.023333333333333334 0.02666666666666667
0 0.7816666666666666 0.21333333333333335 0.02666666666666667 0.023333333333333334
0 0.9266666666666666 0.17333333333333334 0.02666666666666667 0.02666666666666667
0 0.9566666666666667 0.19833333333333333 0.02666666666666667 0.023333333333333334
0 0.8583333333333333 0.05 0.02666666666666667 0.025
0 0.7366666666666667 0.115 0.03 0.03
0 0.9616666666666667 0.10833333333333334 0.02 0.02
0 0.745 0.04666666666666667 0.023333333333333334 0.023333333333333334
0 0.975 0.14833333333333334 0.023333333333333334 0.02
0 0.9 0.7816666666666666 0.03 0.03
0 0.8933333333333333 0.92 0.023333333333333334 0.02666666666666667
0 0.94 0.875 0.03 0.02
0 0.9033333333333333 0.8666666666666667 0.02666666666666667 0.02
0 0.8516666666666667 0.8333333333333334 0.03333333333333333 0.023333333333333334