0 0.3933333333333333 0.03333333333333333 0.03833333333333333 0.03
0 0.3883333333333333 0.17666666666666667 0.03 0.02
0 0.38166666666666665 0.2 0.02666666666666667 0.02
0 0.435 0.17666666666666667 0.03 0.023333333333333334
0 0.43333333333333335 0.15 0.03 0.016666666666666666
0 0.20333333333333334 0.13333333333333333 0.03 0.02666666666666667
0 0.3 0.6716666666666666 0.023333333333333334 0.021666666666666667
0 0.37666666666666665 0.915 0.023333333333333334 0.025
0 0.2816666666666667 0.5533333333333333 0.02666666666666667 0.023333333333333334
0 0.07166666666666667 0.825 0.02 0.023333333333333334
0 0.43166666666666664 0.008333333333333333 0.023333333333333334 0.016666666666666666
0 0.10833333333333334 0.775 0.025 0.023333333333333334