0 0.75 0.3333333333333333 0.028333333333333332 0.025
0 0.63 0.575 0.03 0.03
0 0.755 0.6616666666666666 0.02666666666666667 0.023333333333333334
0 0.7966666666666666 0.7066666666666667 0.02666666666666667 0.02666666666666667
0 0.7 0.7383333333333333 0.03 0.02666666666666667
0 0.8816666666666667 0.7333333333333333 0.023333333333333334 0.03
0 0.8833333333333333 0.6633333333333333 0.023333333333333334 0.03
0 0.8333333333333334 0.7 0.03 0.023333333333333334
0 0.8366666666666667 0.7183333333333334 0.02666666666666667 0.02
0 0.9733333333333334 0.7 0.023333333333333334 0.03333333333333333
0 0.9066666666666666 0.7016666666666667 0.023333333333333334 0.03
0 0.8316666666666667 0.825 0.02666666666666667 0.023333333333333334
0 0.975 0.89 0.03 0.02666666666666667
0 0.865 0.7233333333333334 0.023333333333333334 0.02666666666666667
0 0.9316666666666666 0.7316666666666667 0.02666666666666667 0.02666666666666667
0 0.04 0.6433333333333333 0.03 0.03333333333333333
0 0.145 0.7866666666666666 0.03 0.03
0 0.115 0.825 0.025 0.025
0 0.19833333333333333 0.8016666666666666 0.03 0.02666666666666667
0 0.20833333333333334 0.8183333333333334 0.03333333333333333 0.02666666666666667
0 0.016666666666666666 0.6366666666666667 0.02666666666666667 0.03333333333333333
0 0.015 0.6883333333333334 0.03 0.03
0 0.6633333333333333 0.34833333333333333 0.03333333333333333 0.03
0 0.9866666666666667 0.655 0.023333333333333334 0.03333333333333333