0 0.74 0.92 0.028333333333333332 0.025
0 0.79 0.7866666666666666 0.02 0.023333333333333334
0 0.8133333333333334 0.61 0.02 0.023333333333333334
0 0.9266666666666666 0.7383333333333333 0.023333333333333334 0.023333333333333334
0 0.655 0.82 0.023333333333333334 0.021666666666666667
0 0.7466666666666667 0.7516666666666667 0.023333333333333334 0.023333333333333334
0 0.5916666666666667 0.6283333333333333 0.023333333333333334 0.02
0 0.6066666666666667 0.6483333333333333 0.02 0.016666666666666666
0 0.5983333333333334 0.7183333333333334 0.023333333333333334 0.023333333333333334
0 0.5466666666666666 0.7583333333333333 0.023333333333333334 0.023333333333333334
0 0.6766666666666666 0.465 0.02666666666666667 0.02
0 0.5416666666666666 0.3333333333333333 0.02666666666666667 0.02666666666666667
0 0.8383333333333334 0.29 0.02 0.023333333333333334
0 0.62 0.06833333333333333 0.02 0.023333333333333334
0 0.6333333333333333 0.01 0.02 0.02
0 0.5166666666666667 0.31666666666666665 0.016666666666666666 0.023333333333333334
0 0.6816666666666666 0.42333333333333334 0.023333333333333334 0.023333333333333334
0 0.8433333333333334 0.31666666666666665 0.02 0.023333333333333334
0 0.5783333333333334 0.09333333333333334 0.023333333333333334 0.023333333333333334
0 0.31333333333333335 0.8333333333333334 0.02 0.02666666666666667
0 0.18333333333333332 0.8533333333333334 0.023333333333333334 0.02666666666666667
0 0.3616666666666667 0.5866666666666667 0.02666666666666667 0.023333333333333334
0 0.3516666666666667 0.8883333333333333 0.023333333333333334 0.023333333333333334
0 0.38333333333333336 0.9466666666666667 0.021666666666666667 0.02
0 0.4483333333333333 0.7883333333333333 0.02 0.02
0 0.49333333333333335 0.6383333333333333 0.03 0.03
0 0.47833333333333333 0.9816666666666667 0.02666666666666667 0.023333333333333334
0 0.2783333333333333 0.6716666666666666 0.02666666666666667 0.02666666666666667
0 0.49 0.5416666666666666 0.02666666666666667 0.02666666666666667
0 0.31666666666666665 0.8633333333333333 0.02666666666666667 0.023333333333333334
0 0.44333333333333336 0.5116666666666667 0.023333333333333334 0.023333333333333334
0 0.465 0.795 0.016666666666666666 0.023333333333333334
0 0.3983333333333333 0.9416666666666667 0.02 0.023333333333333334
0 0.43666666666666665 0.6266666666666667 0.02 0.016666666666666666
0 0.09666666666666666 0.9483333333333334 0.02 0.023333333333333334
0 0.09833333333333333 0.93 0.02 0.02
0 0.16666666666666666 0.9783333333333334 0.016666666666666666 0.02
0 0.42 0.32 0.023333333333333334 0.02666666666666667
0 0.3516666666666667 0.21166666666666667 0.023333333333333334 0.023333333333333334
0 0.3333333333333333 0.315 0.02 0.02
0 0.4266666666666667 0.2866666666666667 0.02666666666666667 0.023333333333333334
0 0.4633333333333333 0.31 0.025 0.02666666666666667
0 0.2733333333333333 0.8516666666666667 0.023333333333333334 0.02666666666666667
0 0.9866666666666667 0.2733333333333333 0.021666666666666667 0.023333333333333334