0 0.11666666666666667 0.1 0.02666666666666667 0.03
0 0.17833333333333334 0.12333333333333334 0.023333333333333334 0.03
0 0.07833333333333334 0.225 0.02666666666666667 0.03333333333333333
0 0.3466666666666667 0.058333333333333334 0.023333333333333334 0.023333333333333334
0 0.375 0.045 0.02 0.02666666666666667
0 0.44166666666666665 0.17833333333333334 0.023333333333333334 0.023333333333333334
0 0.4816666666666667 0.18666666666666668 0.02 0.023333333333333334
0 0.37666666666666665 0.16666666666666666 0.023333333333333334 0.02
0 0.375 0.18666666666666668 0.02 0.02666666666666667
0 0.03333333333333333 0.31333333333333335 0.03 0.02666666666666667
0 0.10833333333333334 0.325 0.02666666666666667 0.023333333333333334
0 0.20333333333333334 0.28 0.02 0.02
0 0.39 0.33 0.02666666666666667 0.02666666666666667
0 0.03833333333333333 0.44166666666666665 0.02666666666666667 0.023333333333333334
0 0.15833333333333333 0.5433333333333333 0.02666666666666667 0.02
0 0.09333333333333334 0.5416666666666666 0.02666666666666667 0.02
0 0.21333333333333335 0.535 0.023333333333333334 0.03
0 0.255 0.5266666666666666 0.02666666666666667 0.02
0 0.20333333333333334 0.605 0.023333333333333334 0.02666666666666667
0 0.31833333333333336 0.43166666666666664 0.02666666666666667 0.02
0 0.35833333333333334 0.6266666666666667 0.02666666666666667 0.023333333333333334
0 0.28833333333333333 0.6733333333333333 0.02666666666666667 0.02
0 0.2783333333333333 0.6983333333333334 0.03 0.02
0 0.27666666666666667 0.8133333333333334 0.02666666666666667 0.03
0 0.30333333333333334 0.6483333333333333 0.02666666666666667 0.02
0 0.3 0.6216666666666667 0.025 0.02666666666666667
0 0.3983333333333333 0.6116666666666667 0.02 0.016666666666666666
0 0.365 0.7316666666666667 0.02666666666666667 0.02
0 0.2783333333333333 0.7616666666666667 0.028333333333333332 0.028333333333333332
0 0.12 0.8916666666666667 0.02666666666666667 0.03
0 0.135 0.805 0.03 0.023333333333333334
0 0.10166666666666667 0.8016666666666666 0.02666666666666667 0.02666666666666667
0 0.04833333333333333 0.935 0.023333333333333334 0.023333333333333334
0 0.041666666666666664 0.96 0.021666666666666667 0.023333333333333334
0 0.16666666666666666 0.945 0.02666666666666667 0.02666666666666667
0 0.13166666666666665 0.9633333333333334 0.02666666666666667 0.02666666666666667
0 0.19166666666666668 0.9833333333333333 0.023333333333333334 0.023333333333333334
0 0.47833333333333333 0.28 0.02666666666666667 0.02666666666666667
0 0.3466666666666667 0.12333333333333334 0.023333333333333334 0.023333333333333334
0 0.185 0.5016666666666667 0.023333333333333334 0.023333333333333334
0 0.30333333333333334 0.7983333333333333 0.02 0.02
0 0.08666666666666667 0.07333333333333333 0.02666666666666667 0.02666666666666667
0 0.315 0.3616666666666667 0.023333333333333334 0.02
0 0.22666666666666666 0.5533333333333333 0.023333333333333334 0.023333333333333334
0 0.16833333333333333 0.37166666666666665 0.023333333333333334 0.023333333333333334
0 0.14333333333333334 0.285 0.02 0.02
0 0.39166666666666666 0.6 0.02 0.02
0 0.09833333333333333 0.8566666666666667 0.023333333333333334 0.023333333333333334
0 0.39166666666666666 0.71 0.02666666666666667 0.02666666666666667
0 0.47833333333333333 0.09166666666666666 0.02666666666666667 0.03
0 0.4866666666666667 0.055 0.02666666666666667 0.023333333333333334
0 0.47333333333333333 0.14333333333333334 0.023333333333333334 0.02666666666666667
0 0.14166666666666666 0.8816666666666667 0.023333333333333334 0.023333333333333334
0 0.36666666666666664 0.7616666666666667 0.023333333333333334 0.02666666666666667
0 0.4633333333333333 0.7666666666666667 0.023333333333333334 0.02666666666666667
0 0.06 0.37666666666666665 0.023333333333333334 0.02666666666666667
0 0.06666666666666667 0.4483333333333333 0.02 0.02666666666666667
0 0.15833333333333333 0.8516666666666667 0.03333333333333333 0.023333333333333334
0 0.44666666666666666 0.6033333333333334 0.023333333333333334 0.02
0 0.07333333333333333 0.39666666666666667 0.02666666666666667 0.023333333333333334
0 0.43333333333333335 0.09166666666666666 0.023333333333333334 0.023333333333333334
0 0.365 0.6866666666666666 0.02 0.02
0 0.5333333333333333 0.17333333333333334 0.023333333333333334 0.028333333333333332
0 0.6783333333333333 0.175 0.02 0.023333333333333334
0 0.7033333333333334 0.28 0.02666666666666667 0.03
0 0.7133333333333334 0.3466666666666667 0.03 0.02666666666666667
0 0.7083333333333334 0.38666666666666666 0.02666666666666667 0.02666666666666667
0 0.68 0.2916666666666667 0.02 0.023333333333333334
0 0.5216666666666666 0.225 0.023333333333333334 0.023333333333333334
0 0.7 0.19666666666666666 0.02 0.023333333333333334
0 0.8266666666666667 0.31833333333333336 0.03 0.03
0 0.7633333333333333 0.27666666666666667 0.03 0.03
0 0.8033333333333333 0.23666666666666666 0.02666666666666667 0.03333333333333333
0 0.8383333333333334 0.26666666666666666 0.023333333333333334 0.03
0 0.8866666666666667 0.24666666666666667 0.02666666666666667 0.023333333333333334
0 0.865 0.21333333333333335 0.02 0.02666666666666667
0 0.8466666666666667 0.18666666666666668 0.02666666666666667 0.02
0 0.795 0.3933333333333333 0.02666666666666667 0.02
0 0.7966666666666666 0.725 0.03 0.03166666666666667
0 0.615 0.47833333333333333 0.023333333333333334 0.023333333333333334
0 0.8883333333333333 0.44166666666666665 0.02666666666666667 0.02666666666666667
0 0.8366666666666667 0.42333333333333334 0.03 0.03
0 0.9566666666666667 0.44333333333333336 0.02666666666666667 0.02666666666666667
0 0.021666666666666667 0.8766666666666667 0.02 0.023333333333333334
0 0.028333333333333332 0.8933333333333333 0.023333333333333334 0.02
0 0.023333333333333334 0.925 0.028333333333333332 0.02666666666666667
0 0.02666666666666667 0.9816666666666667 0.02666666666666667 0.023333333333333334
0 0.013333333333333334 0.6733333333333333 0.02666666666666667 0.02666666666666667
0 0.016666666666666666 0.9583333333333334 0.02666666666666667 0.02666666666666667
0 0.5333333333333333 0.8283333333333334 0.023333333333333334 0.02666666666666667