0 0.23666666666666666 0.3333333333333333 0.02666666666666667 0.023333333333333334
0 0.5116666666666667 0.4683333333333333 0.021666666666666667 0.023333333333333334
0 0.6583333333333333 0.20666666666666667 0.03 0.023333333333333334
0 0.5733333333333334 0.6716666666666666 0.025 0.023333333333333334
0 0.7533333333333333 0.9166666666666666 0.03 0.03
0 0.8633333333333333 0.505 0.025 0.021666666666666667
0 0.5916666666666667 0.65 0.03 0.03
0 0.6033333333333334 0.6716666666666666 0.02666666666666667 0.02666666666666667
0 0.12333333333333334 0.5766666666666667 0.03 0.03
0 0.24666666666666667 0.6683333333333333 0.02666666666666667 0.023333333333333334
0 0.29 0.7133333333333334 0.02666666666666667 0.02666666666666667
0 0.19166666666666668 0.7466666666666667 0.03 0.02666666666666667
0 0.37333333333333335 0.7416666666666667 0.023333333333333334 0.03
0 0.375 0.6716666666666666 0.023333333333333334 0.03
0 0.32666666666666666 0.7066666666666667 0.03 0.023333333333333334
0 0.3283333333333333 0.7266666666666667 0.02666666666666667 0.02
0 0.465 0.7083333333333334 0.023333333333333334 0.03333333333333333
0 0.3983333333333333 0.7083333333333334 0.023333333333333334 0.03
0 0.535 0.575 0.023333333333333334 0.028333333333333332
0 0.5366666666666666 0.815 0.023333333333333334 0.023333333333333334
0 0.325 0.83 0.028333333333333332 0.02666666666666667
0 0.47 0.8933333333333333 0.02666666666666667 0.02666666666666667
0 0.36 0.6983333333333334 0.02666666666666667 0.023333333333333334
0 0.3566666666666667 0.7316666666666667 0.023333333333333334 0.02666666666666667
0 0.36666666666666664 0.7133333333333334 0.03 0.023333333333333334
0 0.20166666666666666 0.7333333333333333 0.02666666666666667 0.02
0 0.5066666666666667 0.5166666666666667 0.02666666666666667 0.023333333333333334
0 0.42333333333333334 0.7383333333333333 0.02666666666666667 0.02666666666666667
0 0.48333333333333334 0.6616666666666666 0.023333333333333334 0.028333333333333332