0 0.815 0.7516666666666667 0.02666666666666667 0.03
0 0.84 0.6733333333333333 0.02666666666666667 0.023333333333333334
0 0.695 0.8783333333333333 0.02666666666666667 0.02666666666666667
0 0.6683333333333333 0.9016666666666666 0.02666666666666667 0.02666666666666667
0 0.9083333333333333 0.96 0.023333333333333334 0.02666666666666667
0 0.8216666666666667 0.8933333333333333 0.02666666666666667 0.02666666666666667
0 0.54 0.945 0.023333333333333334 0.023333333333333334
0 0.5466666666666666 0.9133333333333333 0.03 0.023333333333333334
0 0.8466666666666667 0.9116666666666666 0.023333333333333334 0.023333333333333334
0 0.7233333333333334 0.9333333333333333 0.023333333333333334 0.02666666666666667
0 0.99 0.6983333333333334 0.02 0.023333333333333334
0 0.7666666666666667 0.9266666666666666 0.023333333333333334 0.02666666666666667
0 0.8666666666666667 0.69 0.023333333333333334 0.02
0 0.9266666666666666 0.8983333333333333 0.02 0.02
0 0.965 0.8866666666666667 0.03 0.03
0 0.81 0.9283333333333333 0.02666666666666667 0.02666666666666667