0 0.925 0.37666666666666665 0.023333333333333334 0.023333333333333334
0 0.9066666666666666 0.3416666666666667 0.023333333333333334 0.02666666666666667
0 0.8716666666666667 0.28 0.02666666666666667 0.02666666666666667
0 0.8133333333333334 0.18166666666666667 0.023333333333333334 0.023333333333333334
0 0.32 0.63 0.02666666666666667 0.02666666666666667
0 0.27 0.515 0.03 0.03
0 0.59 0.585 0.03 0.02666666666666667
0 0.4033333333333333 0.6366666666666667 0.02666666666666667 0.02666666666666667
0 0.26166666666666666 0.8116666666666666 0.03 0.023333333333333334
0 0.96 0.5066666666666667 0.02 0.02
0 0.985 0.525 0.023333333333333334 0.02
0 0.9433333333333334 0.5516666666666666 0.023333333333333334 0.023333333333333334
0 0.935 0.83 0.028333333333333332 0.025
0 0.14166666666666666 0.6416666666666667 0.03 0.023333333333333334
0 0.7366666666666667 0.7566666666666667 0.02666666666666667 0.02666666666666667
0 0.45 0.765 0.02666666666666667 0.02666666666666667
0 0.9383333333333334 0.9466666666666667 0.03 0.03
0 0.27166666666666667 0.74 0.02666666666666667 0.02666666666666667
0 0.9716666666666667 0.5933333333333334 0.03 0.03
0 0.4 0.5783333333333334 0.03 0.02666666666666667
0 0.19333333333333333 0.5316666666666666 0.03 0.02666666666666667
0 0.32166666666666666 0.8383333333333334 0.03 0.03
0 0.23166666666666666 0.605 0.02666666666666667 0.02666666666666667
0 0.71 0.975 0.03 0.03
0 0.37 0.9533333333333334 0.04 0.03666666666666667
0 0.27666666666666667 0.5683333333333334 0.02666666666666667 0.03
0 0.935 0.7083333333333334 0.03 0.02666666666666667
0 0.44333333333333336 0.5783333333333334 0.03 0.03
0 0.9083333333333333 0.98 0.02666666666666667 0.02666666666666667