0 0.6583333333333333 0.12833333333333333 0.023333333333333334 0.03
0 0.6116666666666667 0.16666666666666666 0.03 0.03
0 0.58 0.18666666666666668 0.03 0.03333333333333333
0 0.20666666666666667 0.3416666666666667 0.03333333333333333 0.03333333333333333
0 0.2866666666666667 0.305 0.02666666666666667 0.02666666666666667
0 0.3233333333333333 0.37166666666666665 0.023333333333333334 0.02666666666666667
0 0.4866666666666667 0.335 0.02666666666666667 0.03
0 0.25666666666666665 0.4033333333333333 0.02666666666666667 0.03
0 0.2633333333333333 0.42333333333333334 0.03 0.02666666666666667
0 0.22833333333333333 0.41333333333333333 0.02666666666666667 0.02666666666666667
0 0.14666666666666667 0.31666666666666665 0.03 0.02666666666666667
0 0.22333333333333333 0.24666666666666667 0.02666666666666667 0.03
0 0.21833333333333332 0.2966666666666667 0.02666666666666667 0.021666666666666667
0 0.28833333333333333 0.3616666666666667 0.023333333333333334 0.023333333333333334
0 0.2866666666666667 0.45 0.02666666666666667 0.02666666666666667
0 0.21833333333333332 0.4766666666666667 0.02666666666666667 0.03
0 0.32666666666666666 0.475 0.03 0.02666666666666667
0 0.075 0.16833333333333333 0.02666666666666667 0.03
0 0.2783333333333333 0.325 0.02666666666666667 0.03
0 0.31333333333333335 0.32666666666666666 0.02 0.023333333333333334
0 0.30333333333333334 0.5066666666666667 0.03 0.02
0 0.28 0.38333333333333336 0.02666666666666667 0.02666666666666667
0 0.805 0.9383333333333334 0.02666666666666667 0.03
0 0.825 0.72 0.02666666666666667 0.02666666666666667
0 0.8566666666666667 0.8333333333333334 0.03 0.02666666666666667
0 0.8983333333333333 0.845 0.02666666666666667 0.023333333333333334
0 0.9816666666666667 0.9433333333333334 0.02666666666666667 0.02666666666666667
0 0.63 0.7616666666666667 0.023333333333333334 0.02666666666666667
0 0.8716666666666667 0.8033333333333333 0.03 0.03
0 0.2833333333333333 0.675 0.023333333333333334 0.02666666666666667
0 0.3333333333333333 0.6683333333333333 0.02666666666666667 0.02666666666666667
0 0.31166666666666665 0.6916666666666667 0.02666666666666667 0.03
0 0.275 0.6366666666666667 0.023333333333333334 0.02666666666666667
0 0.23166666666666666 0.6216666666666667 0.03 0.02666666666666667
0 0.28 0.7183333333333334 0.02666666666666667 0.02666666666666667
0 0.2633333333333333 0.5733333333333334 0.02666666666666667 0.03
0 0.28833333333333333 0.575 0.03333333333333333 0.02666666666666667
0 0.35333333333333333 0.5133333333333333 0.03 0.023333333333333334
0 0.965 0.745 0.02666666666666667 0.025
0 0.23166666666666666 0.805 0.021666666666666667 0.023333333333333334
0 0.5183333333333333 0.3383333333333333 0.023333333333333334 0.02666666666666667
0 0.20333333333333334 0.5083333333333333 0.028333333333333332 0.023333333333333334
0 0.2 0.5316666666666666 0.02666666666666667 0.023333333333333334