0 0.5883333333333334 0.645 0.018333333333333333 0.023333333333333334
0 0.625 0.6516666666666666 0.023333333333333334 0.023333333333333334
0 0.525 0.6433333333333333 0.02 0.023333333333333334
0 0.16166666666666665 0.6566666666666666 0.03 0.023333333333333334
0 0.5116666666666667 0.655 0.02 0.02
0 0.165 0.7 0.02666666666666667 0.02666666666666667
0 0.21666666666666667 0.705 0.03 0.03
0 0.31333333333333335 0.6016666666666667 0.023333333333333334 0.023333333333333334
0 0.4683333333333333 0.5233333333333333 0.023333333333333334 0.023333333333333334
0 0.43 0.11833333333333333 0.028333333333333332 0.03166666666666667
0 0.18666666666666668 0.345 0.03333333333333333 0.03
0 0.2866666666666667 0.39666666666666667 0.023333333333333334 0.02666666666666667
0 0.31666666666666665 0.4 0.02666666666666667 0.02
0 0.27666666666666667 0.43666666666666665 0.028333333333333332 0.021666666666666667
0 0.03 0.09666666666666666 0.02666666666666667 0.02666666666666667
0 0.24166666666666667 0.4033333333333333 0.023333333333333334 0.023333333333333334
0 0.018333333333333333 0.8233333333333334 0.021666666666666667 0.021666666666666667