0 0.31166666666666665 0.6533333333333333 0.035 0.028333333333333332
0 0.33166666666666667 0.4816666666666667 0.03166666666666667 0.02666666666666667
0 0.2783333333333333 0.8333333333333334 0.03666666666666667 0.03
0 0.20666666666666667 0.6733333333333333 0.02666666666666667 0.02666666666666667
0 0.3233333333333333 0.72 0.023333333333333334 0.023333333333333334
0 0.215 0.23833333333333334 0.03 0.02666666666666667
0 0.43333333333333335 0.4216666666666667 0.02666666666666667 0.03166666666666667
0 0.4533333333333333 0.3933333333333333 0.023333333333333334 0.02666666666666667
0 0.22666666666666666 0.07666666666666666 0.023333333333333334 0.023333333333333334
0 0.043333333333333335 0.07333333333333333 0.02666666666666667 0.02666666666666667
0 0.18166666666666667 0.735 0.03166666666666667 0.02666666666666667
0 0.3383333333333333 0.7783333333333333 0.03 0.023333333333333334
0 0.7283333333333334 0.9366666666666666 0.023333333333333334 0.03
0 0.7 0.38166666666666665 0.03 0.03
0 0.6366666666666667 0.425 0.03 0.03
0 0.52 0.245 0.023333333333333334 0.02666666666666667
0 0.5216666666666666 0.20833333333333334 0.03 0.03
0 0.24833333333333332 0.10833333333333334 0.02666666666666667 0.02666666666666667
0 0.32 0.011666666666666667 0.02666666666666667 0.023333333333333334
0 0.9266666666666666 0.6483333333333333 0.02666666666666667 0.02666666666666667
0 0.36666666666666664 0.008333333333333333 0.02666666666666667 0.016666666666666666
0 0.53 0.17333333333333334 0.02666666666666667 0.03
0 0.25333333333333335 0.915 0.03333333333333333 0.02666666666666667
0 0.23 0.8216666666666667 0.03166666666666667 0.035
0 0.13166666666666665 0.27666666666666667 0.03666666666666667 0.03166666666666667
0 0.07333333333333333 0.11333333333333333 0.04 0.03333333333333333
0 0.10666666666666667 0.5083333333333333 0.03333333333333333 0.03
0 0.6166666666666667 0.555 0.03 0.028333333333333332