0 0.615 0.5433333333333333 0.023333333333333334 0.02666666666666667
0 0.8216666666666667 0.6683333333333333 0.02666666666666667 0.02666666666666667
0 0.6216666666666667 0.6733333333333333 0.023333333333333334 0.023333333333333334
0 0.6416666666666667 0.6533333333333333 0.023333333333333334 0.02
0 0.10166666666666667 0.7716666666666666 0.023333333333333334 0.02666666666666667
0 0.018333333333333333 0.8066666666666666 0.02 0.023333333333333334
0 0.018333333333333333 0.8616666666666667 0.02 0.02666666666666667
0 0.03833333333333333 0.53 0.023333333333333334 0.02666666666666667
0 0.03666666666666667 0.8366666666666667 0.02666666666666667 0.02666666666666667
0 0.056666666666666664 0.8316666666666667 0.02666666666666667 0.023333333333333334
0 0.05 0.9766666666666667 0.03 0.028333333333333332
0 0.6283333333333333 0.5083333333333333 0.03 0.02666666666666667
0 0.6033333333333334 0.4583333333333333 0.02666666666666667 0.02
0 0.14333333333333334 0.4033333333333333 0.023333333333333334 0.023333333333333334
0 0.065 0.4166666666666667 0.02666666666666667 0.023333333333333334
0 0.12333333333333334 0.29833333333333334 0.02666666666666667 0.023333333333333334
0 0.23 0.18666666666666668 0.03 0.03
0 0.18166666666666667 0.06166666666666667 0.03 0.023333333333333334
0 0.051666666666666666 0.03666666666666667 0.03333333333333333 0.03333333333333333
0 0.6566666666666666 0.30333333333333334 0.023333333333333334 0.023333333333333334
0 0.695 0.4033333333333333 0.02666666666666667 0.02666666666666667
0 0.8533333333333334 0.5083333333333333 0.03 0.023333333333333334
0 0.09833333333333333 0.295 0.023333333333333334 0.023333333333333334
0 0.06 0.09333333333333334 0.023333333333333334 0.02
0 0.625 0.15333333333333332 0.023333333333333334 0.023333333333333334
0 0.22333333333333333 0.2966666666666667 0.03 0.023333333333333334
0 0.05333333333333334 0.3416666666666667 0.02666666666666667 0.023333333333333334
0 0.07833333333333334 0.315 0.023333333333333334 0.02666666666666667
0 0.07333333333333333 0.485 0.02666666666666667 0.023333333333333334
0 0.16666666666666666 0.013333333333333334 0.03 0.023333333333333334
0 0.185 0.01 0.03 0.02
0 0.7766666666666666 0.4633333333333333 0.023333333333333334 0.02
0 0.6533333333333333 0.37 0.02666666666666667 0.023333333333333334
0 0.955 0.21666666666666667 0.03 0.025
0 0.2966666666666667 0.09166666666666666 0.03 0.03
0 0.8483333333333334 0.4683333333333333 0.023333333333333334 0.023333333333333334
0 0.085 0.45166666666666666 0.023333333333333334 0.02
0 0.23 0.12666666666666668 0.023333333333333334 0.023333333333333334
0 0.56 0.051666666666666666 0.023333333333333334 0.02666666666666667
0 0.5016666666666667 0.37 0.023333333333333334 0.023333333333333334
0 0.4866666666666667 0.28 0.02 0.02666666666666667
0 0.5183333333333333 0.335 0.03333333333333333 0.028333333333333332
0 0.56 0.3233333333333333 0.023333333333333334 0.02
0 0.5666666666666667 0.36666666666666664 0.023333333333333334 0.023333333333333334
0 0.6816666666666666 0.385 0.02 0.02666666666666667
0 0.051666666666666666 0.03666666666666667 0.03333333333333333 0.03
0 0.06 0.8666666666666667 0.028333333333333332 0.02666666666666667
0 0.195 0.225 0.023333333333333334 0.023333333333333334
0 0.07333333333333333 0.5233333333333333 0.025 0.02666666666666667