0 0.3983333333333333 0.6683333333333333 0.02666666666666667 0.03
0 0.13166666666666665 0.555 0.02666666666666667 0.023333333333333334
0 0.42333333333333334 0.6733333333333333 0.02666666666666667 0.02666666666666667
0 0.38333333333333336 0.5483333333333333 0.023333333333333334 0.023333333333333334
0 0.4633333333333333 0.6983333333333334 0.02666666666666667 0.02666666666666667
0 0.325 0.6133333333333333 0.023333333333333334 0.023333333333333334
0 0.11166666666666666 0.2783333333333333 0.03 0.03
0 0.20166666666666666 0.3016666666666667 0.02666666666666667 0.02666666666666667
0 0.23666666666666666 0.4583333333333333 0.03 0.03
0 0.15166666666666667 0.44166666666666665 0.03 0.023333333333333334
0 0.10666666666666667 0.435 0.03 0.023333333333333334
0 0.14833333333333334 0.4066666666666667 0.02 0.02
0 0.26166666666666666 0.19833333333333333 0.02666666666666667 0.02666666666666667
0 0.13666666666666666 0.21833333333333332 0.02666666666666667 0.02
0 0.22166666666666668 0.095 0.03 0.02666666666666667
0 0.18166666666666667 0.265 0.03 0.025
0 0.25333333333333335 0.13166666666666665 0.03166666666666667 0.028333333333333332
0 0.265 0.08333333333333333 0.03 0.03
0 0.26 0.31666666666666665 0.02 0.02
0 0.27666666666666667 0.30833333333333335 0.02 0.02666666666666667
0 0.22333333333333333 0.34833333333333333 0.02666666666666667 0.023333333333333334
0 0.2683333333333333 0.455 0.02 0.023333333333333334
0 0.10666666666666667 0.17166666666666666 0.02666666666666667 0.02
0 0.20833333333333334 0.22333333333333333 0.03 0.03
0 0.2783333333333333 0.4116666666666667 0.02666666666666667 0.023333333333333334
0 0.15166666666666667 0.14333333333333334 0.023333333333333334 0.023333333333333334
0 0.19333333333333333 0.3933333333333333 0.023333333333333334 0.023333333333333334
0 0.16833333333333333 0.21833333333333332 0.03 0.03
0 0.12333333333333334 0.09666666666666666 0.023333333333333334 0.023333333333333334
0 0.24166666666666667 0.056666666666666664 0.03 0.02666666666666667
0 0.7616666666666667 0.9083333333333333 0.023333333333333334 0.023333333333333334
0 0.5516666666666666 0.7566666666666667 0.02 0.02
0 0.9883333333333333 0.8633333333333333 0.023333333333333334 0.023333333333333334
0 0.55 0.7783333333333333 0.02666666666666667 0.02666666666666667
0 0.83 0.935 0.03 0.03
0 0.08 0.5083333333333333 0.023333333333333334 0.02
0 0.21833333333333332 0.5016666666666667 0.023333333333333334 0.023333333333333334
0 0.11666666666666667 0.5266666666666666 0.02666666666666667 0.02666666666666667
0 0.8383333333333334 0.08666666666666667 0.02666666666666667 0.02
0 0.5766666666666667 0.30666666666666664 0.023333333333333334 0.023333333333333334
0 0.29833333333333334 0.325 0.021666666666666667 0.021666666666666667
0 0.16 0.051666666666666666 0.02666666666666667 0.02666666666666667