0 0.5916666666666667 0.655 0.023333333333333334 0.02
0 0.97 0.6416666666666667 0.02666666666666667 0.02
0 0.74 0.7083333333333334 0.023333333333333334 0.03
0 0.8533333333333334 0.5933333333333334 0.02666666666666667 0.02666666666666667
0 0.5733333333333334 0.7166666666666667 0.02666666666666667 0.02
0 0.565 0.54 0.023333333333333334 0.023333333333333334
0 0.9083333333333333 0.95 0.03 0.023333333333333334
0 0.5633333333333334 0.6866666666666666 0.02666666666666667 0.02666666666666667
0 0.25666666666666665 0.5533333333333333 0.03166666666666667 0.03166666666666667
0 0.4583333333333333 0.5883333333333334 0.023333333333333334 0.023333333333333334
0 0.44333333333333336 0.7533333333333333 0.023333333333333334 0.03
0 0.10833333333333334 0.675 0.03333333333333333 0.023333333333333334
0 0.21333333333333335 0.7333333333333333 0.02666666666666667 0.03
0 0.18666666666666668 0.7316666666666667 0.02666666666666667 0.03
0 0.3416666666666667 0.63 0.03 0.03
0 0.24166666666666667 0.8083333333333333 0.02 0.02
0 0.16666666666666666 0.7766666666666666 0.03 0.023333333333333334
0 0.49166666666666664 0.65 0.03 0.02666666666666667
0 0.515 0.8383333333333334 0.03 0.03
0 0.14333333333333334 0.6666666666666666 0.02 0.02
0 0.14166666666666666 0.5416666666666666 0.02 0.02
0 0.48333333333333334 0.5433333333333333 0.02 0.02
0 0.011666666666666667 0.8783333333333333 0.023333333333333334 0.023333333333333334
0 0.4816666666666667 0.875 0.023333333333333334 0.02
0 0.8433333333333334 0.12333333333333334 0.02666666666666667 0.03
0 0.655 0.10333333333333333 0.02666666666666667 0.025
0 0.77 0.09 0.023333333333333334 0.023333333333333334
0 0.81 0.1 0.02666666666666667 0.023333333333333334
0 0.615 0.21333333333333335 0.02666666666666667 0.03
0 0.6816666666666666 0.3416666666666667 0.023333333333333334 0.02
0 0.755 0.056666666666666664 0.02 0.02
0 0.6833333333333333 0.18666666666666668 0.02666666666666667 0.023333333333333334
0 0.965 0.12833333333333333 0.02 0.023333333333333334
0 0.8866666666666667 0.13333333333333333 0.03 0.023333333333333334
0 0.95 0.06666666666666667 0.028333333333333332 0.02666666666666667
0 0.665 0.235 0.02666666666666667 0.023333333333333334
0 0.8283333333333334 0.36333333333333334 0.02666666666666667 0.02666666666666667
0 0.2833333333333333 0.27 0.023333333333333334 0.02666666666666667
0 0.2866666666666667 0.43166666666666664 0.02666666666666667 0.02666666666666667
0 0.325 0.08666666666666667 0.02666666666666667 0.023333333333333334
0 0.46166666666666667 0.34 0.03 0.02666666666666667
0 0.24666666666666667 0.22833333333333333 0.028333333333333332 0.03
0 0.49166666666666664 0.31166666666666665 0.02 0.03
0 0.13333333333333333 0.355 0.02 0.02
0 0.16666666666666666 0.16666666666666666 0.02 0.02
0 0.3983333333333333 0.9316666666666666 0.02666666666666667 0.028333333333333332
0 0.5583333333333333 0.7816666666666666 0.02 0.03
0 0.5233333333333333 0.7133333333333334 0.03166666666666667 0.03333333333333333
0 0.225 0.20333333333333334 0.02666666666666667 0.025
0 0.9066666666666666 0.18 0.02666666666666667 0.025
0 0.9366666666666666 0.14333333333333334 0.025 0.025
0 0.9516666666666667 0.84 0.023333333333333334 0.02666666666666667
0 0.83 0.8816666666666667 0.035 0.028333333333333332
0 0.9233333333333333 0.815 0.03 0.035
0 0.38166666666666665 0.8833333333333333 0.028333333333333332 0.023333333333333334
0 0.6833333333333333 0.5116666666666667 0.02666666666666667 0.03
0 0.10166666666666667 0.6133333333333333 0.03 0.03166666666666667
0 0.07 0.6233333333333333 0.035 0.03166666666666667
0 0.6583333333333333 0.3433333333333333 0.021666666666666667 0.023333333333333334
0 0.4716666666666667 0.415 0.03166666666666667 0.03