0 0.18666666666666668 0.25 0.02666666666666667 0.02
0 0.13666666666666666 0.2966666666666667 0.023333333333333334 0.02
0 0.15666666666666668 0.2966666666666667 0.02 0.02
0 0.13666666666666666 0.32 0.02 0.02
0 0.14166666666666666 0.48833333333333334 0.02666666666666667 0.023333333333333334
0 0.03 0.17666666666666667 0.023333333333333334 0.023333333333333334
0 0.8616666666666667 0.36333333333333334 0.023333333333333334 0.023333333333333334
0 0.8833333333333333 0.36333333333333334 0.023333333333333334 0.023333333333333334
0 0.8683333333333333 0.12 0.02666666666666667 0.02666666666666667
0 0.9133333333333333 0.36 0.023333333333333334 0.023333333333333334
0 0.26166666666666666 0.565 0.023333333333333334 0.02
0 0.24166666666666667 0.5966666666666667 0.02666666666666667 0.02666666666666667
0 0.19 0.5216666666666666 0.03 0.03
0 0.145 0.5133333333333333 0.02666666666666667 0.02
0 0.9183333333333333 0.605 0.023333333333333334 0.02
0 0.9033333333333333 0.645 0.023333333333333334 0.02
0 0.865 0.6583333333333333 0.023333333333333334 0.023333333333333334
0 0.8466666666666667 0.6816666666666666 0.023333333333333334 0.02
0 0.76 0.74 0.023333333333333334 0.02
0 0.825 0.7983333333333333 0.03 0.023333333333333334
0 0.8666666666666667 0.8083333333333333 0.02666666666666667 0.02
0 0.8916666666666667 0.825 0.023333333333333334 0.023333333333333334
0 0.825 0.8466666666666667 0.023333333333333334 0.023333333333333334
0 0.8916666666666667 0.86 0.02 0.02
0 0.9066666666666666 0.7116666666666667 0.02666666666666667 0.02666666666666667
0 0.9016666666666666 0.6083333333333333 0.02 0.02
0 0.7616666666666667 0.7183333333333334 0.023333333333333334 0.023333333333333334
0 0.8483333333333334 0.6666666666666666 0.023333333333333334 0.02
0 0.8733333333333333 0.6266666666666667 0.023333333333333334 0.02
0 0.9033333333333333 0.7333333333333333 0.02 0.023333333333333334
0 0.77 0.705 0.023333333333333334 0.02
0 0.8833333333333333 0.64 0.02 0.02
0 0.14666666666666667 0.5766666666666667 0.023333333333333334 0.02666666666666667
0 0.18333333333333332 0.5816666666666667 0.025 0.025
0 0.26 0.24166666666666667 0.023333333333333334 0.02666666666666667
0 0.81 0.6066666666666667 0.02666666666666667 0.028333333333333332
0 0.8916666666666667 0.295 0.02 0.028333333333333332