0 0.8883333333333333 0.013333333333333334 0.02666666666666667 0.023333333333333334
0 0.9 0.15333333333333332 0.023333333333333334 0.02
0 0.2916666666666667 0.8683333333333333 0.03333333333333333 0.03
0 0.29833333333333334 0.9066666666666666 0.03333333333333333 0.02666666666666667
0 0.22833333333333333 0.7733333333333333 0.03 0.02666666666666667
0 0.24 0.7433333333333333 0.02666666666666667 0.03
0 0.2733333333333333 0.8083333333333333 0.023333333333333334 0.02
0 0.26166666666666666 0.7816666666666666 0.02666666666666667 0.02
0 0.9733333333333334 0.535 0.02 0.02666666666666667
0 0.18 0.65 0.02666666666666667 0.028333333333333332
0 0.045 0.49166666666666664 0.023333333333333334 0.021666666666666667