0 0.7733333333333333 0.7416666666666667 0.02 0.02
0 0.7016666666666667 0.75 0.02666666666666667 0.02
0 0.6516666666666666 0.7966666666666666 0.023333333333333334 0.02
0 0.6516666666666666 0.8216666666666667 0.02 0.02
0 0.665 0.8483333333333334 0.023333333333333334 0.023333333333333334
0 0.9816666666666667 0.39666666666666667 0.023333333333333334 0.02666666666666667
0 0.545 0.6766666666666666 0.023333333333333334 0.023333333333333334
0 0.46166666666666667 0.8266666666666667 0.03 0.02666666666666667
0 0.4683333333333333 0.8666666666666667 0.02666666666666667 0.02666666666666667
0 0.49333333333333335 0.6483333333333333 0.02666666666666667 0.02
0 0.4683333333333333 0.8666666666666667 0.02666666666666667 0.02666666666666667
0 0.5133333333333333 0.6283333333333333 0.02666666666666667 0.023333333333333334