0 0.3383333333333333 0.27666666666666667 0.028333333333333332 0.035
0 0.32 0.12333333333333334 0.02666666666666667 0.02666666666666667
0 0.31666666666666665 0.4716666666666667 0.02666666666666667 0.02666666666666667
0 0.5716666666666667 0.41833333333333333 0.02666666666666667 0.02666666666666667
0 0.7033333333333334 0.765 0.03 0.02666666666666667
0 0.61 0.8116666666666666 0.02666666666666667 0.02
0 0.6633333333333333 0.84 0.028333333333333332 0.02666666666666667
0 0.68 0.8116666666666666 0.02666666666666667 0.023333333333333334
0 0.7433333333333333 0.8216666666666667 0.023333333333333334 0.02666666666666667
0 0.7583333333333333 0.795 0.02666666666666667 0.023333333333333334
0 0.7733333333333333 0.7583333333333333 0.023333333333333334 0.02
0 0.7766666666666666 0.935 0.023333333333333334 0.02666666666666667
0 0.6566666666666666 0.955 0.021666666666666667 0.023333333333333334
0 0.8266666666666667 0.8266666666666667 0.02666666666666667 0.023333333333333334
0 0.845 0.8866666666666667 0.02666666666666667 0.03
0 0.8916666666666667 0.9666666666666667 0.023333333333333334 0.03
0 0.925 0.8333333333333334 0.023333333333333334 0.023333333333333334
0 0.535 0.6283333333333333 0.02666666666666667 0.02666666666666667
0 0.15333333333333332 0.54 0.035 0.03166666666666667
0 0.3416666666666667 0.6733333333333333 0.023333333333333334 0.02666666666666667
0 0.43166666666666664 0.7833333333333333 0.028333333333333332 0.025
0 0.37333333333333335 0.74 0.03 0.02666666666666667
0 0.2783333333333333 0.985 0.023333333333333334 0.03
0 0.20333333333333334 0.9533333333333334 0.03 0.02666666666666667
0 0.20666666666666667 0.9833333333333333 0.025 0.025
0 0.165 0.9783333333333334 0.02 0.03
0 0.17833333333333334 0.9083333333333333 0.03 0.02666666666666667
0 0.14166666666666666 0.96 0.02666666666666667 0.02666666666666667
0 0.08666666666666667 0.9166666666666666 0.02666666666666667 0.02666666666666667
0 0.5166666666666667 0.7316666666666667 0.02666666666666667 0.03666666666666667