0 0.07666666666666666 0.4116666666666667 0.023333333333333334 0.03
0 0.15333333333333332 0.44333333333333336 0.02666666666666667 0.02666666666666667
0 0.12833333333333333 0.4666666666666667 0.023333333333333334 0.03
0 0.30333333333333334 0.47 0.023333333333333334 0.023333333333333334
0 0.3233333333333333 0.4583333333333333 0.02666666666666667 0.02666666666666667
0 0.085 0.515 0.02666666666666667 0.03166666666666667
0 0.5666666666666667 0.565 0.03 0.02666666666666667
0 0.9816666666666667 0.20666666666666667 0.03 0.02666666666666667
0 0.55 0.31833333333333336 0.02666666666666667 0.023333333333333334
0 0.6116666666666667 0.345 0.02666666666666667 0.023333333333333334
0 0.7016666666666667 0.41 0.02 0.023333333333333334
0 0.9616666666666667 0.4116666666666667 0.02666666666666667 0.02666666666666667
0 0.6833333333333333 0.4266666666666667 0.023333333333333334 0.023333333333333334
0 0.6066666666666667 0.435 0.03 0.03
0 0.5933333333333334 0.465 0.02666666666666667 0.03
0 0.71 0.53 0.02666666666666667 0.03
0 0.595 0.49666666666666665 0.03 0.03
0 0.6733333333333333 0.5383333333333333 0.02666666666666667 0.03
0 0.5233333333333333 0.38 0.028333333333333332 0.02666666666666667
0 0.5233333333333333 0.45666666666666667 0.02 0.02666666666666667
0 0.5333333333333333 0.42833333333333334 0.02666666666666667 0.023333333333333334
0 0.5 0.4533333333333333 0.02666666666666667 0.03