0 0.31666666666666665 0.07333333333333333 0.03 0.02666666666666667
0 0.15333333333333332 0.31833333333333336 0.03 0.02
0 0.06166666666666667 0.2733333333333333 0.023333333333333334 0.023333333333333334
0 0.06833333333333333 0.46166666666666667 0.02 0.023333333333333334
0 0.33166666666666667 0.41333333333333333 0.02 0.02
0 0.32666666666666666 0.325 0.02666666666666667 0.02
0 0.445 0.3883333333333333 0.023333333333333334 0.02
0 0.425 0.23166666666666666 0.02666666666666667 0.023333333333333334
0 0.42333333333333334 0.06666666666666667 0.023333333333333334 0.02
0 0.22333333333333333 0.315 0.02666666666666667 0.02
0 0.44 0.04 0.03 0.02666666666666667
0 0.22333333333333333 0.10166666666666667 0.03 0.03
0 0.11666666666666667 0.31 0.02666666666666667 0.02666666666666667
0 0.29833333333333334 0.45666666666666667 0.02666666666666667 0.02666666666666667
0 0.465 0.3516666666666667 0.02666666666666667 0.02666666666666667
0 0.20333333333333334 0.08666666666666667 0.03 0.03
0 0.25833333333333336 0.041666666666666664 0.02666666666666667 0.02666666666666667
0 0.22333333333333333 0.44333333333333336 0.02666666666666667 0.023333333333333334
0 0.2733333333333333 0.10333333333333333 0.03333333333333333 0.03333333333333333
0 0.8733333333333333 0.6366666666666667 0.02666666666666667 0.023333333333333334
0 0.9783333333333334 0.8066666666666666 0.02666666666666667 0.02
0 0.021666666666666667 0.5533333333333333 0.02666666666666667 0.02666666666666667
0 0.11166666666666666 0.5516666666666666 0.02666666666666667 0.02
0 0.025 0.6133333333333333 0.02666666666666667 0.02666666666666667
0 0.285 0.855 0.03 0.023333333333333334
0 0.2966666666666667 0.88 0.023333333333333334 0.02
0 0.16333333333333333 0.9866666666666667 0.03 0.02666666666666667
0 0.4683333333333333 0.9716666666666667 0.03 0.02666666666666667
0 0.40166666666666667 0.6566666666666666 0.02666666666666667 0.02666666666666667
0 0.5433333333333333 0.6433333333333333 0.02666666666666667 0.02666666666666667
0 0.605 0.08 0.023333333333333334 0.025
0 0.5833333333333334 0.6116666666666667 0.02666666666666667 0.023333333333333334
0 0.23333333333333334 0.7983333333333333 0.02666666666666667 0.023333333333333334
0 0.575 0.6233333333333333 0.02666666666666667 0.02666666666666667
0 0.36833333333333335 0.93 0.03666666666666667 0.03
0 0.48333333333333334 0.6816666666666666 0.02666666666666667 0.03
0 0.25833333333333336 0.4266666666666667 0.021666666666666667 0.021666666666666667
0 0.35333333333333333 0.245 0.025 0.028333333333333332
0 0.12666666666666668 0.28 0.025 0.028333333333333332
0 0.39166666666666666 0.11 0.023333333333333334 0.025
0 0.01 0.46 0.016666666666666666 0.025