0 0.4 0.7666666666666667 0.03 0.03
0 0.17666666666666667 0.8933333333333333 0.03 0.023333333333333334
0 0.05333333333333334 0.895 0.03 0.023333333333333334
0 0.7683333333333333 0.6816666666666666 0.03 0.023333333333333334
0 0.785 0.6233333333333333 0.023333333333333334 0.023333333333333334
0 0.7683333333333333 0.5583333333333333 0.02666666666666667 0.02
0 0.6783333333333333 0.9583333333333334 0.02 0.02
0 0.58 0.5916666666666667 0.03 0.03
0 0.5383333333333333 0.83 0.03 0.02666666666666667
0 0.7883333333333333 0.9616666666666667 0.02666666666666667 0.023333333333333334
0 0.8333333333333334 0.7033333333333334 0.023333333333333334 0.02666666666666667
0 0.8033333333333333 0.6466666666666666 0.02666666666666667 0.02666666666666667
0 0.5583333333333333 0.81 0.023333333333333334 0.023333333333333334
0 0.47333333333333333 0.15166666666666667 0.021666666666666667 0.023333333333333334
0 0.4666666666666667 0.205 0.02666666666666667 0.02
0 0.135 0.39 0.023333333333333334 0.02666666666666667
0 0.20666666666666667 0.36833333333333335 0.03 0.023333333333333334
0 0.28833333333333333 0.5133333333333333 0.03 0.02666666666666667
0 0.435 0.39166666666666666 0.02666666666666667 0.023333333333333334
0 0.2966666666666667 0.028333333333333332 0.03333333333333333 0.03
0 0.49833333333333335 0.20333333333333334 0.023333333333333334 0.02666666666666667
0 0.6483333333333333 0.32166666666666666 0.03 0.023333333333333334
0 0.72 0.37666666666666665 0.02666666666666667 0.023333333333333334
0 0.6 0.14166666666666666 0.02666666666666667 0.02
0 0.6066666666666667 0.06333333333333334 0.03 0.02666666666666667
0 0.555 0.045 0.025 0.018333333333333333
0 0.6533333333333333 0.18166666666666667 0.025 0.021666666666666667
0 0.6433333333333333 0.36333333333333334 0.03 0.02666666666666667
0 0.6733333333333333 0.41833333333333333 0.03333333333333333 0.03
0 0.6283333333333333 0.4266666666666667 0.02666666666666667 0.02666666666666667
0 0.7183333333333334 0.5083333333333333 0.03666666666666667 0.02666666666666667
0 0.7433333333333333 0.4633333333333333 0.023333333333333334 0.03
0 0.7233333333333334 0.47 0.02666666666666667 0.023333333333333334
0 0.555 0.12 0.025 0.025
0 0.6416666666666667 0.12666666666666668 0.02 0.02
0 0.5616666666666666 0.19166666666666668 0.021666666666666667 0.02
0 0.7133333333333334 0.41333333333333333 0.02666666666666667 0.02666666666666667
0 0.74 0.5616666666666666 0.02666666666666667 0.025
0 0.6783333333333333 0.515 0.02666666666666667 0.028333333333333332
0 0.42 0.5133333333333333 0.028333333333333332 0.023333333333333334
0 0.5333333333333333 0.7483333333333333 0.021666666666666667 0.021666666666666667
0 0.3933333333333333 0.59 0.028333333333333332 0.03