0 0.65 0.43166666666666664 0.023333333333333334 0.023333333333333334
0 0.665 0.255 0.02666666666666667 0.02666666666666667
0 0.6 0.21166666666666667 0.02666666666666667 0.023333333333333334
0 0.6483333333333333 0.16166666666666665 0.02666666666666667 0.02
0 0.6183333333333333 0.14333333333333334 0.02 0.023333333333333334
0 0.5933333333333334 0.335 0.023333333333333334 0.023333333333333334
0 0.6333333333333333 0.37 0.02 0.02666666666666667
0 0.5716666666666667 0.4116666666666667 0.02 0.02
0 0.5883333333333334 0.2 0.025 0.02
0 0.6016666666666667 0.45666666666666667 0.03333333333333333 0.03333333333333333
0 0.5933333333333334 0.4033333333333333 0.03333333333333333 0.03333333333333333
0 0.10666666666666667 0.4583333333333333 0.023333333333333334 0.023333333333333334
0 0.4866666666666667 0.22166666666666668 0.02666666666666667 0.02666666666666667
0 0.635 0.47833333333333333 0.02666666666666667 0.023333333333333334
0 0.9383333333333334 0.7 0.02666666666666667 0.023333333333333334
0 0.8516666666666667 0.83 0.03 0.028333333333333332
0 0.12 0.56 0.023333333333333334 0.02666666666666667
0 0.09833333333333333 0.5466666666666666 0.02666666666666667 0.023333333333333334
0 0.10166666666666667 0.5883333333333334 0.02666666666666667 0.023333333333333334
0 0.08666666666666667 0.6216666666666667 0.02666666666666667 0.03
0 0.07666666666666666 0.66 0.02 0.02
0 0.24833333333333332 0.7083333333333334 0.03 0.023333333333333334
0 0.39166666666666666 0.53 0.023333333333333334 0.023333333333333334
0 0.13166666666666665 0.89 0.03 0.02666666666666667
0 0.115 0.7966666666666666 0.02 0.02666666666666667
0 0.17833333333333334 0.75 0.023333333333333334 0.023333333333333334
0 0.16666666666666666 0.6583333333333333 0.03 0.02666666666666667
0 0.17833333333333334 0.69 0.03 0.02666666666666667
0 0.12666666666666668 0.63 0.02666666666666667 0.03
0 0.07166666666666667 0.565 0.02 0.03
0 0.25666666666666665 0.49666666666666665 0.03 0.02666666666666667
0 0.195 0.8266666666666667 0.023333333333333334 0.02666666666666667
0 0.35833333333333334 0.9366666666666666 0.02666666666666667 0.023333333333333334
0 0.03666666666666667 0.6383333333333333 0.03 0.03
0 0.058333333333333334 0.7866666666666666 0.02666666666666667 0.023333333333333334
0 0.03833333333333333 0.5116666666666667 0.02666666666666667 0.02666666666666667
0 0.37833333333333335 0.6016666666666667 0.02666666666666667 0.023333333333333334
0 0.19333333333333333 0.775 0.023333333333333334 0.023333333333333334
0 0.18833333333333332 0.9483333333333334 0.023333333333333334 0.023333333333333334
0 0.4766666666666667 0.71 0.023333333333333334 0.02
0 0.32 0.5933333333333334 0.023333333333333334 0.023333333333333334
0 0.25 0.9833333333333333 0.02666666666666667 0.02666666666666667
0 0.17333333333333334 0.5466666666666666 0.02666666666666667 0.023333333333333334
0 0.115 0.48833333333333334 0.02666666666666667 0.023333333333333334
0 0.5166666666666667 0.20833333333333334 0.023333333333333334 0.02
0 0.5 0.16166666666666665 0.023333333333333334 0.023333333333333334
0 0.5316666666666666 0.8116666666666666 0.023333333333333334 0.023333333333333334
0 0.5183333333333333 0.18666666666666668 0.02666666666666667 0.025
0 0.6566666666666666 0.18833333333333332 0.025 0.025
0 0.011666666666666667 0.4166666666666667 0.018333333333333333 0.02