0 0.48 0.6533333333333333 0.023333333333333334 0.023333333333333334
0 0.4533333333333333 0.6866666666666666 0.02666666666666667 0.02
0 0.4766666666666667 0.5666666666666667 0.023333333333333334 0.02
0 0.17166666666666666 0.8216666666666667 0.02666666666666667 0.023333333333333334
0 0.18666666666666668 0.8983333333333333 0.023333333333333334 0.023333333333333334
0 0.3383333333333333 0.8466666666666667 0.023333333333333334 0.023333333333333334
0 0.84 0.64 0.023333333333333334 0.02666666666666667
0 0.6533333333333333 0.6733333333333333 0.02 0.02
0 0.6833333333333333 0.755 0.02666666666666667 0.02
0 0.7583333333333333 0.8716666666666667 0.03 0.023333333333333334
0 0.93 0.7016666666666667 0.021666666666666667 0.025
0 0.9683333333333334 0.5333333333333333 0.02 0.02
0 0.8133333333333334 0.9633333333333334 0.02666666666666667 0.02666666666666667
0 0.665 0.6266666666666667 0.02666666666666667 0.02666666666666667
0 0.8566666666666667 0.6716666666666666 0.02666666666666667 0.02666666666666667
0 0.5983333333333334 0.205 0.03 0.025
0 0.8733333333333333 0.4666666666666667 0.02666666666666667 0.02666666666666667
0 0.95 0.48833333333333334 0.023333333333333334 0.02666666666666667
0 0.9733333333333334 0.45166666666666666 0.02 0.02
0 0.9816666666666667 0.43 0.02666666666666667 0.02666666666666667
0 0.07833333333333334 0.03333333333333333 0.023333333333333334 0.02666666666666667
0 0.22166666666666668 0.06333333333333334 0.023333333333333334 0.03
0 0.16 0.10166666666666667 0.02 0.02
0 0.21666666666666667 0.2916666666666667 0.02666666666666667 0.02666666666666667
0 0.20333333333333334 0.08666666666666667 0.023333333333333334 0.02
0 0.25 0.07333333333333333 0.02 0.023333333333333334