0 0.17833333333333334 0.6466666666666666 0.03 0.025
0 0.6783333333333333 0.96 0.028333333333333332 0.028333333333333332
0 0.10833333333333334 0.155 0.03333333333333333 0.025
0 0.245 0.8 0.03 0.028333333333333332
0 0.3883333333333333 0.8983333333333333 0.023333333333333334 0.02
0 0.04 0.395 0.02666666666666667 0.025
0 0.058333333333333334 0.18166666666666667 0.02666666666666667 0.023333333333333334
0 0.09 0.485 0.02666666666666667 0.023333333333333334
0 0.7 0.9666666666666667 0.03 0.02666666666666667
0 0.24 0.5666666666666667 0.03 0.02666666666666667
0 0.25333333333333335 0.765 0.02666666666666667 0.02666666666666667
0 0.48 0.8133333333333334 0.03 0.03