0 0.6433333333333333 0.165 0.03333333333333333 0.02666666666666667
0 0.13666666666666666 0.10666666666666667 0.02666666666666667 0.03
0 0.14166666666666666 0.14333333333333334 0.02666666666666667 0.02666666666666667
0 0.31333333333333335 0.21333333333333335 0.02666666666666667 0.023333333333333334
0 0.3416666666666667 0.22166666666666668 0.02 0.02666666666666667
0 0.3616666666666667 0.25666666666666665 0.03 0.02666666666666667
0 0.32666666666666666 0.2733333333333333 0.02666666666666667 0.02666666666666667
0 0.36333333333333334 0.20666666666666667 0.02 0.02666666666666667
0 0.16833333333333333 0.34 0.025 0.021666666666666667
0 0.41833333333333333 0.6983333333333334 0.03166666666666667 0.03
0 0.41833333333333333 0.74 0.02666666666666667 0.03
0 0.43333333333333335 0.7916666666666666 0.023333333333333334 0.02666666666666667
0 0.10166666666666667 0.9583333333333334 0.03333333333333333 0.03333333333333333
0 0.185 0.9733333333333334 0.02666666666666667 0.03
0 0.325 0.8316666666666667 0.02666666666666667 0.03
0 0.46 0.8316666666666667 0.02666666666666667 0.02666666666666667
0 0.6766666666666666 0.8516666666666667 0.03 0.028333333333333332
0 0.9066666666666666 0.8716666666666667 0.02666666666666667 0.02666666666666667
0 0.85 0.9133333333333333 0.02666666666666667 0.02666666666666667
0 0.8666666666666667 0.9583333333333334 0.025 0.025
0 0.8333333333333334 0.9266666666666666 0.023333333333333334 0.023333333333333334
0 0.011666666666666667 0.16666666666666666 0.023333333333333334 0.023333333333333334