0 0.115 0.8883333333333333 0.02666666666666667 0.03
0 0.6266666666666667 0.5233333333333333 0.03 0.023333333333333334
0 0.62 0.5433333333333333 0.03 0.02666666666666667
0 0.3883333333333333 0.15666666666666668 0.02666666666666667 0.03
0 0.12666666666666668 0.05333333333333334 0.02666666666666667 0.023333333333333334
0 0.4116666666666667 0.16166666666666665 0.02666666666666667 0.02666666666666667
0 0.37333333333333335 0.04 0.023333333333333334 0.023333333333333334
0 0.45666666666666667 0.19333333333333333 0.02666666666666667 0.02666666666666667
0 0.31666666666666665 0.10833333333333334 0.023333333333333334 0.023333333333333334
0 0.6033333333333334 0.5083333333333333 0.02666666666666667 0.028333333333333332
0 0.7533333333333333 0.40166666666666667 0.023333333333333334 0.023333333333333334
0 0.5433333333333333 0.24833333333333332 0.02 0.02
0 0.955 0.13666666666666666 0.03 0.03
0 0.9816666666666667 0.36 0.023333333333333334 0.023333333333333334
0 0.5416666666666666 0.27166666666666667 0.02666666666666667 0.02666666666666667
0 0.07666666666666666 0.011666666666666667 0.03333333333333333 0.023333333333333334
0 0.5216666666666666 0.18166666666666667 0.025 0.025
0 0.495 0.18333333333333332 0.025 0.03166666666666667
0 0.05 0.035 0.025 0.02666666666666667