0 0.15333333333333332 0.37833333333333335 0.03 0.023333333333333334
0 0.11166666666666666 0.385 0.023333333333333334 0.023333333333333334
0 0.03833333333333333 0.3883333333333333 0.02666666666666667 0.023333333333333334
0 0.018333333333333333 0.36333333333333334 0.02666666666666667 0.023333333333333334
0 0.08166666666666667 0.23833333333333334 0.02666666666666667 0.02666666666666667
0 0.36666666666666664 0.3383333333333333 0.028333333333333332 0.02666666666666667
0 0.37833333333333335 0.29833333333333334 0.03 0.03
0 0.3283333333333333 0.31666666666666665 0.023333333333333334 0.02666666666666667
0 0.22666666666666666 0.43833333333333335 0.023333333333333334 0.02
0 0.32666666666666666 0.345 0.023333333333333334 0.02
0 0.02666666666666667 0.04833333333333333 0.023333333333333334 0.02666666666666667
0 0.15333333333333332 0.195 0.03 0.03
0 0.09 0.06833333333333333 0.02666666666666667 0.02
0 0.011666666666666667 0.24333333333333335 0.023333333333333334 0.03
0 0.14833333333333334 0.23666666666666666 0.02 0.02666666666666667
0 0.16666666666666666 0.45166666666666666 0.023333333333333334 0.023333333333333334
0 0.2916666666666667 0.24666666666666667 0.02666666666666667 0.03
0 0.06333333333333334 0.7366666666666667 0.023333333333333334 0.02
0 0.16833333333333333 0.595 0.03666666666666667 0.03333333333333333
0 0.2683333333333333 0.6316666666666667 0.03 0.03
0 0.355 0.7733333333333333 0.02 0.02666666666666667
0 0.22333333333333333 0.6966666666666667 0.023333333333333334 0.023333333333333334
0 0.03833333333333333 0.6866666666666666 0.02666666666666667 0.023333333333333334
0 0.10166666666666667 0.7283333333333334 0.023333333333333334 0.02666666666666667
0 0.3883333333333333 0.6566666666666666 0.02 0.02666666666666667
0 0.32666666666666666 0.895 0.02 0.02
0 0.21 0.9116666666666666 0.02666666666666667 0.02
0 0.28833333333333333 0.7766666666666666 0.03 0.02
0 0.08166666666666667 0.7533333333333333 0.023333333333333334 0.02
0 0.2816666666666667 0.875 0.02666666666666667 0.023333333333333334
0 0.83 0.6766666666666666 0.023333333333333334 0.02666666666666667
0 0.5416666666666666 0.9366666666666666 0.02666666666666667 0.02666666666666667
0 0.5416666666666666 0.9033333333333333 0.02666666666666667 0.03333333333333333
0 0.565 0.9066666666666666 0.02 0.02666666666666667
0 0.48333333333333334 0.8483333333333334 0.02666666666666667 0.03166666666666667
0 0.03166666666666667 0.655 0.023333333333333334 0.023333333333333334