0 0.14833333333333334 0.056666666666666664 0.02666666666666667 0.02
0 0.3983333333333333 0.12166666666666667 0.02666666666666667 0.02
0 0.20666666666666667 0.09166666666666666 0.02 0.02
0 0.15 0.08 0.023333333333333334 0.023333333333333334
0 0.3566666666666667 0.18833333333333332 0.02666666666666667 0.023333333333333334
0 0.27166666666666667 0.06166666666666667 0.02666666666666667 0.02666666666666667
0 0.09 0.9233333333333333 0.023333333333333334 0.03
0 0.15833333333333333 0.9483333333333334 0.02666666666666667 0.02666666666666667
0 0.13333333333333333 0.9683333333333334 0.023333333333333334 0.03
0 0.30833333333333335 0.9766666666666667 0.03 0.028333333333333332
0 0.465 0.8683333333333333 0.03 0.03
0 0.6183333333333333 0.8516666666666667 0.02666666666666667 0.023333333333333334
0 0.7083333333333334 0.915 0.02 0.023333333333333334
0 0.9683333333333334 0.9233333333333333 0.02666666666666667 0.023333333333333334
0 0.6883333333333334 0.9333333333333333 0.023333333333333334 0.023333333333333334
0 0.6133333333333333 0.9433333333333334 0.03 0.03
0 0.6016666666666667 0.975 0.02666666666666667 0.03
0 0.53 0.8883333333333333 0.02666666666666667 0.03
0 0.5333333333333333 0.9666666666666667 0.02 0.02666666666666667
0 0.545 0.94 0.03166666666666667 0.03
0 0.51 0.96 0.028333333333333332 0.028333333333333332
0 0.9883333333333333 0.7133333333333334 0.023333333333333334 0.02666666666666667