0 0.03166666666666667 0.48833333333333334 0.02666666666666667 0.02666666666666667
0 0.051666666666666666 0.5483333333333333 0.023333333333333334 0.02
0 0.056666666666666664 0.6116666666666667 0.03 0.023333333333333334
0 0.011666666666666667 0.22666666666666666 0.023333333333333334 0.02
0 0.01 0.43 0.02 0.023333333333333334
0 0.15333333333333332 0.42833333333333334 0.023333333333333334 0.02666666666666667
0 0.043333333333333335 0.6433333333333333 0.03 0.02666666666666667
0 0.05 0.195 0.023333333333333334 0.021666666666666667
0 0.11833333333333333 0.44666666666666666 0.02 0.023333333333333334
0 0.23666666666666666 0.23333333333333334 0.02666666666666667 0.03
0 0.011666666666666667 0.475 0.023333333333333334 0.023333333333333334
0 0.011666666666666667 0.5266666666666666 0.023333333333333334 0.023333333333333334
0 0.085 0.37166666666666665 0.023333333333333334 0.023333333333333334
0 0.07666666666666666 0.41833333333333333 0.03 0.03
0 0.008333333333333333 0.7966666666666666 0.016666666666666666 0.023333333333333334
0 0.04666666666666667 0.43166666666666664 0.023333333333333334 0.023333333333333334
0 0.12833333333333333 0.4683333333333333 0.03 0.02666666666666667
0 0.03333333333333333 0.19166666666666668 0.023333333333333334 0.023333333333333334
0 0.09666666666666666 0.49166666666666664 0.023333333333333334 0.023333333333333334
0 0.7433333333333333 0.5416666666666666 0.03 0.02666666666666667
0 0.7983333333333333 0.5433333333333333 0.02666666666666667 0.023333333333333334
0 0.8583333333333333 0.4033333333333333 0.03 0.023333333333333334
0 0.05333333333333334 0.5316666666666666 0.03 0.023333333333333334