0 0.30666666666666664 0.525 0.02 0.023333333333333334
0 0.30333333333333334 0.5833333333333334 0.02666666666666667 0.02666666666666667
0 0.42833333333333334 0.665 0.023333333333333334 0.023333333333333334
0 0.445 0.5566666666666666 0.03 0.03
0 0.3383333333333333 0.595 0.023333333333333334 0.023333333333333334
0 0.45 0.6883333333333334 0.02666666666666667 0.02666666666666667
0 0.3566666666666667 0.7116666666666667 0.023333333333333334 0.023333333333333334
0 0.24666666666666667 0.4166666666666667 0.03 0.02
0 0.25833333333333336 0.4716666666666667 0.03 0.02
0 0.18666666666666668 0.16666666666666666 0.02666666666666667 0.02666666666666667
0 0.3383333333333333 0.22166666666666668 0.02666666666666667 0.02666666666666667
0 0.4033333333333333 0.38166666666666665 0.02666666666666667 0.023333333333333334
0 0.4816666666666667 0.3933333333333333 0.02666666666666667 0.023333333333333334
0 0.21666666666666667 0.20833333333333334 0.02666666666666667 0.02666666666666667
0 0.15 0.12 0.02 0.02
0 0.21333333333333335 0.12666666666666668 0.03 0.03
0 0.24666666666666667 0.16833333333333333 0.02666666666666667 0.02666666666666667
0 0.2783333333333333 0.38333333333333336 0.023333333333333334 0.023333333333333334
0 0.27166666666666667 0.20833333333333334 0.023333333333333334 0.023333333333333334
0 0.3016666666666667 0.3983333333333333 0.023333333333333334 0.023333333333333334
0 0.20666666666666667 0.175 0.023333333333333334 0.02666666666666667
0 0.20833333333333334 0.23666666666666666 0.02666666666666667 0.02666666666666667
0 0.2866666666666667 0.4583333333333333 0.02 0.02
0 0.2916666666666667 0.5183333333333333 0.023333333333333334 0.02
0 0.5433333333333333 0.16666666666666666 0.023333333333333334 0.03333333333333333
0 0.7433333333333333 0.35833333333333334 0.02666666666666667 0.03
0 0.6866666666666666 0.3883333333333333 0.03 0.02
0 0.5616666666666666 0.4266666666666667 0.023333333333333334 0.02666666666666667
0 0.58 0.34 0.03 0.03
0 0.6233333333333333 0.36833333333333335 0.02666666666666667 0.02666666666666667
0 0.555 0.22333333333333333 0.02666666666666667 0.02666666666666667
0 0.6366666666666667 0.24166666666666667 0.02666666666666667 0.02666666666666667
0 0.6566666666666666 0.4033333333333333 0.03 0.02666666666666667
0 0.7766666666666666 0.8066666666666666 0.023333333333333334 0.023333333333333334
0 0.575 0.7916666666666666 0.05333333333333334 0.056666666666666664
0 0.8466666666666667 0.6366666666666667 0.03 0.03333333333333333
0 0.6816666666666666 0.6066666666666667 0.02666666666666667 0.02666666666666667
0 0.97 0.975 0.03 0.03
0 0.5783333333333334 0.8833333333333333 0.02666666666666667 0.02666666666666667
0 0.6266666666666667 0.8783333333333333 0.02666666666666667 0.02666666666666667
0 0.5866666666666667 0.74 0.03 0.03
0 0.7533333333333333 0.8566666666666667 0.02666666666666667 0.02666666666666667
0 0.7533333333333333 0.565 0.03 0.03
0 0.5216666666666666 0.38333333333333336 0.03 0.02
0 0.5233333333333333 0.6683333333333333 0.03 0.03