0 0.5866666666666667 0.7583333333333333 0.03 0.03
0 0.36833333333333335 0.15 0.03 0.023333333333333334
0 0.26666666666666666 0.17166666666666666 0.03 0.02666666666666667
0 0.30666666666666664 0.18166666666666667 0.03 0.03
0 0.08666666666666667 0.23833333333333334 0.023333333333333334 0.023333333333333334
0 0.09166666666666666 0.25666666666666665 0.02666666666666667 0.02
0 0.6566666666666666 0.725 0.02666666666666667 0.03
0 0.8466666666666667 0.7566666666666667 0.02 0.023333333333333334
0 0.445 0.7283333333333334 0.02666666666666667 0.02666666666666667
0 0.4683333333333333 0.7816666666666666 0.03 0.03666666666666667
0 0.7016666666666667 0.68 0.023333333333333334 0.023333333333333334
0 0.5783333333333334 0.6366666666666667 0.023333333333333334 0.02666666666666667
0 0.22666666666666666 0.21666666666666667 0.03 0.03
0 0.6166666666666667 0.73 0.02666666666666667 0.023333333333333334
0 0.09166666666666666 0.25333333333333335 0.02666666666666667 0.02666666666666667
0 0.115 0.16833333333333333 0.03 0.03
0 0.013333333333333334 0.27166666666666667 0.023333333333333334 0.02666666666666667
0 0.35833333333333334 0.051666666666666666 0.02 0.02666666666666667