0 0.9666666666666667 0.6366666666666667 0.03333333333333333 0.03
0 0.6166666666666667 0.7816666666666666 0.023333333333333334 0.023333333333333334
0 0.69 0.15666666666666668 0.023333333333333334 0.02
0 0.6716666666666666 0.16833333333333333 0.02666666666666667 0.023333333333333334
0 0.7783333333333333 0.025 0.02 0.023333333333333334
0 0.8433333333333334 0.4216666666666667 0.02666666666666667 0.02
0 0.8283333333333334 0.44 0.03 0.03
0 0.9133333333333333 0.44666666666666666 0.02666666666666667 0.03
0 0.8283333333333334 0.085 0.02666666666666667 0.02
0 0.6616666666666666 0.37666666666666665 0.023333333333333334 0.03
0 0.5933333333333334 0.39666666666666667 0.023333333333333334 0.023333333333333334
0 0.5033333333333333 0.255 0.02666666666666667 0.03
0 0.7033333333333334 0.18166666666666667 0.023333333333333334 0.023333333333333334
0 0.02666666666666667 0.8833333333333333 0.02 0.023333333333333334
0 0.02666666666666667 0.8066666666666666 0.02 0.03
0 0.03 0.8533333333333334 0.023333333333333334 0.03
0 0.5133333333333333 0.4716666666666667 0.03 0.03
0 0.9183333333333333 0.485 0.04 0.035
0 0.485 0.325 0.035 0.04666666666666667
0 0.8933333333333333 0.415 0.03166666666666667 0.03
0 0.8133333333333334 0.7266666666666667 0.02666666666666667 0.03333333333333333
0 0.23 0.63 0.035 0.025