0 0.08833333333333333 0.605 0.023333333333333334 0.02
0 0.20333333333333334 0.9133333333333333 0.021666666666666667 0.023333333333333334
0 0.07666666666666666 0.7633333333333333 0.023333333333333334 0.023333333333333334
0 0.08333333333333333 0.71 0.023333333333333334 0.023333333333333334
0 0.08333333333333333 0.9516666666666667 0.02 0.02
0 0.15 0.95 0.023333333333333334 0.023333333333333334
0 0.2783333333333333 0.945 0.023333333333333334 0.025
0 0.2916666666666667 0.8933333333333333 0.02666666666666667 0.02666666666666667
0 0.2733333333333333 0.9133333333333333 0.023333333333333334 0.023333333333333334
0 0.4033333333333333 0.9733333333333334 0.02666666666666667 0.02
0 0.30833333333333335 0.955 0.02666666666666667 0.02666666666666667
0 0.3283333333333333 0.9816666666666667 0.02666666666666667 0.023333333333333334
0 0.10333333333333333 0.52 0.02666666666666667 0.02666666666666667
0 0.775 0.475 0.023333333333333334 0.02666666666666667
0 0.9733333333333334 0.405 0.02 0.023333333333333334
0 0.9183333333333333 0.17666666666666667 0.02666666666666667 0.03
0 0.9833333333333333 0.26666666666666666 0.023333333333333334 0.02
0 0.9633333333333334 0.45 0.023333333333333334 0.023333333333333334
0 0.955 0.565 0.02666666666666667 0.02666666666666667
0 0.6266666666666667 0.6233333333333333 0.03 0.02666666666666667
0 0.6283333333333333 0.7116666666666667 0.02 0.023333333333333334
0 0.9866666666666667 0.625 0.02 0.02
0 0.07166666666666667 0.011666666666666667 0.02666666666666667 0.023333333333333334
0 0.36666666666666664 0.21666666666666667 0.025 0.02666666666666667
0 0.27666666666666667 0.31333333333333335 0.02 0.02666666666666667
0 0.3416666666666667 0.48833333333333334 0.025 0.02666666666666667
0 0.215 0.33166666666666667 0.02666666666666667 0.023333333333333334
0 0.013333333333333334 0.09666666666666666 0.023333333333333334 0.023333333333333334
0 0.11166666666666666 0.6716666666666666 0.02 0.02
0 0.335 0.9483333333333334 0.02 0.021666666666666667