0 0.24666666666666667 0.5533333333333333 0.03 0.03
0 0.8983333333333333 0.185 0.02666666666666667 0.02666666666666667
0 0.9033333333333333 0.47333333333333333 0.02666666666666667 0.02666666666666667
0 0.8416666666666667 0.29833333333333334 0.023333333333333334 0.02
0 0.91 0.31833333333333336 0.02666666666666667 0.023333333333333334
0 0.85 0.32 0.023333333333333334 0.02
0 0.4716666666666667 0.405 0.03333333333333333 0.03
0 0.615 0.34 0.03 0.03
0 0.6116666666666667 0.225 0.035 0.03333333333333333
0 0.67 0.395 0.03 0.03
0 0.6033333333333334 0.13833333333333334 0.02666666666666667 0.02666666666666667
0 0.665 0.13 0.02666666666666667 0.02666666666666667
0 0.7016666666666667 0.8966666666666666 0.03 0.03
0 0.565 0.59 0.023333333333333334 0.023333333333333334
0 0.8766666666666667 0.515 0.03333333333333333 0.03333333333333333
0 0.9116666666666666 0.7283333333333334 0.03 0.03
0 0.6066666666666667 0.6616666666666666 0.02666666666666667 0.02666666666666667
0 0.46166666666666667 0.5266666666666666 0.02666666666666667 0.023333333333333334
0 0.6066666666666667 0.6183333333333333 0.03333333333333333 0.03333333333333333
0 0.2683333333333333 0.5133333333333333 0.02666666666666667 0.03
0 0.8616666666666667 0.20166666666666666 0.02666666666666667 0.028333333333333332
0 0.8216666666666667 0.15166666666666667 0.03 0.025