0 0.9233333333333333 0.05333333333333334 0.03333333333333333 0.023333333333333334
0 0.9483333333333334 0.4 0.023333333333333334 0.02
0 0.9383333333333334 0.37666666666666665 0.03333333333333333 0.023333333333333334
0 0.96 0.34833333333333333 0.023333333333333334 0.02
0 0.9516666666666667 0.35833333333333334 0.02666666666666667 0.02
0 0.985 0.28833333333333333 0.03 0.023333333333333334
0 0.9683333333333334 0.29833333333333334 0.02666666666666667 0.02666666666666667
0 0.9533333333333334 0.31166666666666665 0.02666666666666667 0.023333333333333334
0 0.9366666666666666 0.27666666666666667 0.02666666666666667 0.02666666666666667
0 0.9033333333333333 0.20833333333333334 0.023333333333333334 0.02
0 0.8683333333333333 0.32166666666666666 0.023333333333333334 0.023333333333333334
0 0.85 0.3433333333333333 0.02666666666666667 0.023333333333333334
0 0.7916666666666666 0.2733333333333333 0.02666666666666667 0.03
0 0.8033333333333333 0.25666666666666665 0.02666666666666667 0.03
0 0.8533333333333334 0.22333333333333333 0.02666666666666667 0.023333333333333334
0 0.8266666666666667 0.12666666666666668 0.023333333333333334 0.02
0 0.8383333333333334 0.08166666666666667 0.023333333333333334 0.023333333333333334
0 0.8433333333333334 0.10166666666666667 0.023333333333333334 0.023333333333333334
0 0.8633333333333333 0.16833333333333333 0.023333333333333334 0.023333333333333334
0 0.8083333333333333 0.008333333333333333 0.02666666666666667 0.016666666666666666
0 0.8716666666666667 0.011666666666666667 0.03 0.023333333333333334
0 0.9483333333333334 0.24666666666666667 0.03 0.02
0 0.9766666666666667 0.22333333333333333 0.03666666666666667 0.02666666666666667
0 0.9616666666666667 0.19833333333333333 0.023333333333333334 0.023333333333333334
0 0.91 0.12666666666666668 0.03 0.02666666666666667
0 0.85 0.12666666666666668 0.03 0.03
0 0.9216666666666666 0.3383333333333333 0.03 0.02666666666666667
0 0.9833333333333333 0.09166666666666666 0.02666666666666667 0.02
0 0.8683333333333333 0.15 0.023333333333333334 0.023333333333333334
0 0.41333333333333333 0.44666666666666666 0.02 0.02666666666666667
0 0.22166666666666668 0.16166666666666665 0.03 0.02666666666666667
0 0.22333333333333333 0.2783333333333333 0.03 0.03
0 0.38 0.4083333333333333 0.023333333333333334 0.023333333333333334
0 0.04666666666666667 0.605 0.03 0.03333333333333333
0 0.055 0.7966666666666666 0.02666666666666667 0.03833333333333333
0 0.12166666666666667 0.7316666666666667 0.03 0.03
0 0.04833333333333333 0.7233333333333334 0.03 0.03
0 0.9033333333333333 0.5883333333333334 0.02666666666666667 0.02666666666666667
0 0.9083333333333333 0.55 0.02666666666666667 0.02666666666666667
0 0.9066666666666666 0.525 0.02666666666666667 0.03
0 0.8833333333333333 0.5416666666666666 0.02666666666666667 0.02666666666666667
0 0.23833333333333334 0.013333333333333334 0.043333333333333335 0.02666666666666667
0 0.016666666666666666 0.7133333333333334 0.028333333333333332 0.03833333333333333
0 0.015 0.6466666666666666 0.03 0.03666666666666667
0 0.5583333333333333 0.42333333333333334 0.02666666666666667 0.028333333333333332