0 0.028333333333333332 0.04833333333333333 0.023333333333333334 0.023333333333333334
0 0.7466666666666667 0.6466666666666666 0.023333333333333334 0.02
0 0.5966666666666667 0.6216666666666667 0.023333333333333334 0.023333333333333334
0 0.5366666666666666 0.5016666666666667 0.023333333333333334 0.023333333333333334
0 0.5616666666666666 0.5133333333333333 0.02 0.02
0 0.49333333333333335 0.5883333333333334 0.02666666666666667 0.02
0 0.2916666666666667 0.7416666666666667 0.02666666666666667 0.02
0 0.35833333333333334 0.83 0.023333333333333334 0.023333333333333334
0 0.34833333333333333 0.7966666666666666 0.023333333333333334 0.02
0 0.36333333333333334 0.9416666666666667 0.02 0.023333333333333334
0 0.44333333333333336 0.935 0.023333333333333334 0.02
0 0.37666666666666665 0.9116666666666666 0.023333333333333334 0.02
0 0.35333333333333333 0.9133333333333333 0.023333333333333334 0.02
0 0.31333333333333335 0.955 0.03 0.02666666666666667
0 0.52 0.5566666666666666 0.021666666666666667 0.021666666666666667
0 0.4116666666666667 0.82 0.023333333333333334 0.016666666666666666
0 0.38166666666666665 0.8483333333333334 0.02 0.016666666666666666
0 0.31166666666666665 0.8 0.03 0.02666666666666667
0 0.30333333333333334 0.5883333333333334 0.02666666666666667 0.02666666666666667
0 0.4716666666666667 0.9583333333333334 0.023333333333333334 0.023333333333333334
0 0.44666666666666666 0.9683333333333334 0.021666666666666667 0.025
0 0.2966666666666667 0.9333333333333333 0.025 0.025
0 0.5183333333333333 0.5983333333333334 0.018333333333333333 0.021666666666666667
0 0.12333333333333334 0.115 0.02 0.02666666666666667