0 0.041666666666666664 0.9783333333333334 0.03 0.03
0 0.025 0.6466666666666666 0.03 0.03
0 0.14 0.63 0.02 0.02
0 0.058333333333333334 0.5833333333333334 0.03 0.03
0 0.30833333333333335 0.2833333333333333 0.023333333333333334 0.02
0 0.29 0.2816666666666667 0.023333333333333334 0.03
0 0.4216666666666667 0.3233333333333333 0.03 0.03
0 0.4533333333333333 0.2833333333333333 0.02 0.023333333333333334
0 0.23 0.33666666666666667 0.023333333333333334 0.03
0 0.27166666666666667 0.32166666666666666 0.03 0.03
0 0.7166666666666667 0.37833333333333335 0.02666666666666667 0.02666666666666667
0 0.77 0.02 0.023333333333333334 0.023333333333333334
0 0.54 0.19333333333333333 0.02666666666666667 0.02666666666666667
0 0.33 0.335 0.03 0.03333333333333333