0 0.6266666666666667 0.1 0.02666666666666667 0.03
0 0.6883333333333334 0.11833333333333333 0.023333333333333334 0.03
0 0.59 0.21666666666666667 0.02666666666666667 0.03333333333333333
0 0.725 0.045 0.023333333333333334 0.028333333333333332
0 0.8133333333333334 0.03166666666666667 0.023333333333333334 0.02
0 0.8516666666666667 0.045 0.023333333333333334 0.023333333333333334
0 0.8866666666666667 0.041666666666666664 0.02666666666666667 0.03333333333333333
0 0.9483333333333334 0.175 0.023333333333333334 0.023333333333333334
0 0.99 0.18666666666666668 0.02 0.023333333333333334
0 0.8833333333333333 0.16 0.023333333333333334 0.02
0 0.8816666666666667 0.18 0.02 0.02666666666666667
0 0.5483333333333333 0.31 0.03 0.02666666666666667
0 0.6166666666666667 0.31666666666666665 0.02666666666666667 0.023333333333333334
0 0.7116666666666667 0.2733333333333333 0.02 0.02
0 0.9 0.325 0.03333333333333333 0.03166666666666667
0 0.5466666666666666 0.435 0.02666666666666667 0.023333333333333334
0 0.67 0.5416666666666666 0.03833333333333333 0.03
0 0.605 0.5366666666666666 0.03166666666666667 0.025
0 0.7216666666666667 0.5283333333333333 0.023333333333333334 0.03
0 0.7633333333333333 0.5183333333333333 0.02666666666666667 0.02
0 0.7116666666666667 0.5983333333333334 0.023333333333333334 0.02666666666666667
0 0.8266666666666667 0.425 0.02666666666666667 0.02
0 0.8733333333333333 0.625 0.02666666666666667 0.023333333333333334
0 0.7966666666666666 0.6666666666666666 0.02666666666666667 0.02
0 0.7916666666666666 0.6966666666666667 0.03833333333333333 0.03
0 0.7833333333333333 0.8066666666666666 0.02666666666666667 0.03
0 0.8116666666666666 0.6416666666666667 0.02666666666666667 0.02
0 0.8066666666666666 0.6133333333333333 0.02 0.02
0 0.91 0.6083333333333333 0.02 0.016666666666666666
0 0.875 0.7283333333333334 0.02666666666666667 0.02
0 0.7866666666666666 0.755 0.03 0.03
0 0.625 0.8833333333333333 0.028333333333333332 0.03833333333333333
0 0.6416666666666667 0.8016666666666666 0.03 0.023333333333333334
0 0.6083333333333333 0.8 0.02666666666666667 0.02666666666666667
0 0.56 0.93 0.023333333333333334 0.023333333333333334
0 0.5533333333333333 0.9516666666666667 0.02 0.02
0 0.6733333333333333 0.94 0.028333333333333332 0.03333333333333333
0 0.6383333333333333 0.955 0.02666666666666667 0.02666666666666667
0 0.6983333333333334 0.9766666666666667 0.023333333333333334 0.023333333333333334
0 0.7333333333333333 0.9866666666666667 0.023333333333333334 0.02
0 0.9866666666666667 0.275 0.02666666666666667 0.02666666666666667
0 0.855 0.11333333333333333 0.03333333333333333 0.03333333333333333
0 0.6933333333333334 0.49333333333333335 0.023333333333333334 0.023333333333333334
0 0.8183333333333334 0.7916666666666666 0.035 0.023333333333333334
0 0.595 0.06666666666666667 0.02666666666666667 0.02666666666666667
0 0.59 0.18166666666666667 0.023333333333333334 0.023333333333333334
0 0.825 0.35833333333333334 0.023333333333333334 0.02
0 0.7333333333333333 0.545 0.023333333333333334 0.023333333333333334
0 0.6766666666666666 0.36333333333333334 0.023333333333333334 0.023333333333333334
0 0.7666666666666667 0.07666666666666666 0.02 0.02
0 0.6516666666666666 0.2783333333333333 0.02 0.02
0 0.9 0.595 0.02 0.02
0 0.6066666666666667 0.8483333333333334 0.023333333333333334 0.023333333333333334
0 0.9 0.7033333333333334 0.02666666666666667 0.02666666666666667
0 0.9833333333333333 0.085 0.02666666666666667 0.03
0 0.9733333333333334 0.045 0.02666666666666667 0.02666666666666667
0 0.7783333333333333 0.06666666666666667 0.023333333333333334 0.02
0 0.765 0.215 0.023333333333333334 0.02666666666666667
0 0.9816666666666667 0.13666666666666666 0.023333333333333334 0.02666666666666667
0 0.62 0.9516666666666667 0.023333333333333334 0.03
0 0.88 0.7583333333333333 0.023333333333333334 0.02666666666666667
0 0.9766666666666667 0.76 0.023333333333333334 0.02666666666666667
0 0.5666666666666667 0.37 0.023333333333333334 0.02666666666666667
0 0.5783333333333334 0.445 0.02 0.02666666666666667
0 0.5816666666666667 0.3883333333333333 0.023333333333333334 0.023333333333333334
0 0.94 0.08333333333333333 0.023333333333333334 0.023333333333333334
0 0.9683333333333334 0.10333333333333333 0.02666666666666667 0.023333333333333334
0 0.6483333333333333 0.5016666666666667 0.023333333333333334 0.023333333333333334
0 0.8733333333333333 0.6783333333333333 0.02 0.02
0 0.35833333333333334 0.10833333333333334 0.023333333333333334 0.023333333333333334
0 0.315 0.07666666666666666 0.03 0.023333333333333334
0 0.3566666666666667 0.185 0.023333333333333334 0.02666666666666667
0 0.41333333333333333 0.24 0.03 0.03
0 0.535 0.875 0.02 0.023333333333333334
0 0.5383333333333333 0.9216666666666666 0.02666666666666667 0.02
0 0.49166666666666664 0.9416666666666667 0.02 0.023333333333333334
0 0.4683333333333333 0.9216666666666666 0.02 0.023333333333333334
0 0.415 0.9516666666666667 0.02666666666666667 0.03666666666666667
0 0.12666666666666668 0.9833333333333333 0.03 0.023333333333333334
0 0.235 0.975 0.023333333333333334 0.02
0 0.205 0.9333333333333333 0.025 0.03
0 0.23666666666666666 0.915 0.02666666666666667 0.023333333333333334
0 0.17333333333333334 0.9083333333333333 0.023333333333333334 0.023333333333333334
0 0.29 0.84 0.02666666666666667 0.03
0 0.32666666666666666 0.8 0.023333333333333334 0.03
0 0.31666666666666665 0.7533333333333333 0.02666666666666667 0.02
0 0.2966666666666667 0.765 0.02 0.02
0 0.345 0.71 0.02 0.023333333333333334
0 0.36666666666666664 0.7333333333333333 0.023333333333333334 0.023333333333333334
0 0.11666666666666667 0.7416666666666667 0.02666666666666667 0.03
0 0.17166666666666666 0.7266666666666667 0.03 0.02666666666666667
0 0.18833333333333332 0.6366666666666667 0.02 0.02
0 0.21333333333333335 0.41833333333333333 0.02 0.03
0 0.225 0.42833333333333334 0.02 0.023333333333333334
0 0.275 0.6616666666666666 0.023333333333333334 0.02
0 0.06333333333333334 0.7766666666666666 0.023333333333333334 0.02
0 0.20166666666666666 0.6683333333333333 0.02 0.02666666666666667
0 0.14166666666666666 0.6633333333333333 0.02666666666666667 0.023333333333333334
0 0.21833333333333332 0.6283333333333333 0.02 0.02666666666666667
0 0.25333333333333335 0.59 0.03 0.02
0 0.21666666666666667 0.5183333333333333 0.02 0.02666666666666667
0 0.355 0.7816666666666666 0.023333333333333334 0.023333333333333334
0 0.17333333333333334 0.8766666666666667 0.02666666666666667 0.02666666666666667
0 0.535 0.9733333333333334 0.02666666666666667 0.023333333333333334
0 0.17333333333333334 0.49 0.03166666666666667 0.03166666666666667
0 0.39 0.27 0.02666666666666667 0.02666666666666667
0 0.39166666666666666 0.67 0.028333333333333332 0.03166666666666667
0 0.21666666666666667 0.705 0.02666666666666667 0.023333333333333334
0 0.06166666666666667 0.8916666666666667 0.02666666666666667 0.023333333333333334
0 0.24833333333333332 0.63 0.023333333333333334 0.023333333333333334
0 0.05 0.8816666666666667 0.02666666666666667 0.02666666666666667
0 0.3983333333333333 0.73 0.02 0.02
0 0.5233333333333333 0.6683333333333333 0.02666666666666667 0.02666666666666667
0 0.05333333333333334 0.65 0.03 0.03
0 0.17 0.465 0.03 0.03
0 0.20166666666666666 0.5766666666666667 0.02666666666666667 0.02666666666666667
0 0.32 0.5066666666666667 0.02666666666666667 0.02666666666666667
0 0.51 0.2966666666666667 0.023333333333333334 0.023333333333333334
0 0.2783333333333333 0.5516666666666666 0.02666666666666667 0.03
0 0.25833333333333336 0.5416666666666666 0.023333333333333334 0.02666666666666667
0 0.13166666666666665 0.7883333333333333 0.02666666666666667 0.023333333333333334
0 0.13 0.7566666666666667 0.023333333333333334 0.02
0 0.13333333333333333 0.9433333333333334 0.02666666666666667 0.023333333333333334
0 0.5283333333333333 0.9566666666666667 0.02666666666666667 0.02666666666666667
0 0.09166666666666666 0.7416666666666667 0.02666666666666667 0.023333333333333334
0 0.24666666666666667 0.8416666666666667 0.023333333333333334 0.023333333333333334
0 0.03333333333333333 0.7816666666666666 0.02666666666666667 0.03
0 0.21833333333333332 0.9266666666666666 0.02 0.023333333333333334
0 0.21833333333333332 0.8516666666666667 0.02666666666666667 0.03
0 0.31166666666666665 0.6516666666666666 0.02 0.02666666666666667
0 0.22 0.8766666666666667 0.02666666666666667 0.02666666666666667
0 0.10833333333333334 0.57 0.028333333333333332 0.023333333333333334
0 0.021666666666666667 0.9433333333333334 0.03333333333333333 0.03333333333333333