0 0.43833333333333335 0.8416666666666667 0.023333333333333334 0.023333333333333334
0 0.5066666666666667 0.6716666666666666 0.03 0.03
0 0.395 0.8966666666666666 0.023333333333333334 0.02666666666666667
0 0.42333333333333334 0.8633333333333333 0.023333333333333334 0.023333333333333334
0 0.4 0.4166666666666667 0.025 0.02666666666666667
0 0.23166666666666666 0.20166666666666666 0.023333333333333334 0.023333333333333334
0 0.485 0.20833333333333334 0.025 0.021666666666666667
0 0.355 0.10666666666666667 0.023333333333333334 0.02
0 0.6083333333333333 0.17333333333333334 0.02666666666666667 0.03
0 0.54 0.18166666666666667 0.02 0.023333333333333334
0 0.395 0.018333333333333333 0.02666666666666667 0.02666666666666667
0 0.4866666666666667 0.45166666666666666 0.03 0.02666666666666667
0 0.12166666666666667 0.19833333333333333 0.023333333333333334 0.02666666666666667
0 0.39666666666666667 0.15833333333333333 0.023333333333333334 0.025
0 0.4866666666666667 0.245 0.025 0.028333333333333332
0 0.345 0.115 0.02 0.02
0 0.25666666666666665 0.2966666666666667 0.023333333333333334 0.023333333333333334
0 0.19666666666666666 0.14833333333333334 0.02666666666666667 0.02
0 0.27166666666666667 0.3283333333333333 0.023333333333333334 0.023333333333333334
0 0.43333333333333335 0.125 0.023333333333333334 0.023333333333333334