0 0.43 0.5583333333333333 0.025 0.02666666666666667
0 0.07166666666666667 0.19166666666666668 0.023333333333333334 0.02
0 0.065 0.23333333333333334 0.023333333333333334 0.03
0 0.195 0.3466666666666667 0.02666666666666667 0.03666666666666667
0 0.18333333333333332 0.3933333333333333 0.025 0.03666666666666667
0 0.4683333333333333 0.3883333333333333 0.03 0.03
0 0.15833333333333333 0.2866666666666667 0.025 0.03166666666666667
0 0.435 0.36833333333333335 0.023333333333333334 0.02666666666666667
0 0.7066666666666667 0.6133333333333333 0.035 0.03333333333333333
0 0.68 0.5866666666666667 0.023333333333333334 0.03333333333333333
0 0.7283333333333334 0.6766666666666666 0.02666666666666667 0.02
0 0.73 0.9033333333333333 0.03 0.023333333333333334
0 0.8016666666666666 0.8516666666666667 0.02666666666666667 0.02666666666666667
0 0.7933333333333333 0.8216666666666667 0.02 0.023333333333333334
0 0.7833333333333333 0.7683333333333333 0.02666666666666667 0.023333333333333334
0 0.8333333333333334 0.765 0.021666666666666667 0.025
0 0.665 0.7633333333333333 0.03 0.02666666666666667
0 0.7433333333333333 0.6166666666666667 0.03 0.023333333333333334
0 0.7833333333333333 0.535 0.023333333333333334 0.02666666666666667
0 0.8283333333333334 0.82 0.02666666666666667 0.021666666666666667
0 0.9183333333333333 0.9833333333333333 0.02666666666666667 0.02
0 0.94 0.965 0.03 0.02666666666666667
0 0.8366666666666667 0.9133333333333333 0.02 0.02
0 0.7 0.695 0.023333333333333334 0.02666666666666667
0 0.7483333333333333 0.6366666666666667 0.03 0.02666666666666667
0 0.8183333333333334 0.7483333333333333 0.03 0.028333333333333332
0 0.6733333333333333 0.5516666666666666 0.03 0.03
0 0.9183333333333333 0.6316666666666667 0.02666666666666667 0.02666666666666667
0 0.555 0.605 0.02666666666666667 0.023333333333333334
0 0.5383333333333333 0.655 0.03 0.02666666666666667
0 0.5333333333333333 0.5816666666666667 0.025 0.03
0 0.8066666666666666 0.7 0.02666666666666667 0.023333333333333334
0 0.5616666666666666 0.6283333333333333 0.025 0.02666666666666667
0 0.6433333333333333 0.68 0.02 0.023333333333333334
0 0.7483333333333333 0.7416666666666667 0.023333333333333334 0.023333333333333334
0 0.7333333333333333 0.7266666666666667 0.023333333333333334 0.023333333333333334
0 0.9283333333333333 0.7166666666666667 0.025 0.02666666666666667
0 0.7733333333333333 0.7966666666666666 0.023333333333333334 0.02
0 0.8516666666666667 0.04833333333333333 0.023333333333333334 0.02
0 0.9616666666666667 0.14166666666666666 0.023333333333333334 0.023333333333333334
0 0.5666666666666667 0.49333333333333335 0.023333333333333334 0.03
0 0.7633333333333333 0.44666666666666666 0.025 0.025
0 0.7333333333333333 0.465 0.028333333333333332 0.02666666666666667
0 0.11666666666666667 0.18833333333333332 0.03333333333333333 0.02666666666666667
0 0.6083333333333333 0.2816666666666667 0.021666666666666667 0.028333333333333332