0 0.08 0.805 0.02666666666666667 0.02
0 0.4083333333333333 0.3433333333333333 0.03 0.023333333333333334
0 0.44666666666666666 0.23333333333333334 0.03 0.023333333333333334
0 0.26166666666666666 0.023333333333333334 0.03 0.02666666666666667
0 0.058333333333333334 0.30666666666666664 0.02 0.02666666666666667
0 0.06166666666666667 0.15833333333333333 0.023333333333333334 0.02
0 0.25333333333333335 0.13166666666666665 0.02 0.02
0 0.37833333333333335 0.4116666666666667 0.03 0.023333333333333334
0 0.09833333333333333 0.165 0.03 0.023333333333333334
0 0.42333333333333334 0.26666666666666666 0.023333333333333334 0.023333333333333334
0 0.31333333333333335 0.04666666666666667 0.02666666666666667 0.02666666666666667
0 0.6216666666666667 0.96 0.023333333333333334 0.023333333333333334
0 0.63 0.9883333333333333 0.02666666666666667 0.023333333333333334
0 0.5116666666666667 0.25666666666666665 0.03833333333333333 0.03166666666666667
0 0.14 0.23833333333333334 0.02666666666666667 0.02666666666666667
0 0.2733333333333333 0.08166666666666667 0.03166666666666667 0.028333333333333332