0 0.47333333333333333 0.22333333333333333 0.03 0.023333333333333334
0 0.2783333333333333 0.295 0.023333333333333334 0.02
0 0.15166666666666667 0.44666666666666666 0.03 0.02666666666666667
0 0.45166666666666666 0.025 0.03 0.02
0 0.34833333333333333 0.25 0.02666666666666667 0.023333333333333334
0 0.6866666666666666 0.21166666666666667 0.02666666666666667 0.02
0 0.725 0.5366666666666666 0.023333333333333334 0.023333333333333334
0 0.7466666666666667 0.5533333333333333 0.02 0.023333333333333334
0 0.6533333333333333 0.47833333333333333 0.02666666666666667 0.016666666666666666
0 0.6166666666666667 0.30666666666666664 0.02666666666666667 0.02
0 0.6083333333333333 0.16833333333333333 0.023333333333333334 0.02
0 0.7983333333333333 0.4633333333333333 0.02666666666666667 0.02666666666666667
0 0.5683333333333334 0.18166666666666667 0.023333333333333334 0.03
0 0.6783333333333333 0.11833333333333333 0.02 0.023333333333333334
0 0.9516666666666667 0.36333333333333334 0.02666666666666667 0.03666666666666667
0 0.6516666666666666 0.6366666666666667 0.03666666666666667 0.03333333333333333
0 0.7616666666666667 0.575 0.02666666666666667 0.023333333333333334
0 0.6016666666666667 0.6366666666666667 0.023333333333333334 0.03
0 0.635 0.44166666666666665 0.02 0.02
0 0.63 0.4066666666666667 0.02666666666666667 0.02666666666666667
0 0.8333333333333334 0.45166666666666666 0.023333333333333334 0.023333333333333334
0 0.67 0.31166666666666665 0.02666666666666667 0.023333333333333334
0 0.985 0.86 0.02666666666666667 0.02666666666666667
0 0.7383333333333333 0.2916666666666667 0.02666666666666667 0.02666666666666667
0 0.495 0.8433333333333334 0.023333333333333334 0.03
0 0.3016666666666667 0.5883333333333334 0.02666666666666667 0.02666666666666667
0 0.43666666666666665 0.7966666666666666 0.03 0.023333333333333334
0 0.5016666666666667 0.5016666666666667 0.02666666666666667 0.02
0 0.485 0.03166666666666667 0.02666666666666667 0.02666666666666667
0 0.345 0.11833333333333333 0.03666666666666667 0.03666666666666667
0 0.42333333333333334 0.043333333333333335 0.03333333333333333 0.03
0 0.385 0.8366666666666667 0.02666666666666667 0.03