0 0.13666666666666666 0.16 0.028333333333333332 0.03166666666666667
0 0.06166666666666667 0.25666666666666665 0.02666666666666667 0.02666666666666667
0 0.06166666666666667 0.305 0.028333333333333332 0.02666666666666667
0 0.32166666666666666 0.7016666666666667 0.023333333333333334 0.023333333333333334
0 0.21166666666666667 0.8933333333333333 0.02666666666666667 0.02666666666666667
0 0.21666666666666667 0.8616666666666667 0.02666666666666667 0.02666666666666667
0 0.24833333333333332 0.9333333333333333 0.02666666666666667 0.023333333333333334
0 0.30666666666666664 0.9683333333333334 0.02666666666666667 0.02666666666666667
0 0.33166666666666667 0.9283333333333333 0.02666666666666667 0.023333333333333334
0 0.33166666666666667 0.49166666666666664 0.025 0.02666666666666667
0 0.195 0.73 0.03 0.028333333333333332
0 0.08666666666666667 0.42333333333333334 0.035 0.03