0 0.10666666666666667 0.9166666666666666 0.023333333333333334 0.023333333333333334
0 0.495 0.535 0.02 0.02
0 0.11333333333333333 0.8533333333333334 0.03 0.02666666666666667
0 0.385 0.9633333333333334 0.02666666666666667 0.025
0 0.07166666666666667 0.88 0.02666666666666667 0.02666666666666667
0 0.44666666666666666 0.055 0.023333333333333334 0.02
0 0.6066666666666667 0.07666666666666666 0.028333333333333332 0.023333333333333334
0 0.6866666666666666 0.13166666666666665 0.025 0.028333333333333332
0 0.795 0.25666666666666665 0.023333333333333334 0.02666666666666667
0 0.78 0.33 0.02 0.02666666666666667
0 0.7583333333333333 0.335 0.02 0.02
0 0.6983333333333334 0.3416666666666667 0.02666666666666667 0.023333333333333334
0 0.735 0.3283333333333333 0.02 0.023333333333333334
0 0.845 0.215 0.023333333333333334 0.02
0 0.7116666666666667 0.11333333333333333 0.02 0.02
0 0.6983333333333334 0.09 0.02 0.02666666666666667
0 0.6316666666666667 0.04 0.021666666666666667 0.023333333333333334
0 0.6616666666666666 0.21833333333333332 0.02 0.02
0 0.8583333333333333 0.085 0.02666666666666667 0.023333333333333334
0 0.7483333333333333 0.09833333333333333 0.02666666666666667 0.023333333333333334
0 0.7233333333333334 0.14 0.02 0.02
0 0.805 0.365 0.02 0.023333333333333334
0 0.795 0.43833333333333335 0.02 0.02666666666666667
0 0.7633333333333333 0.44333333333333336 0.02 0.02
0 0.8233333333333334 0.435 0.02 0.02
0 0.895 0.08166666666666667 0.023333333333333334 0.023333333333333334
0 0.9183333333333333 0.07833333333333334 0.02 0.02
0 0.8266666666666667 0.38333333333333336 0.02666666666666667 0.03
0 0.8016666666666666 0.085 0.02 0.023333333333333334
0 0.6716666666666666 0.03833333333333333 0.021666666666666667 0.025
0 0.6933333333333334 0.04833333333333333 0.02 0.02
0 0.7716666666666666 0.18666666666666668 0.02 0.02
0 0.7233333333333334 0.39666666666666667 0.016666666666666666 0.02
0 0.7316666666666667 0.385 0.02 0.02
0 0.755 0.14333333333333334 0.025 0.021666666666666667
0 0.7583333333333333 0.16833333333333333 0.03 0.02
0 0.7833333333333333 0.135 0.023333333333333334 0.02666666666666667
0 0.7466666666666667 0.315 0.03 0.023333333333333334
0 0.615 0.4666666666666667 0.02 0.02
0 0.6483333333333333 0.19666666666666666 0.023333333333333334 0.023333333333333334
0 0.7683333333333333 0.3016666666666667 0.023333333333333334 0.023333333333333334
0 0.6533333333333333 0.45666666666666667 0.02666666666666667 0.02666666666666667
0 0.9116666666666666 0.14 0.023333333333333334 0.023333333333333334
0 0.7283333333333334 0.22333333333333333 0.02 0.02
0 0.8933333333333333 0.16666666666666666 0.023333333333333334 0.023333333333333334
0 0.7683333333333333 0.41833333333333333 0.023333333333333334 0.023333333333333334
0 0.9566666666666667 0.385 0.025 0.02666666666666667
0 0.685 0.275 0.02666666666666667 0.023333333333333334
0 0.7433333333333333 0.07833333333333334 0.023333333333333334 0.02
0 0.825 0.09333333333333334 0.023333333333333334 0.02
0 0.73 0.19833333333333333 0.023333333333333334 0.023333333333333334
0 0.5816666666666667 0.65 0.02666666666666667 0.03
0 0.5433333333333333 0.6183333333333333 0.02 0.02
0 0.51 0.7483333333333333 0.02666666666666667 0.03
0 0.5416666666666666 0.7383333333333333 0.02666666666666667 0.02
0 0.8516666666666667 0.7266666666666667 0.02 0.023333333333333334
0 0.8333333333333334 0.72 0.02 0.02666666666666667
0 0.605 0.61 0.023333333333333334 0.023333333333333334
0 0.6283333333333333 0.6416666666666667 0.02 0.02
0 0.5466666666666666 0.9583333333333334 0.023333333333333334 0.02666666666666667
0 0.5566666666666666 0.935 0.02 0.023333333333333334
0 0.8516666666666667 0.645 0.023333333333333334 0.02666666666666667
0 0.9383333333333334 0.69 0.023333333333333334 0.02
0 0.6166666666666667 0.5466666666666666 0.023333333333333334 0.02
0 0.7983333333333333 0.915 0.02 0.023333333333333334
0 0.905 0.6316666666666667 0.023333333333333334 0.023333333333333334
0 0.6466666666666666 0.5916666666666667 0.03 0.02
0 0.5983333333333334 0.5716666666666667 0.023333333333333334 0.023333333333333334
0 0.6316666666666667 0.5133333333333333 0.02 0.02
0 0.6333333333333333 0.5333333333333333 0.02666666666666667 0.02666666666666667
0 0.8716666666666667 0.63 0.02 0.023333333333333334
0 0.5966666666666667 0.5433333333333333 0.023333333333333334 0.02
0 0.7683333333333333 0.7916666666666666 0.03 0.023333333333333334
0 0.5833333333333334 0.7333333333333333 0.023333333333333334 0.02
0 0.6633333333333333 0.5216666666666666 0.028333333333333332 0.02666666666666667
0 0.8666666666666667 0.13 0.025 0.028333333333333332