0 0.4066666666666667 0.225 0.023333333333333334 0.02666666666666667
0 0.37333333333333335 0.23833333333333334 0.03666666666666667 0.03666666666666667
0 0.8466666666666667 0.7966666666666666 0.02666666666666667 0.03
0 0.9566666666666667 0.6683333333333333 0.02 0.023333333333333334
0 0.7383333333333333 0.17833333333333334 0.02666666666666667 0.03
0 0.9166666666666666 0.3016666666666667 0.023333333333333334 0.03
0 0.695 0.3616666666666667 0.02666666666666667 0.023333333333333334
0 0.8133333333333334 0.28 0.03 0.023333333333333334
0 0.83 0.27666666666666667 0.023333333333333334 0.03
0 0.6633333333333333 0.32 0.03 0.023333333333333334
0 0.8616666666666667 0.17833333333333334 0.023333333333333334 0.02666666666666667
0 0.7866666666666666 0.31333333333333335 0.03 0.03
0 0.5966666666666667 0.39666666666666667 0.023333333333333334 0.023333333333333334
0 0.6833333333333333 0.29333333333333333 0.03333333333333333 0.03
0 0.6733333333333333 0.34833333333333333 0.02666666666666667 0.02666666666666667
0 0.6966666666666667 0.34 0.03333333333333333 0.02666666666666667
0 0.9066666666666666 0.24166666666666667 0.03 0.03
0 0.8616666666666667 0.5266666666666666 0.023333333333333334 0.025
0 0.8 0.5266666666666666 0.021666666666666667 0.025
0 0.475 0.4066666666666667 0.02666666666666667 0.03333333333333333