0 0.43833333333333335 0.5866666666666667 0.02666666666666667 0.02
0 0.46166666666666667 0.7016666666666667 0.023333333333333334 0.03
0 0.94 0.705 0.02 0.02
0 0.22833333333333333 0.79 0.02 0.023333333333333334
0 0.725 0.8116666666666666 0.02666666666666667 0.02666666666666667
0 0.81 0.8133333333333334 0.02 0.02
0 0.32166666666666666 0.825 0.02666666666666667 0.02666666666666667
0 0.8866666666666667 0.8283333333333334 0.023333333333333334 0.02
0 0.875 0.8416666666666667 0.02 0.02
0 0.7083333333333334 0.8833333333333333 0.02 0.023333333333333334
0 0.69 0.9166666666666666 0.025 0.023333333333333334
0 0.7083333333333334 0.9333333333333333 0.02 0.02
0 0.30333333333333334 0.95 0.02666666666666667 0.02
0 0.6866666666666666 0.955 0.023333333333333334 0.02
0 0.6566666666666666 0.9583333333333334 0.023333333333333334 0.02
0 0.4583333333333333 0.07333333333333333 0.03 0.023333333333333334
0 0.49666666666666665 0.09833333333333333 0.023333333333333334 0.023333333333333334
0 0.6333333333333333 0.24666666666666667 0.02666666666666667 0.02666666666666667
0 0.43833333333333335 0.3283333333333333 0.03 0.02666666666666667
0 0.6133333333333333 0.4033333333333333 0.023333333333333334 0.023333333333333334
0 0.425 0.6233333333333333 0.02666666666666667 0.023333333333333334
0 0.13333333333333333 0.8433333333333334 0.023333333333333334 0.02
0 0.42333333333333334 0.6933333333333334 0.02666666666666667 0.02666666666666667
0 0.415 0.07166666666666667 0.02666666666666667 0.023333333333333334
0 0.335 0.7766666666666666 0.023333333333333334 0.023333333333333334
0 0.9616666666666667 0.6733333333333333 0.023333333333333334 0.02666666666666667
0 0.7833333333333333 0.9833333333333333 0.02666666666666667 0.023333333333333334
0 0.2733333333333333 0.9716666666666667 0.023333333333333334 0.02
0 0.46166666666666667 0.785 0.02 0.02
0 0.7566666666666667 0.8383333333333334 0.02666666666666667 0.02666666666666667
0 0.04666666666666667 0.8916666666666667 0.03 0.03
0 0.2833333333333333 0.8683333333333333 0.023333333333333334 0.023333333333333334
0 0.7383333333333333 0.97 0.02666666666666667 0.02666666666666667
0 0.5616666666666666 0.24833333333333332 0.02666666666666667 0.02666666666666667
0 0.6683333333333333 0.9316666666666666 0.02666666666666667 0.02666666666666667
0 0.45666666666666667 0.7433333333333333 0.02 0.02
0 0.42 0.92 0.023333333333333334 0.02
0 0.7833333333333333 0.8733333333333333 0.02 0.02
0 0.835 0.7916666666666666 0.023333333333333334 0.023333333333333334
0 0.6616666666666666 0.03666666666666667 0.02666666666666667 0.02666666666666667
0 0.455 0.6366666666666667 0.023333333333333334 0.023333333333333334
0 0.5933333333333334 0.175 0.023333333333333334 0.023333333333333334
0 0.013333333333333334 0.8666666666666667 0.02666666666666667 0.028333333333333332
0 0.7683333333333333 0.7466666666666667 0.028333333333333332 0.028333333333333332
0 0.4583333333333333 0.8933333333333333 0.02 0.025
0 0.25166666666666665 0.915 0.028333333333333332 0.02666666666666667
0 0.2833333333333333 0.8966666666666666 0.02666666666666667 0.03