0 0.6716666666666666 0.6316666666666667 0.02666666666666667 0.023333333333333334
0 0.7466666666666667 0.42833333333333334 0.02666666666666667 0.023333333333333334
0 0.6683333333333333 0.2633333333333333 0.02 0.023333333333333334
0 0.6066666666666667 0.39166666666666666 0.03 0.023333333333333334
0 0.5516666666666666 0.15166666666666667 0.023333333333333334 0.02
0 0.7266666666666667 0.056666666666666664 0.023333333333333334 0.02
0 0.7566666666666667 0.5816666666666667 0.023333333333333334 0.02
0 0.5616666666666666 0.41333333333333333 0.02 0.02
0 0.8333333333333334 0.9483333333333334 0.02 0.023333333333333334
0 0.6116666666666667 0.29333333333333333 0.03 0.03
0 0.5833333333333334 0.59 0.023333333333333334 0.02
0 0.87 0.91 0.023333333333333334 0.02666666666666667
0 0.8466666666666667 0.8716666666666667 0.02 0.02666666666666667
0 0.6016666666666667 0.20166666666666666 0.023333333333333334 0.03
0 0.6433333333333333 0.31333333333333335 0.02 0.02
0 0.9866666666666667 0.5 0.02666666666666667 0.02666666666666667
0 0.6816666666666666 0.305 0.02 0.02
0 0.585 0.6866666666666666 0.023333333333333334 0.023333333333333334
0 0.6033333333333334 0.35 0.02 0.02
0 0.6933333333333334 0.36833333333333335 0.023333333333333334 0.023333333333333334
0 0.6633333333333333 0.4 0.02 0.02
0 0.5516666666666666 0.49666666666666665 0.023333333333333334 0.02
0 0.77 0.8816666666666667 0.023333333333333334 0.02
0 0.6783333333333333 0.6783333333333333 0.023333333333333334 0.023333333333333334
0 0.5466666666666666 0.17333333333333334 0.016666666666666666 0.016666666666666666
0 0.5383333333333333 0.19 0.02 0.02
0 0.6633333333333333 0.4683333333333333 0.02 0.023333333333333334
0 0.6616666666666666 0.45 0.02 0.02
0 0.675 0.4116666666666667 0.023333333333333334 0.02
0 0.6366666666666667 0.3283333333333333 0.016666666666666666 0.02
0 0.6366666666666667 0.34833333333333333 0.02 0.02
0 0.67 0.22833333333333333 0.016666666666666666 0.023333333333333334
0 0.6816666666666666 0.24166666666666667 0.016666666666666666 0.023333333333333334
0 0.705 0.25833333333333336 0.016666666666666666 0.02
0 0.7383333333333333 0.2866666666666667 0.02 0.023333333333333334
0 0.8283333333333334 0.21333333333333335 0.023333333333333334 0.023333333333333334
0 0.6166666666666667 0.23166666666666666 0.013333333333333334 0.02
0 0.6283333333333333 0.22833333333333333 0.013333333333333334 0.023333333333333334
0 0.8066666666666666 0.7116666666666667 0.02 0.02
0 0.7933333333333333 0.6783333333333333 0.02666666666666667 0.023333333333333334
0 0.7766666666666666 0.5216666666666666 0.023333333333333334 0.023333333333333334
0 0.40166666666666667 0.15666666666666668 0.03 0.02666666666666667
0 0.36333333333333334 0.24666666666666667 0.023333333333333334 0.02666666666666667
0 0.055 0.2816666666666667 0.03 0.023333333333333334
0 0.08833333333333333 0.10166666666666667 0.023333333333333334 0.023333333333333334
0 0.23166666666666666 0.07166666666666667 0.02666666666666667 0.02666666666666667
0 0.043333333333333335 0.06833333333333333 0.03 0.023333333333333334
0 0.041666666666666664 0.20333333333333334 0.023333333333333334 0.02
0 0.06 0.14666666666666667 0.023333333333333334 0.02
0 0.07666666666666666 0.13666666666666666 0.023333333333333334 0.02
0 0.16333333333333333 0.15 0.02 0.02
0 0.35833333333333334 0.26 0.03 0.023333333333333334
0 0.47333333333333333 0.2733333333333333 0.02 0.023333333333333334
0 0.48333333333333334 0.22833333333333333 0.023333333333333334 0.023333333333333334
0 0.47 0.44333333333333336 0.03 0.023333333333333334
0 0.34 0.5933333333333334 0.02666666666666667 0.02666666666666667
0 0.08666666666666667 0.20333333333333334 0.02 0.023333333333333334
0 0.3933333333333333 0.63 0.02 0.016666666666666666
0 0.145 0.08166666666666667 0.03 0.02
0 0.43166666666666664 0.5083333333333333 0.023333333333333334 0.02
0 0.018333333333333333 0.14833333333333334 0.03 0.023333333333333334
0 0.035 0.3333333333333333 0.02666666666666667 0.023333333333333334
0 0.05 0.315 0.02666666666666667 0.023333333333333334
0 0.015 0.06666666666666667 0.03 0.03
0 0.043333333333333335 0.043333333333333335 0.023333333333333334 0.02
0 0.22166666666666668 0.15333333333333332 0.02666666666666667 0.023333333333333334
0 0.15 0.03166666666666667 0.023333333333333334 0.02
0 0.38 0.13 0.023333333333333334 0.02
0 0.445 0.49166666666666664 0.023333333333333334 0.02
0 0.215 0.36666666666666664 0.02 0.02666666666666667
0 0.23166666666666666 0.36833333333333335 0.02 0.023333333333333334
0 0.058333333333333334 0.25166666666666665 0.03 0.03
0 0.4266666666666667 0.20166666666666666 0.023333333333333334 0.023333333333333334
0 0.3233333333333333 0.3233333333333333 0.02 0.02
0 0.4683333333333333 0.37 0.023333333333333334 0.023333333333333334
0 0.39 0.21333333333333335 0.023333333333333334 0.02
0 0.115 0.03333333333333333 0.02 0.02
0 0.16333333333333333 0.12166666666666667 0.023333333333333334 0.02
0 0.13666666666666666 0.10833333333333334 0.016666666666666666 0.02
0 0.19333333333333333 0.028333333333333332 0.02 0.02
0 0.21333333333333335 0.24666666666666667 0.02 0.02
0 0.12166666666666667 0.29333333333333333 0.023333333333333334 0.02
0 0.37333333333333335 0.19 0.023333333333333334 0.023333333333333334
0 0.4766666666666667 0.11833333333333333 0.02 0.02
0 0.425 0.7233333333333334 0.023333333333333334 0.023333333333333334
0 0.3933333333333333 0.73 0.016666666666666666 0.02
0 0.4533333333333333 0.08 0.02 0.02
0 0.47333333333333333 0.07333333333333333 0.023333333333333334 0.016666666666666666
0 0.31666666666666665 0.30666666666666664 0.023333333333333334 0.023333333333333334
0 0.43 0.47833333333333333 0.02 0.023333333333333334
0 0.21666666666666667 0.3383333333333333 0.023333333333333334 0.02666666666666667
0 0.2633333333333333 0.29833333333333334 0.02 0.02
0 0.13833333333333334 0.3333333333333333 0.023333333333333334 0.016666666666666666
0 0.5283333333333333 0.245 0.03 0.02666666666666667
0 0.49166666666666664 0.2683333333333333 0.02666666666666667 0.023333333333333334
0 0.7566666666666667 0.7233333333333334 0.03166666666666667 0.03166666666666667
0 0.7316666666666667 0.6316666666666667 0.02666666666666667 0.025
0 0.12333333333333334 0.23166666666666666 0.028333333333333332 0.018333333333333333