0 0.61 0.7633333333333333 0.023333333333333334 0.02666666666666667
0 0.5266666666666666 0.7983333333333333 0.02 0.023333333333333334
0 0.5266666666666666 0.8533333333333334 0.02 0.02666666666666667
0 0.5466666666666666 0.5216666666666666 0.023333333333333334 0.02666666666666667
0 0.5433333333333333 0.8283333333333334 0.02666666666666667 0.02666666666666667
0 0.5616666666666666 0.8533333333333334 0.023333333333333334 0.02
0 0.5633333333333334 0.8233333333333334 0.02666666666666667 0.023333333333333334
0 0.6166666666666667 0.7316666666666667 0.023333333333333334 0.02
0 0.5583333333333333 0.7733333333333333 0.023333333333333334 0.023333333333333334
0 0.555 0.9683333333333334 0.023333333333333334 0.02666666666666667
0 0.205 0.6016666666666667 0.023333333333333334 0.02666666666666667
0 0.2816666666666667 0.73 0.02666666666666667 0.023333333333333334
0 0.4266666666666667 0.6883333333333334 0.02666666666666667 0.02666666666666667
0 0.45666666666666667 0.7133333333333334 0.02666666666666667 0.023333333333333334
0 0.3566666666666667 0.565 0.023333333333333334 0.02
0 0.235 0.63 0.03 0.03
0 0.41333333333333333 0.9433333333333334 0.02 0.02
0 0.46166666666666667 0.6233333333333333 0.02 0.02
0 0.4583333333333333 0.6916666666666667 0.023333333333333334 0.023333333333333334
0 0.475 0.6633333333333333 0.023333333333333334 0.02
0 0.32666666666666666 0.6766666666666666 0.023333333333333334 0.023333333333333334
0 0.49166666666666664 0.785 0.023333333333333334 0.023333333333333334
0 0.30333333333333334 0.6666666666666666 0.02 0.03
0 0.215 0.435 0.02 0.023333333333333334
0 0.19333333333333333 0.43333333333333335 0.023333333333333334 0.02666666666666667
0 0.4633333333333333 0.21666666666666667 0.023333333333333334 0.02
0 0.45666666666666667 0.18833333333333332 0.02666666666666667 0.02666666666666667
0 0.43666666666666665 0.23666666666666666 0.023333333333333334 0.02666666666666667
0 0.5 0.41833333333333333 0.023333333333333334 0.03
0 0.465 0.26166666666666666 0.023333333333333334 0.023333333333333334
0 0.4816666666666667 0.16666666666666666 0.02 0.023333333333333334
0 0.28 0.21666666666666667 0.02 0.02
0 0.6516666666666666 0.39666666666666667 0.023333333333333334 0.023333333333333334
0 0.5683333333333334 0.4066666666666667 0.02666666666666667 0.023333333333333334
0 0.6316666666666667 0.29 0.02666666666666667 0.023333333333333334
0 0.7383333333333333 0.17833333333333334 0.03 0.03
0 0.6933333333333334 0.058333333333333334 0.03 0.02666666666666667
0 0.5583333333333333 0.03333333333333333 0.03333333333333333 0.03333333333333333
0 0.6066666666666667 0.2866666666666667 0.023333333333333334 0.023333333333333334
0 0.5683333333333334 0.08666666666666667 0.023333333333333334 0.02
0 0.6966666666666667 0.2683333333333333 0.03 0.023333333333333334
0 0.7316666666666667 0.29 0.03 0.023333333333333334
0 0.5616666666666666 0.3333333333333333 0.02666666666666667 0.023333333333333334
0 0.5866666666666667 0.30666666666666664 0.023333333333333334 0.02666666666666667
0 0.58 0.47833333333333333 0.02666666666666667 0.023333333333333334
0 0.6766666666666666 0.015 0.03166666666666667 0.02666666666666667
0 0.6933333333333334 0.008333333333333333 0.03333333333333333 0.016666666666666666
0 0.8033333333333333 0.08333333333333333 0.03 0.03
0 0.5933333333333334 0.44333333333333336 0.023333333333333334 0.02
0 0.7383333333333333 0.12 0.023333333333333334 0.023333333333333334
0 0.6683333333333333 0.30666666666666664 0.02 0.02666666666666667
0 0.6733333333333333 0.2783333333333333 0.02666666666666667 0.023333333333333334
0 0.7316666666666667 0.3016666666666667 0.02 0.016666666666666666
0 0.5716666666666667 0.425 0.016666666666666666 0.02
0 0.6516666666666666 0.13833333333333334 0.023333333333333334 0.023333333333333334
0 0.5816666666666667 0.515 0.025 0.02666666666666667
0 0.07166666666666667 0.515 0.023333333333333334 0.025
0 0.34833333333333333 0.7083333333333334 0.02666666666666667 0.025
0 0.7033333333333334 0.22 0.03166666666666667 0.025