0 0.115 0.9483333333333334 0.03333333333333333 0.03666666666666667
0 0.3 0.9016666666666666 0.028333333333333332 0.028333333333333332
0 0.35 0.8366666666666667 0.03166666666666667 0.028333333333333332
0 0.4816666666666667 0.94 0.028333333333333332 0.02666666666666667
0 0.27666666666666667 0.6283333333333333 0.023333333333333334 0.02666666666666667
0 0.4066666666666667 0.9216666666666666 0.03 0.02666666666666667
0 0.36333333333333334 0.9233333333333333 0.023333333333333334 0.02666666666666667
0 0.49333333333333335 0.79 0.02666666666666667 0.03
0 0.42833333333333334 0.9033333333333333 0.02 0.02
0 0.2816666666666667 0.655 0.023333333333333334 0.02666666666666667
0 0.33666666666666667 0.8616666666666667 0.028333333333333332 0.03
0 0.18 0.92 0.02666666666666667 0.02666666666666667
0 0.20833333333333334 0.9033333333333333 0.03 0.03
0 0.16333333333333333 0.8283333333333334 0.03 0.03
0 0.7233333333333334 0.8216666666666667 0.02666666666666667 0.02666666666666667
0 0.7366666666666667 0.77 0.023333333333333334 0.023333333333333334
0 0.7283333333333334 0.7983333333333333 0.023333333333333334 0.023333333333333334
0 0.6433333333333333 0.6566666666666666 0.023333333333333334 0.023333333333333334
0 0.7066666666666667 0.7133333333333334 0.02666666666666667 0.02666666666666667
0 0.6833333333333333 0.5783333333333334 0.02666666666666667 0.02666666666666667
0 0.8833333333333333 0.14333333333333334 0.03 0.02666666666666667
0 0.96 0.14666666666666667 0.02 0.02
0 0.975 0.16166666666666665 0.02 0.02
0 0.5683333333333334 0.09333333333333334 0.02666666666666667 0.023333333333333334
0 0.9766666666666667 0.14166666666666666 0.023333333333333334 0.02666666666666667
0 0.5583333333333333 0.14833333333333334 0.023333333333333334 0.03
0 0.5283333333333333 0.08833333333333333 0.02666666666666667 0.02666666666666667
0 0.33666666666666667 0.4866666666666667 0.023333333333333334 0.02
0 0.40166666666666667 0.15166666666666667 0.03 0.02666666666666667
0 0.34833333333333333 0.08666666666666667 0.02666666666666667 0.023333333333333334
0 0.3883333333333333 0.3933333333333333 0.03 0.03
0 0.2 0.2833333333333333 0.023333333333333334 0.02
0 0.13333333333333333 0.31 0.03 0.02666666666666667
0 0.3416666666666667 0.3983333333333333 0.03 0.02666666666666667
0 0.37 0.375 0.03 0.03
0 0.17666666666666667 0.07666666666666666 0.023333333333333334 0.02666666666666667
0 0.26 0.085 0.02666666666666667 0.02666666666666667
0 0.3283333333333333 0.165 0.03 0.02666666666666667
0 0.4266666666666667 0.028333333333333332 0.023333333333333334 0.02
0 0.43166666666666664 0.058333333333333334 0.02 0.02
0 0.35333333333333333 0.325 0.02 0.02
0 0.4116666666666667 0.4066666666666667 0.03 0.023333333333333334
0 0.2916666666666667 0.4483333333333333 0.02666666666666667 0.023333333333333334
0 0.48333333333333334 0.12666666666666668 0.023333333333333334 0.023333333333333334
0 0.065 0.23166666666666666 0.02666666666666667 0.02666666666666667
0 0.23166666666666666 0.5133333333333333 0.02666666666666667 0.02666666666666667
0 0.17166666666666666 0.051666666666666666 0.023333333333333334 0.023333333333333334
0 0.30666666666666664 0.5033333333333333 0.03 0.03
0 0.3566666666666667 0.43333333333333335 0.02666666666666667 0.02666666666666667
0 0.3433333333333333 0.315 0.023333333333333334 0.023333333333333334
0 0.11 0.295 0.02666666666666667 0.023333333333333334
0 0.2816666666666667 0.47833333333333333 0.023333333333333334 0.023333333333333334