0 0.21333333333333335 0.03666666666666667 0.02666666666666667 0.02
0 0.23166666666666666 0.18166666666666667 0.03 0.023333333333333334
0 0.03666666666666667 0.13333333333333333 0.03 0.02666666666666667
0 0.06333333333333334 0.17666666666666667 0.02 0.02
0 0.011666666666666667 0.2783333333333333 0.02 0.023333333333333334
0 0.01 0.45666666666666667 0.02 0.023333333333333334
0 0.02666666666666667 0.32166666666666666 0.023333333333333334 0.02
0 0.27166666666666667 0.5033333333333333 0.03 0.023333333333333334
0 0.455 0.013333333333333334 0.03 0.02666666666666667
0 0.05333333333333334 0.11666666666666667 0.02666666666666667 0.02666666666666667
0 0.03833333333333333 0.4033333333333333 0.023333333333333334 0.023333333333333334
0 0.051666666666666666 0.31 0.023333333333333334 0.023333333333333334
0 0.05333333333333334 0.4166666666666667 0.02666666666666667 0.023333333333333334
0 0.41333333333333333 0.4116666666666667 0.03 0.02666666666666667
0 0.5916666666666667 0.23666666666666666 0.023333333333333334 0.023333333333333334
0 0.5366666666666666 0.25666666666666665 0.023333333333333334 0.02
0 0.5283333333333333 0.35833333333333334 0.02666666666666667 0.023333333333333334
0 0.03833333333333333 0.94 0.023333333333333334 0.023333333333333334
0 0.075 0.6816666666666666 0.03166666666666667 0.03
0 0.4083333333333333 0.545 0.023333333333333334 0.023333333333333334
0 0.06 0.9466666666666667 0.02666666666666667 0.023333333333333334
0 0.38666666666666666 0.5716666666666667 0.023333333333333334 0.023333333333333334
0 0.17666666666666667 0.6683333333333333 0.03 0.03
0 0.21166666666666667 0.67 0.03 0.028333333333333332
0 0.055 0.6666666666666666 0.02666666666666667 0.02666666666666667
0 0.19833333333333333 0.605 0.03 0.03
0 0.03666666666666667 0.71 0.028333333333333332 0.03333333333333333