0 0.006666666666666667 0.9566666666666667 0.013333333333333334 0.02
0 0.38 0.6283333333333333 0.02666666666666667 0.03
0 0.38333333333333336 0.585 0.03333333333333333 0.02666666666666667
0 0.25833333333333336 0.6666666666666666 0.02666666666666667 0.023333333333333334
0 0.38166666666666665 0.7666666666666667 0.03 0.03
0 0.3566666666666667 0.8116666666666666 0.03 0.02666666666666667
0 0.42833333333333334 0.7116666666666667 0.02666666666666667 0.023333333333333334
0 0.43166666666666664 0.6116666666666667 0.02666666666666667 0.03
0 0.28833333333333333 0.5916666666666667 0.02666666666666667 0.023333333333333334
0 0.4166666666666667 0.545 0.028333333333333332 0.03166666666666667
0 0.6766666666666666 0.9216666666666666 0.02666666666666667 0.02666666666666667
0 0.35833333333333334 0.6566666666666666 0.03 0.03
0 0.3933333333333333 0.865 0.02666666666666667 0.023333333333333334
0 0.4533333333333333 0.7266666666666667 0.02666666666666667 0.021666666666666667
0 0.8533333333333334 0.875 0.023333333333333334 0.023333333333333334
0 0.3333333333333333 0.7316666666666667 0.03 0.03
0 0.26166666666666666 0.6366666666666667 0.023333333333333334 0.023333333333333334
0 0.32166666666666666 0.5166666666666667 0.028333333333333332 0.03
0 0.42333333333333334 0.88 0.02666666666666667 0.02666666666666667
0 0.6583333333333333 0.6266666666666667 0.02666666666666667 0.02666666666666667
0 0.6316666666666667 0.8916666666666667 0.023333333333333334 0.02
0 0.4533333333333333 0.8966666666666666 0.03 0.02
0 0.395 0.6483333333333333 0.03 0.023333333333333334
0 0.56 0.2783333333333333 0.02666666666666667 0.023333333333333334
0 0.07333333333333333 0.3466666666666667 0.023333333333333334 0.03
0 0.06333333333333334 0.4766666666666667 0.02 0.023333333333333334
0 0.08333333333333333 0.4866666666666667 0.023333333333333334 0.023333333333333334
0 0.8966666666666666 0.16833333333333333 0.023333333333333334 0.02666666666666667
0 0.5966666666666667 0.20833333333333334 0.02 0.023333333333333334
0 0.33666666666666667 0.4683333333333333 0.023333333333333334 0.023333333333333334
0 0.04 0.36833333333333335 0.023333333333333334 0.023333333333333334
0 0.07166666666666667 0.24833333333333332 0.023333333333333334 0.023333333333333334
0 0.12166666666666667 0.5016666666666667 0.023333333333333334 0.02
0 0.09666666666666666 0.4 0.028333333333333332 0.03166666666666667
0 0.08333333333333333 0.2633333333333333 0.023333333333333334 0.02
0 0.10833333333333334 0.275 0.023333333333333334 0.023333333333333334
0 0.23 0.5 0.03 0.03333333333333333
0 0.4683333333333333 0.9383333333333334 0.021666666666666667 0.023333333333333334
0 0.17833333333333334 0.4033333333333333 0.03166666666666667 0.03166666666666667
0 0.5216666666666666 0.018333333333333333 0.028333333333333332 0.028333333333333332
0 0.5933333333333334 0.3333333333333333 0.028333333333333332 0.028333333333333332
0 0.4483333333333333 0.54 0.028333333333333332 0.02666666666666667
0 0.5766666666666667 0.08333333333333333 0.035 0.03166666666666667