0 0.4816666666666667 0.875 0.023333333333333334 0.023333333333333334
0 0.6833333333333333 0.795 0.02666666666666667 0.02666666666666667
0 0.6833333333333333 0.7666666666666667 0.02666666666666667 0.02666666666666667
0 0.7966666666666666 0.16666666666666666 0.023333333333333334 0.023333333333333334
0 0.8416666666666667 0.16166666666666665 0.02666666666666667 0.02666666666666667
0 0.8316666666666667 0.12666666666666668 0.02666666666666667 0.02666666666666667
0 0.7866666666666666 0.6933333333333334 0.023333333333333334 0.023333333333333334
0 0.875 0.17666666666666667 0.02666666666666667 0.016666666666666666
0 0.7816666666666666 0.12333333333333334 0.023333333333333334 0.02666666666666667
0 0.7516666666666667 0.9083333333333333 0.03 0.023333333333333334
0 0.285 0.5583333333333333 0.023333333333333334 0.023333333333333334
0 0.7533333333333333 0.9483333333333334 0.02666666666666667 0.02
0 0.14833333333333334 0.19833333333333333 0.02666666666666667 0.02
0 0.6883333333333334 0.8766666666666667 0.023333333333333334 0.023333333333333334
0 0.7833333333333333 0.8366666666666667 0.016666666666666666 0.016666666666666666
0 0.7933333333333333 0.84 0.023333333333333334 0.023333333333333334