0 0.25166666666666665 0.08166666666666667 0.02666666666666667 0.023333333333333334
0 0.24 0.1 0.02 0.023333333333333334
0 0.27666666666666667 0.215 0.02666666666666667 0.02666666666666667
0 0.3 0.4866666666666667 0.023333333333333334 0.02
0 0.3466666666666667 0.4683333333333333 0.023333333333333334 0.02
0 0.345 0.4266666666666667 0.023333333333333334 0.02
0 0.33666666666666667 0.6566666666666666 0.03 0.03
0 0.31 0.9533333333333334 0.03333333333333333 0.02666666666666667
0 0.32166666666666666 0.6066666666666667 0.023333333333333334 0.023333333333333334
0 0.3383333333333333 0.9783333333333334 0.02666666666666667 0.02666666666666667
0 0.30833333333333335 0.7466666666666667 0.023333333333333334 0.023333333333333334
0 0.2683333333333333 0.785 0.023333333333333334 0.03166666666666667