0 0.22833333333333333 0.5583333333333333 0.023333333333333334 0.023333333333333334
0 0.35 0.14833333333333334 0.02666666666666667 0.02
0 0.3383333333333333 0.11833333333333333 0.023333333333333334 0.02
0 0.425 0.31833333333333336 0.02666666666666667 0.023333333333333334
0 0.375 0.18 0.02 0.023333333333333334
0 0.31833333333333336 0.06333333333333334 0.03 0.03
0 0.23833333333333334 0.13833333333333334 0.023333333333333334 0.023333333333333334
0 0.04833333333333333 0.315 0.023333333333333334 0.023333333333333334
0 0.7533333333333333 0.023333333333333334 0.02 0.02
0 0.8533333333333334 0.18333333333333332 0.02 0.02
0 0.56 0.33 0.025 0.028333333333333332
0 0.5716666666666667 0.13666666666666666 0.023333333333333334 0.023333333333333334
0 0.5716666666666667 0.03166666666666667 0.02 0.02666666666666667
0 0.8916666666666667 0.205 0.018333333333333333 0.021666666666666667
0 0.7933333333333333 0.4666666666666667 0.02 0.023333333333333334
0 0.7083333333333334 0.05 0.023333333333333334 0.023333333333333334
0 0.885 0.08833333333333333 0.023333333333333334 0.023333333333333334
0 0.8983333333333333 0.955 0.02 0.02
0 0.6083333333333333 0.9166666666666666 0.02666666666666667 0.023333333333333334
0 0.8366666666666667 0.9683333333333334 0.023333333333333334 0.02
0 0.935 0.9033333333333333 0.023333333333333334 0.02666666666666667
0 0.8816666666666667 0.8916666666666667 0.02666666666666667 0.023333333333333334
0 0.5966666666666667 0.6333333333333333 0.02666666666666667 0.023333333333333334
0 0.75 0.7466666666666667 0.023333333333333334 0.02666666666666667
0 0.25166666666666665 0.18 0.023333333333333334 0.03
0 0.8366666666666667 0.24166666666666667 0.02 0.023333333333333334
0 0.145 0.13833333333333334 0.021666666666666667 0.023333333333333334
0 0.9066666666666666 0.11833333333333333 0.025 0.02666666666666667