0 0.625 0.06166666666666667 0.02666666666666667 0.02666666666666667
0 0.55 0.06666666666666667 0.03333333333333333 0.03
0 0.5783333333333334 0.10333333333333333 0.03 0.03
0 0.7533333333333333 0.06166666666666667 0.03166666666666667 0.028333333333333332
0 0.7183333333333334 0.13833333333333334 0.02666666666666667 0.02666666666666667
0 0.7733333333333333 0.13833333333333334 0.03 0.03
0 0.7233333333333334 0.16666666666666666 0.023333333333333334 0.023333333333333334
0 0.7733333333333333 0.19333333333333333 0.03 0.02666666666666667
0 0.7233333333333334 0.19333333333333333 0.03 0.023333333333333334
0 0.965 0.9016666666666666 0.02666666666666667 0.023333333333333334
0 0.9566666666666667 0.3016666666666667 0.02666666666666667 0.03
0 0.6666666666666666 0.051666666666666666 0.023333333333333334 0.023333333333333334
0 0.9416666666666667 0.4033333333333333 0.02666666666666667 0.02666666666666667
0 0.7866666666666666 0.36 0.02666666666666667 0.02
0 0.805 0.7516666666666667 0.02666666666666667 0.02
0 0.61 0.16333333333333333 0.03 0.02
0 0.6816666666666666 0.23666666666666666 0.023333333333333334 0.02
0 0.9166666666666666 0.8216666666666667 0.02666666666666667 0.023333333333333334
0 0.6933333333333334 0.018333333333333333 0.02 0.02666666666666667
0 0.76 0.22 0.03 0.02
0 0.9366666666666666 0.7133333333333334 0.023333333333333334 0.023333333333333334
0 0.36333333333333334 0.765 0.023333333333333334 0.023333333333333334
0 0.3466666666666667 0.7916666666666666 0.023333333333333334 0.02
0 0.7433333333333333 0.295 0.03166666666666667 0.02666666666666667
0 0.7916666666666666 0.37833333333333335 0.03166666666666667 0.021666666666666667
0 0.765 0.4066666666666667 0.028333333333333332 0.028333333333333332