0 0.9583333333333334 0.6833333333333333 0.03 0.02666666666666667
0 0.9483333333333334 0.7783333333333333 0.023333333333333334 0.02666666666666667
0 0.175 0.8016666666666666 0.02666666666666667 0.02666666666666667
0 0.175 0.7733333333333333 0.02666666666666667 0.02666666666666667
0 0.285 0.17333333333333334 0.023333333333333334 0.023333333333333334
0 0.3333333333333333 0.17 0.02666666666666667 0.02666666666666667
0 0.31833333333333336 0.135 0.02666666666666667 0.02666666666666667
0 0.2783333333333333 0.7016666666666667 0.023333333333333334 0.023333333333333334
0 0.36666666666666664 0.18333333333333332 0.02666666666666667 0.016666666666666666
0 0.31666666666666665 0.21666666666666667 0.016666666666666666 0.02
0 0.29833333333333334 0.22833333333333333 0.02 0.016666666666666666
0 0.3416666666666667 0.22833333333333333 0.016666666666666666 0.016666666666666666
0 0.325 0.19333333333333333 0.016666666666666666 0.02
0 0.24333333333333335 0.9166666666666666 0.03 0.023333333333333334
0 0.24666666666666667 0.955 0.02666666666666667 0.02
0 0.2866666666666667 0.8466666666666667 0.023333333333333334 0.023333333333333334
0 0.3333333333333333 0.6183333333333333 0.025 0.023333333333333334