0 0.8083333333333333 0.185 0.02666666666666667 0.023333333333333334
0 0.7616666666666667 0.38333333333333336 0.023333333333333334 0.02666666666666667
0 0.7866666666666666 0.44 0.02 0.023333333333333334
0 0.9716666666666667 0.33166666666666667 0.02666666666666667 0.02
0 0.985 0.2866666666666667 0.03 0.02666666666666667
0 0.65 0.36666666666666664 0.02666666666666667 0.023333333333333334
0 0.905 0.058333333333333334 0.02666666666666667 0.02666666666666667
0 0.9216666666666666 0.043333333333333335 0.02 0.023333333333333334
0 0.7583333333333333 0.35833333333333334 0.023333333333333334 0.02
0 0.3466666666666667 0.028333333333333332 0.02666666666666667 0.03
0 0.11333333333333333 0.03 0.023333333333333334 0.02
0 0.22166666666666668 0.25833333333333336 0.02 0.023333333333333334
0 0.23333333333333334 0.18 0.023333333333333334 0.02
0 0.25 0.18333333333333332 0.02 0.02
0 0.25666666666666665 0.04 0.023333333333333334 0.02
0 0.42333333333333334 0.028333333333333332 0.02 0.02
0 0.37 0.06 0.02 0.023333333333333334
0 0.24166666666666667 0.08333333333333333 0.02666666666666667 0.02
0 0.31833333333333336 0.17166666666666666 0.02666666666666667 0.02
0 0.14 0.12333333333333334 0.023333333333333334 0.023333333333333334
0 0.041666666666666664 0.27 0.03 0.03
0 0.058333333333333334 0.08666666666666667 0.023333333333333334 0.023333333333333334
0 0.8116666666666666 0.7883333333333333 0.023333333333333334 0.02666666666666667
0 0.14666666666666667 0.9633333333333334 0.03 0.02666666666666667
0 0.08833333333333333 0.5466666666666666 0.02666666666666667 0.03
0 0.12166666666666667 0.59 0.023333333333333334 0.023333333333333334
0 0.16833333333333333 0.55 0.02 0.023333333333333334
0 0.27166666666666667 0.008333333333333333 0.02 0.016666666666666666
0 0.051666666666666666 0.01 0.023333333333333334 0.02
0 0.8966666666666666 0.62 0.02666666666666667 0.02666666666666667