0 0.5766666666666667 0.7566666666666667 0.023333333333333334 0.023333333333333334
0 0.33666666666666667 0.47 0.023333333333333334 0.02666666666666667
0 0.34833333333333333 0.43166666666666664 0.023333333333333334 0.02666666666666667
0 0.4266666666666667 0.15833333333333333 0.03 0.03
0 0.20333333333333334 0.19 0.02666666666666667 0.02666666666666667
0 0.22333333333333333 0.12666666666666668 0.03 0.03
0 0.30333333333333334 0.2866666666666667 0.023333333333333334 0.023333333333333334
0 0.32 0.28 0.023333333333333334 0.023333333333333334
0 0.44166666666666665 0.17 0.02666666666666667 0.02
0 0.6866666666666666 0.37166666666666665 0.02666666666666667 0.03
0 0.9233333333333333 0.36333333333333334 0.02666666666666667 0.03
0 0.86 0.45 0.03666666666666667 0.03
0 0.91 0.51 0.023333333333333334 0.023333333333333334
0 0.9133333333333333 0.4766666666666667 0.016666666666666666 0.02
0 0.9016666666666666 0.45166666666666666 0.028333333333333332 0.03166666666666667
0 0.9283333333333333 0.4683333333333333 0.025 0.028333333333333332
0 0.9683333333333334 0.37333333333333335 0.023333333333333334 0.02
0 0.9766666666666667 0.3516666666666667 0.03 0.023333333333333334
0 0.9333333333333333 0.43 0.023333333333333334 0.03166666666666667
0 0.49 0.3 0.03 0.02666666666666667
0 0.8316666666666667 0.3416666666666667 0.035 0.03
0 0.63 0.39 0.023333333333333334 0.023333333333333334
0 0.9533333333333334 0.5133333333333333 0.02 0.02666666666666667
0 0.5766666666666667 0.2966666666666667 0.03 0.035
0 0.8933333333333333 0.4266666666666667 0.02666666666666667 0.03
0 0.5033333333333333 0.33666666666666667 0.023333333333333334 0.023333333333333334
0 0.8833333333333333 0.48833333333333334 0.023333333333333334 0.023333333333333334
0 0.665 0.3883333333333333 0.02666666666666667 0.023333333333333334
0 0.99 0.42333333333333334 0.018333333333333333 0.03
0 0.985 0.04666666666666667 0.025 0.028333333333333332
0 0.54 0.3516666666666667 0.025 0.023333333333333334