0 0.285 0.2833333333333333 0.03 0.023333333333333334
0 0.21 0.30833333333333335 0.03333333333333333 0.02666666666666667
0 0.585 0.49333333333333335 0.03 0.03333333333333333
0 0.6266666666666667 0.6816666666666666 0.023333333333333334 0.03
0 0.5533333333333333 0.7583333333333333 0.023333333333333334 0.023333333333333334
0 0.615 0.4216666666666667 0.023333333333333334 0.03
0 0.7483333333333333 0.5183333333333333 0.03333333333333333 0.03
0 0.8016666666666666 0.11 0.02666666666666667 0.02666666666666667
0 0.8766666666666667 0.14166666666666666 0.03 0.02666666666666667
0 0.905 0.6866666666666666 0.03 0.02666666666666667
0 0.775 0.38333333333333336 0.03 0.03333333333333333
0 0.6616666666666666 0.5733333333333334 0.03 0.03
0 0.9733333333333334 0.01 0.02666666666666667 0.02
0 0.03 0.8933333333333333 0.03 0.025