0 0.4816666666666667 0.06833333333333333 0.03 0.02666666666666667
0 0.02 0.48333333333333334 0.03 0.03
0 0.84 0.9533333333333334 0.03 0.03
0 0.875 0.9583333333333334 0.02666666666666667 0.02666666666666667
0 0.6683333333333333 0.845 0.02666666666666667 0.02666666666666667
0 0.83 0.8083333333333333 0.02666666666666667 0.02666666666666667
0 0.5233333333333333 0.02666666666666667 0.02666666666666667 0.02666666666666667
0 0.4083333333333333 0.105 0.028333333333333332 0.028333333333333332
0 0.4583333333333333 0.06666666666666667 0.025 0.025
0 0.4533333333333333 0.09 0.02666666666666667 0.028333333333333332
0 0.44166666666666665 0.04 0.025 0.021666666666666667