0 0.41833333333333333 0.7016666666666667 0.02666666666666667 0.03
0 0.8833333333333333 0.69 0.03 0.02
0 0.3 0.7866666666666666 0.03 0.02666666666666667
0 0.2633333333333333 0.775 0.02666666666666667 0.03
0 0.19833333333333333 0.765 0.023333333333333334 0.02666666666666667
0 0.18 0.775 0.023333333333333334 0.03333333333333333
0 0.15166666666666667 0.9083333333333333 0.023333333333333334 0.02
0 0.13333333333333333 0.8983333333333333 0.023333333333333334 0.02666666666666667
0 0.38333333333333336 0.9033333333333333 0.02 0.02
0 0.38666666666666666 0.8833333333333333 0.02 0.02
0 0.36333333333333334 0.8766666666666667 0.03 0.03
0 0.3416666666666667 0.7816666666666666 0.02 0.02666666666666667
0 0.32 0.8116666666666666 0.023333333333333334 0.023333333333333334
0 0.275 0.5683333333333334 0.02666666666666667 0.02666666666666667
0 0.44 0.9 0.02 0.016666666666666666
0 0.4116666666666667 0.865 0.03 0.02
0 0.5183333333333333 0.5983333333333334 0.03 0.03666666666666667
0 0.49666666666666665 0.825 0.02 0.02
0 0.08166666666666667 0.9116666666666666 0.02 0.016666666666666666
0 0.085 0.9266666666666666 0.02 0.02
0 0.03666666666666667 0.85 0.023333333333333334 0.02
0 0.15333333333333332 0.7566666666666667 0.02666666666666667 0.023333333333333334
0 0.37833333333333335 0.7733333333333333 0.023333333333333334 0.023333333333333334
0 0.45666666666666667 0.7416666666666667 0.023333333333333334 0.023333333333333334
0 0.08833333333333333 0.555 0.02666666666666667 0.023333333333333334
0 0.9583333333333334 0.37833333333333335 0.02666666666666667 0.03
0 0.6116666666666667 0.99 0.028333333333333332 0.02
0 0.24666666666666667 0.8433333333333334 0.02666666666666667 0.028333333333333332
0 0.8466666666666667 0.6966666666666667 0.023333333333333334 0.023333333333333334