0 0.555 0.8266666666666667 0.021666666666666667 0.02
0 0.6516666666666666 0.7966666666666666 0.02666666666666667 0.02666666666666667
0 0.7116666666666667 0.6883333333333334 0.02666666666666667 0.03333333333333333
0 0.6583333333333333 0.6333333333333333 0.03 0.03
0 0.7133333333333334 0.5716666666666667 0.02 0.023333333333333334
0 0.75 0.6066666666666667 0.023333333333333334 0.023333333333333334
0 0.725 0.545 0.02666666666666667 0.023333333333333334
0 0.7083333333333334 0.5283333333333333 0.02 0.02
0 0.7566666666666667 0.5466666666666666 0.02 0.02
0 0.78 0.5416666666666666 0.023333333333333334 0.02
0 0.8016666666666666 0.5283333333333333 0.02666666666666667 0.02
0 0.8583333333333333 0.5933333333333334 0.03 0.028333333333333332
0 0.9766666666666667 0.5583333333333333 0.02666666666666667 0.03
0 0.68 0.5516666666666666 0.03 0.02
0 0.94 0.18833333333333332 0.023333333333333334 0.023333333333333334
0 0.9833333333333333 0.19666666666666666 0.02 0.023333333333333334
0 0.94 0.2683333333333333 0.03166666666666667 0.02666666666666667
0 0.85 0.30833333333333335 0.028333333333333332 0.021666666666666667
0 0.7883333333333333 0.2966666666666667 0.02666666666666667 0.023333333333333334
0 0.7 0.4483333333333333 0.023333333333333334 0.02
0 0.7083333333333334 0.4666666666666667 0.03666666666666667 0.03
0 0.8216666666666667 0.33666666666666667 0.021666666666666667 0.023333333333333334
0 0.9316666666666666 0.35833333333333334 0.02666666666666667 0.023333333333333334
0 0.5966666666666667 0.05 0.03 0.03
0 0.5833333333333334 0.38333333333333336 0.025 0.028333333333333332
0 0.69 0.19666666666666666 0.02666666666666667 0.023333333333333334
0 0.8716666666666667 0.345 0.03333333333333333 0.028333333333333332
0 0.7916666666666666 0.4716666666666667 0.02666666666666667 0.023333333333333334
0 0.8666666666666667 0.41333333333333333 0.023333333333333334 0.02
0 0.8816666666666667 0.27666666666666667 0.02666666666666667 0.02666666666666667
0 0.9533333333333334 0.24 0.023333333333333334 0.023333333333333334
0 0.71 0.38166666666666665 0.023333333333333334 0.023333333333333334
0 0.9716666666666667 0.305 0.02666666666666667 0.02666666666666667
0 0.9266666666666666 0.2916666666666667 0.023333333333333334 0.023333333333333334
0 0.9083333333333333 0.2733333333333333 0.023333333333333334 0.023333333333333334
0 0.9433333333333334 0.07333333333333333 0.023333333333333334 0.023333333333333334
0 0.9166666666666666 0.215 0.023333333333333334 0.023333333333333334
0 0.35333333333333333 0.04 0.03333333333333333 0.03
0 0.3383333333333333 0.11833333333333333 0.023333333333333334 0.02
0 0.35833333333333334 0.11333333333333333 0.02666666666666667 0.023333333333333334
0 0.06666666666666667 0.20333333333333334 0.02666666666666667 0.02666666666666667
0 0.07 0.22666666666666666 0.028333333333333332 0.02666666666666667
0 0.25333333333333335 0.2866666666666667 0.03666666666666667 0.03166666666666667
0 0.4066666666666667 0.06333333333333334 0.02666666666666667 0.03
0 0.21166666666666667 0.008333333333333333 0.023333333333333334 0.016666666666666666
0 0.5266666666666666 0.12333333333333334 0.023333333333333334 0.023333333333333334
0 0.37166666666666665 0.07666666666666666 0.023333333333333334 0.023333333333333334
0 0.17833333333333334 0.06333333333333334 0.023333333333333334 0.023333333333333334
0 0.785 0.42333333333333334 0.03166666666666667 0.03