0 0.21833333333333332 0.5783333333333334 0.03 0.02666666666666667
0 0.05 0.57 0.02666666666666667 0.023333333333333334
0 0.056666666666666664 0.595 0.02 0.02666666666666667
0 0.18 0.5666666666666667 0.02 0.02
0 0.19166666666666668 0.6516666666666666 0.023333333333333334 0.03
0 0.07833333333333334 0.6566666666666666 0.02666666666666667 0.03
0 0.08666666666666667 0.7083333333333334 0.021666666666666667 0.021666666666666667
0 0.06833333333333333 0.7233333333333334 0.023333333333333334 0.02666666666666667
0 0.18666666666666668 0.7366666666666667 0.023333333333333334 0.03
0 0.16166666666666665 0.755 0.02 0.023333333333333334
0 0.34 0.68 0.025 0.025
0 0.37333333333333335 0.6916666666666667 0.02666666666666667 0.02666666666666667
0 0.31833333333333336 0.7283333333333334 0.03 0.03
0 0.21 0.74 0.02666666666666667 0.03
0 0.23833333333333334 0.755 0.02666666666666667 0.03
0 0.26166666666666666 0.7433333333333333 0.02666666666666667 0.03
0 0.46 0.8333333333333334 0.02666666666666667 0.023333333333333334
0 0.41333333333333333 0.875 0.02 0.02666666666666667
0 0.43333333333333335 0.87 0.02666666666666667 0.02666666666666667
0 0.24 0.6383333333333333 0.023333333333333334 0.02
0 0.24666666666666667 0.55 0.02666666666666667 0.023333333333333334
0 0.21666666666666667 0.8216666666666667 0.028333333333333332 0.028333333333333332
0 0.3466666666666667 0.8066666666666666 0.02666666666666667 0.02666666666666667
0 0.445 0.7366666666666667 0.03 0.02666666666666667
0 0.41333333333333333 0.945 0.03 0.03
0 0.08166666666666667 0.9316666666666666 0.023333333333333334 0.023333333333333334
0 0.565 0.03 0.028333333333333332 0.03166666666666667
0 0.6583333333333333 0.018333333333333333 0.023333333333333334 0.03
0 0.6783333333333333 0.08333333333333333 0.03333333333333333 0.02
0 0.655 0.14833333333333334 0.023333333333333334 0.023333333333333334
0 0.6883333333333334 0.15666666666666668 0.03 0.02666666666666667
0 0.7333333333333333 0.09666666666666666 0.023333333333333334 0.02
0 0.8016666666666666 0.14 0.03 0.023333333333333334
0 0.805 0.185 0.023333333333333334 0.02
0 0.7783333333333333 0.18833333333333332 0.02666666666666667 0.02
0 0.8233333333333334 0.19666666666666666 0.03 0.02
0 0.8466666666666667 0.18833333333333332 0.023333333333333334 0.02
0 0.8433333333333334 0.20166666666666666 0.02 0.02
0 0.955 0.15333333333333332 0.023333333333333334 0.023333333333333334
0 0.8383333333333334 0.03166666666666667 0.02 0.02
0 0.8733333333333333 0.03833333333333333 0.03 0.023333333333333334
0 0.8666666666666667 0.056666666666666664 0.02 0.023333333333333334
0 0.7733333333333333 0.24333333333333335 0.02666666666666667 0.02666666666666667
0 0.7866666666666666 0.2916666666666667 0.02666666666666667 0.02666666666666667
0 0.8066666666666666 0.2633333333333333 0.02 0.023333333333333334
0 0.6266666666666667 0.15666666666666668 0.03 0.02
0 0.6616666666666666 0.21 0.023333333333333334 0.02
0 0.6383333333333333 0.17666666666666667 0.023333333333333334 0.02
0 0.6533333333333333 0.25666666666666665 0.03 0.02666666666666667
0 0.6683333333333333 0.2683333333333333 0.03 0.03
0 0.7383333333333333 0.3616666666666667 0.023333333333333334 0.023333333333333334
0 0.7633333333333333 0.36666666666666664 0.023333333333333334 0.02666666666666667
0 0.7683333333333333 0.33166666666666667 0.023333333333333334 0.023333333333333334
0 0.6133333333333333 0.4033333333333333 0.02 0.02666666666666667
0 0.6216666666666667 0.32166666666666666 0.023333333333333334 0.023333333333333334
0 0.56 0.42833333333333334 0.02666666666666667 0.02
0 0.5366666666666666 0.44666666666666666 0.023333333333333334 0.02666666666666667
0 0.5883333333333334 0.5116666666666667 0.02666666666666667 0.02666666666666667
0 0.6983333333333334 0.4816666666666667 0.02666666666666667 0.03
0 0.8833333333333333 0.715 0.03 0.02666666666666667
0 0.7983333333333333 0.815 0.028333333333333332 0.028333333333333332
0 0.74 0.8333333333333334 0.02666666666666667 0.023333333333333334
0 0.22 0.295 0.03 0.023333333333333334
0 0.4633333333333333 0.4816666666666667 0.023333333333333334 0.023333333333333334
0 0.5283333333333333 0.5966666666666667 0.023333333333333334 0.023333333333333334
0 0.43166666666666664 0.9066666666666666 0.02666666666666667 0.023333333333333334
0 0.49166666666666664 0.47833333333333333 0.028333333333333332 0.03
0 0.5466666666666666 0.8683333333333333 0.028333333333333332 0.03
0 0.145 0.6316666666666667 0.02 0.025
0 0.5533333333333333 0.485 0.021666666666666667 0.03166666666666667
0 0.74 0.435 0.02666666666666667 0.028333333333333332