0 0.6633333333333333 0.7366666666666667 0.03166666666666667 0.023333333333333334
0 0.6666666666666666 0.795 0.028333333333333332 0.025
0 0.6316666666666667 0.8583333333333333 0.03 0.02666666666666667
0 0.8816666666666667 0.8116666666666666 0.02666666666666667 0.02666666666666667
0 0.9133333333333333 0.8033333333333333 0.03 0.03
0 0.9283333333333333 0.8483333333333334 0.03 0.023333333333333334
0 0.42 0.6366666666666667 0.03 0.025
0 0.43 0.675 0.02666666666666667 0.02666666666666667
0 0.5533333333333333 0.42 0.02 0.023333333333333334
0 0.5866666666666667 0.43833333333333335 0.023333333333333334 0.02
0 0.6083333333333333 0.44333333333333336 0.023333333333333334 0.023333333333333334
0 0.6266666666666667 0.46166666666666667 0.023333333333333334 0.03
0 0.9666666666666667 0.12833333333333333 0.03 0.02666666666666667
0 0.9866666666666667 0.235 0.025 0.023333333333333334
0 0.63 0.39666666666666667 0.023333333333333334 0.025