0 0.46166666666666667 0.49666666666666665 0.02666666666666667 0.02666666666666667
0 0.42833333333333334 0.5083333333333333 0.023333333333333334 0.02666666666666667
0 0.235 0.5283333333333333 0.023333333333333334 0.03
0 0.275 0.06166666666666667 0.023333333333333334 0.023333333333333334
0 0.21 0.06666666666666667 0.03 0.02666666666666667
0 0.24666666666666667 0.08166666666666667 0.02666666666666667 0.03
0 0.14833333333333334 0.09 0.03 0.02666666666666667
0 0.11166666666666666 0.09666666666666666 0.03 0.02666666666666667
0 0.16166666666666665 0.125 0.03166666666666667 0.03
0 0.19333333333333333 0.15333333333333332 0.03 0.023333333333333334
0 0.12166666666666667 0.22333333333333333 0.03333333333333333 0.03
0 0.16666666666666666 0.25166666666666665 0.02666666666666667 0.028333333333333332
0 0.07333333333333333 0.2916666666666667 0.03 0.023333333333333334
0 0.33 0.37333333333333335 0.02666666666666667 0.023333333333333334
0 0.39166666666666666 0.45 0.023333333333333334 0.02666666666666667
0 0.11833333333333333 0.265 0.03 0.02666666666666667
0 0.4716666666666667 0.4766666666666667 0.02666666666666667 0.03
0 0.275 0.45166666666666666 0.02 0.02666666666666667
0 0.29333333333333333 0.3983333333333333 0.023333333333333334 0.03
0 0.49166666666666664 0.43166666666666664 0.03 0.03
0 0.49166666666666664 0.5316666666666666 0.02 0.02666666666666667
0 0.4 0.5066666666666667 0.02 0.02
0 0.4116666666666667 0.4633333333333333 0.02 0.023333333333333334
0 0.285 0.07833333333333334 0.02 0.02666666666666667
0 0.13 0.03 0.02 0.02
0 0.6816666666666666 0.7883333333333333 0.03333333333333333 0.02666666666666667
0 0.9233333333333333 0.79 0.03 0.023333333333333334
0 0.7583333333333333 0.9066666666666666 0.03333333333333333 0.02666666666666667
0 0.8833333333333333 0.9316666666666666 0.03 0.02666666666666667
0 0.695 0.9383333333333334 0.03 0.023333333333333334
0 0.7016666666666667 0.9533333333333334 0.02 0.02
0 0.8583333333333333 0.975 0.023333333333333334 0.023333333333333334
0 0.5916666666666667 0.9133333333333333 0.02666666666666667 0.023333333333333334
0 0.72 0.885 0.03166666666666667 0.03
0 0.735 0.9483333333333334 0.023333333333333334 0.023333333333333334
0 0.5866666666666667 0.415 0.02666666666666667 0.023333333333333334
0 0.8883333333333333 0.8966666666666666 0.02666666666666667 0.023333333333333334
0 0.895 0.5266666666666666 0.023333333333333334 0.023333333333333334
0 0.8616666666666667 0.9016666666666666 0.023333333333333334 0.023333333333333334
0 0.5333333333333333 0.51 0.02666666666666667 0.02666666666666667
0 0.775 0.8766666666666667 0.02666666666666667 0.02666666666666667
0 0.9716666666666667 0.93 0.03 0.03333333333333333
0 0.5583333333333333 0.4033333333333333 0.023333333333333334 0.023333333333333334
0 0.105 0.3466666666666667 0.02666666666666667 0.025
0 0.155 0.16166666666666665 0.03166666666666667 0.02666666666666667