0 0.4816666666666667 0.9116666666666666 0.023333333333333334 0.02666666666666667
0 0.8333333333333334 0.5316666666666666 0.02666666666666667 0.023333333333333334
0 0.9733333333333334 0.9066666666666666 0.02666666666666667 0.02666666666666667
0 0.9316666666666666 0.9366666666666666 0.02 0.02666666666666667
0 0.705 0.8416666666666667 0.03 0.03
0 0.9783333333333334 0.8683333333333333 0.02666666666666667 0.023333333333333334
0 0.9033333333333333 0.8216666666666667 0.023333333333333334 0.023333333333333334
0 0.7966666666666666 0.5616666666666666 0.023333333333333334 0.023333333333333334
0 0.8533333333333334 0.5133333333333333 0.023333333333333334 0.023333333333333334
0 0.5466666666666666 0.525 0.023333333333333334 0.023333333333333334
0 0.525 0.9 0.021666666666666667 0.023333333333333334
0 0.6183333333333333 0.013333333333333334 0.03 0.02666666666666667
0 0.7166666666666667 0.008333333333333333 0.02666666666666667 0.016666666666666666
0 0.6916666666666667 0.021666666666666667 0.025 0.03333333333333333
0 0.5466666666666666 0.03666666666666667 0.02666666666666667 0.03166666666666667
0 0.6566666666666666 0.041666666666666664 0.02 0.023333333333333334
0 0.6833333333333333 0.051666666666666666 0.023333333333333334 0.03
0 0.7466666666666667 0.07166666666666667 0.02 0.02
0 0.8216666666666667 0.07833333333333334 0.03 0.03
0 0.7016666666666667 0.08666666666666667 0.023333333333333334 0.023333333333333334
0 0.9783333333333334 0.09166666666666666 0.023333333333333334 0.023333333333333334
0 0.9683333333333334 0.12 0.023333333333333334 0.023333333333333334
0 0.8383333333333334 0.13833333333333334 0.023333333333333334 0.02666666666666667
0 0.8316666666666667 0.23666666666666666 0.03 0.03
0 0.5433333333333333 0.24333333333333335 0.03 0.03
0 0.5616666666666666 0.31833333333333336 0.023333333333333334 0.02666666666666667
0 0.7183333333333334 0.22333333333333333 0.03 0.03
0 0.525 0.25333333333333335 0.023333333333333334 0.023333333333333334
0 0.5716666666666667 0.335 0.02 0.023333333333333334
0 0.5983333333333334 0.47833333333333333 0.02 0.023333333333333334
0 0.8133333333333334 0.045 0.03 0.02666666666666667
0 0.925 0.5016666666666667 0.02666666666666667 0.023333333333333334
0 0.7966666666666666 0.17 0.041666666666666664 0.03333333333333333
0 0.94 0.8133333333333334 0.03333333333333333 0.025
0 0.7016666666666667 0.04 0.025 0.025