0 0.15166666666666667 0.215 0.03 0.023333333333333334
0 0.5 0.08833333333333333 0.023333333333333334 0.023333333333333334
0 0.21166666666666667 0.195 0.03 0.02
0 0.16666666666666666 0.14166666666666666 0.023333333333333334 0.02
0 0.735 0.045 0.03 0.03
0 0.7083333333333334 0.025 0.023333333333333334 0.02666666666666667
0 0.6933333333333334 0.011666666666666667 0.023333333333333334 0.023333333333333334
0 0.835 0.08166666666666667 0.03 0.03
0 0.825 0.04833333333333333 0.02666666666666667 0.02666666666666667
0 0.8883333333333333 0.10333333333333333 0.02666666666666667 0.03
0 0.9216666666666666 0.09 0.023333333333333334 0.03
0 0.965 0.13666666666666666 0.02666666666666667 0.03
0 0.7416666666666667 0.16 0.023333333333333334 0.02666666666666667
0 0.685 0.22166666666666668 0.023333333333333334 0.03
0 0.6333333333333333 0.23 0.03 0.02666666666666667
0 0.5816666666666667 0.22166666666666668 0.03 0.03333333333333333
0 0.7233333333333334 0.24333333333333335 0.02666666666666667 0.02666666666666667
0 0.635 0.19666666666666666 0.02666666666666667 0.02666666666666667
0 0.7666666666666667 0.31833333333333336 0.02666666666666667 0.023333333333333334
0 0.95 0.19 0.02666666666666667 0.02666666666666667
0 0.655 0.32666666666666666 0.02 0.02
0 0.7583333333333333 0.4116666666666667 0.02666666666666667 0.023333333333333334
0 0.8666666666666667 0.4483333333333333 0.03 0.02
0 0.8816666666666667 0.41833333333333333 0.023333333333333334 0.02
0 0.8066666666666666 0.38333333333333336 0.023333333333333334 0.02
0 0.8366666666666667 0.32 0.025 0.028333333333333332
0 0.92 0.3233333333333333 0.023333333333333334 0.03
0 0.845 0.10333333333333333 0.02666666666666667 0.02666666666666667
0 0.8083333333333333 0.26 0.02666666666666667 0.023333333333333334
0 0.6416666666666667 0.08333333333333333 0.02666666666666667 0.02666666666666667
0 0.06333333333333334 0.6783333333333333 0.03666666666666667 0.03333333333333333
0 0.24333333333333335 0.9216666666666666 0.03 0.03
0 0.3516666666666667 0.5116666666666667 0.023333333333333334 0.02666666666666667
0 0.43 0.975 0.03 0.023333333333333334
0 0.08333333333333333 0.6583333333333333 0.03 0.03
0 0.07166666666666667 0.625 0.02666666666666667 0.02666666666666667
0 0.09666666666666666 0.6783333333333333 0.02666666666666667 0.02666666666666667
0 0.8966666666666666 0.4816666666666667 0.023333333333333334 0.023333333333333334
0 0.9216666666666666 0.47833333333333333 0.02 0.03
0 0.945 0.4816666666666667 0.02666666666666667 0.02666666666666667
0 0.9733333333333334 0.5483333333333333 0.023333333333333334 0.03
0 0.02666666666666667 0.5783333333333334 0.03333333333333333 0.03
0 0.02666666666666667 0.82 0.023333333333333334 0.023333333333333334
0 0.89 0.135 0.03 0.025