0 0.17166666666666666 0.07 0.03333333333333333 0.03
0 0.15833333333333333 0.09333333333333334 0.03 0.023333333333333334
0 0.20333333333333334 0.04666666666666667 0.023333333333333334 0.02666666666666667
0 0.20333333333333334 0.06166666666666667 0.02666666666666667 0.02
0 0.065 0.10333333333333333 0.041666666666666664 0.03166666666666667
0 0.11333333333333333 0.26666666666666666 0.02666666666666667 0.02666666666666667
0 0.041666666666666664 0.21666666666666667 0.023333333333333334 0.03
0 0.07 0.215 0.03 0.023333333333333334
0 0.23 0.28 0.023333333333333334 0.02666666666666667
0 0.755 0.085 0.02666666666666667 0.03
0 0.7133333333333334 0.05333333333333334 0.023333333333333334 0.023333333333333334
0 0.8116666666666666 0.32666666666666666 0.023333333333333334 0.02666666666666667
0 0.8333333333333334 0.3283333333333333 0.03 0.02666666666666667
0 0.8716666666666667 0.44333333333333336 0.02 0.02666666666666667
0 0.8866666666666667 0.43833333333333335 0.03 0.03333333333333333
0 0.8716666666666667 0.4666666666666667 0.023333333333333334 0.023333333333333334
0 0.8266666666666667 0.4666666666666667 0.03 0.02666666666666667
0 0.74 0.43333333333333335 0.03 0.02666666666666667
0 0.955 0.22833333333333333 0.023333333333333334 0.023333333333333334
0 0.8433333333333334 0.06833333333333333 0.02666666666666667 0.023333333333333334
0 0.7883333333333333 0.04833333333333333 0.02666666666666667 0.023333333333333334
0 0.075 0.17333333333333334 0.02666666666666667 0.02666666666666667
0 0.4083333333333333 0.38166666666666665 0.023333333333333334 0.03666666666666667
0 0.415 0.42833333333333334 0.02666666666666667 0.03
0 0.7566666666666667 0.31333333333333335 0.03 0.023333333333333334
0 0.9183333333333333 0.43833333333333335 0.02666666666666667 0.023333333333333334
0 0.16166666666666665 0.14333333333333334 0.02666666666666667 0.02666666666666667
0 0.44166666666666665 0.37 0.023333333333333334 0.02666666666666667
0 0.42 0.36833333333333335 0.023333333333333334 0.02
0 0.9733333333333334 0.455 0.02 0.023333333333333334
0 0.8683333333333333 0.3933333333333333 0.02666666666666667 0.023333333333333334
0 0.7616666666666667 0.4 0.023333333333333334 0.023333333333333334
0 0.27 0.24666666666666667 0.02666666666666667 0.02666666666666667
0 0.07333333333333333 0.5183333333333333 0.02666666666666667 0.02666666666666667
0 0.04833333333333333 0.6166666666666667 0.023333333333333334 0.02666666666666667
0 0.09333333333333334 0.5983333333333334 0.02666666666666667 0.02
0 0.08 0.6083333333333333 0.02 0.02
0 0.18166666666666667 0.8466666666666667 0.023333333333333334 0.03
0 0.10166666666666667 0.7666666666666667 0.03 0.02666666666666667
0 0.20166666666666666 0.8833333333333333 0.03666666666666667 0.02666666666666667
0 0.16833333333333333 0.9533333333333334 0.02666666666666667 0.02666666666666667
0 0.12833333333333333 0.95 0.03 0.02666666666666667
0 0.035 0.8683333333333333 0.023333333333333334 0.023333333333333334
0 0.18666666666666668 0.965 0.02666666666666667 0.03
0 0.15333333333333332 0.805 0.03 0.03
0 0.23333333333333334 0.9283333333333333 0.03333333333333333 0.02666666666666667
0 0.2816666666666667 0.9183333333333333 0.023333333333333334 0.02
0 0.33 0.9466666666666667 0.023333333333333334 0.023333333333333334
0 0.5466666666666666 0.9283333333333333 0.03333333333333333 0.03
0 0.5066666666666667 0.8916666666666667 0.023333333333333334 0.02666666666666667
0 0.6716666666666666 0.9116666666666666 0.02666666666666667 0.02666666666666667
0 0.6033333333333334 0.7933333333333333 0.02 0.02
0 0.635 0.8366666666666667 0.023333333333333334 0.023333333333333334
0 0.45166666666666666 0.7266666666666667 0.03 0.023333333333333334
0 0.46 0.6533333333333333 0.03 0.023333333333333334
0 0.48333333333333334 0.6116666666666667 0.03 0.02666666666666667
0 0.5266666666666666 0.6633333333333333 0.02666666666666667 0.02
0 0.4633333333333333 0.5783333333333334 0.03 0.02
0 0.4483333333333333 0.6066666666666667 0.02666666666666667 0.02
0 0.7816666666666666 0.7233333333333334 0.02666666666666667 0.023333333333333334
0 0.7116666666666667 0.7983333333333333 0.03 0.023333333333333334
0 0.4 0.5316666666666666 0.02666666666666667 0.023333333333333334
0 0.023333333333333334 0.7633333333333333 0.03 0.02666666666666667
0 0.08333333333333333 0.01 0.03 0.02
0 0.8766666666666667 0.21333333333333335 0.023333333333333334 0.028333333333333332
0 0.9933333333333333 0.23333333333333334 0.013333333333333334 0.03333333333333333
0 0.3333333333333333 0.695 0.03 0.02666666666666667
0 0.018333333333333333 0.8083333333333333 0.025 0.025