0 0.585 0.8066666666666666 0.023333333333333334 0.023333333333333334
0 0.585 0.8766666666666667 0.023333333333333334 0.023333333333333334
0 0.635 0.6833333333333333 0.03166666666666667 0.02666666666666667
0 0.6833333333333333 0.6366666666666667 0.023333333333333334 0.023333333333333334
0 0.5983333333333334 0.6216666666666667 0.023333333333333334 0.023333333333333334
0 0.5483333333333333 0.6083333333333333 0.023333333333333334 0.023333333333333334
0 0.6633333333333333 0.7766666666666666 0.02666666666666667 0.023333333333333334
0 0.6083333333333333 0.875 0.02 0.023333333333333334
0 0.5716666666666667 0.8416666666666667 0.023333333333333334 0.023333333333333334
0 0.6666666666666666 0.955 0.023333333333333334 0.02666666666666667
0 0.9166666666666666 0.7233333333333334 0.02666666666666667 0.023333333333333334
0 0.5833333333333334 0.7233333333333334 0.023333333333333334 0.02
0 0.6333333333333333 0.5816666666666667 0.023333333333333334 0.02666666666666667
0 0.625 0.8033333333333333 0.02 0.023333333333333334
0 0.6066666666666667 0.7866666666666666 0.023333333333333334 0.03
0 0.59 0.6466666666666666 0.023333333333333334 0.02
0 0.8616666666666667 0.5883333333333334 0.023333333333333334 0.023333333333333334
0 0.6683333333333333 0.9133333333333333 0.023333333333333334 0.023333333333333334
0 0.5833333333333334 0.9633333333333334 0.023333333333333334 0.023333333333333334
0 0.77 0.5933333333333334 0.023333333333333334 0.02
0 0.6983333333333334 0.9183333333333333 0.023333333333333334 0.023333333333333334
0 0.8083333333333333 0.7416666666666667 0.02 0.02
0 0.915 0.62 0.025 0.016666666666666666
0 0.5766666666666667 0.5566666666666666 0.02666666666666667 0.02666666666666667
0 0.6633333333333333 0.755 0.02 0.02
0 0.7083333333333334 0.855 0.023333333333333334 0.02
0 0.5966666666666667 0.9216666666666666 0.023333333333333334 0.02
0 0.6216666666666667 0.8533333333333334 0.023333333333333334 0.023333333333333334
0 0.6666666666666666 0.7933333333333333 0.02666666666666667 0.023333333333333334
0 0.5416666666666666 0.7866666666666666 0.02666666666666667 0.023333333333333334
0 0.8766666666666667 0.8133333333333334 0.028333333333333332 0.03166666666666667
0 0.7416666666666667 0.645 0.02 0.02
0 0.8216666666666667 0.5016666666666667 0.023333333333333334 0.025