0 0.9816666666666667 0.06 0.02666666666666667 0.02666666666666667
0 0.5633333333333334 0.9816666666666667 0.02666666666666667 0.023333333333333334
0 0.35 0.008333333333333333 0.02 0.016666666666666666
0 0.32166666666666666 0.056666666666666664 0.02666666666666667 0.023333333333333334
0 0.44333333333333336 0.7116666666666667 0.02666666666666667 0.023333333333333334
0 0.23 0.8733333333333333 0.02666666666666667 0.02666666666666667
0 0.16833333333333333 0.74 0.02666666666666667 0.02
0 0.24666666666666667 0.7566666666666667 0.023333333333333334 0.023333333333333334
0 0.04 0.7616666666666667 0.02666666666666667 0.02
0 0.4 0.8 0.023333333333333334 0.023333333333333334
0 0.07166666666666667 0.7366666666666667 0.02 0.023333333333333334
0 0.13666666666666666 0.9 0.03666666666666667 0.02666666666666667
0 0.17833333333333334 0.27666666666666667 0.023333333333333334 0.023333333333333334
0 0.08166666666666667 0.7866666666666666 0.023333333333333334 0.02
0 0.2683333333333333 0.9416666666666667 0.02 0.02
0 0.15 0.95 0.03 0.03
0 0.056666666666666664 0.9283333333333333 0.02666666666666667 0.02666666666666667
0 0.14833333333333334 0.6466666666666666 0.02666666666666667 0.02666666666666667
0 0.38 0.20833333333333334 0.02666666666666667 0.02666666666666667
0 0.08166666666666667 0.9583333333333334 0.023333333333333334 0.023333333333333334
0 0.4216666666666667 0.8133333333333334 0.023333333333333334 0.023333333333333334
0 0.14333333333333334 0.16666666666666666 0.02666666666666667 0.02666666666666667
0 0.16666666666666666 0.22166666666666668 0.023333333333333334 0.02
0 0.16166666666666665 0.15166666666666667 0.023333333333333334 0.023333333333333334
0 0.06166666666666667 0.7916666666666666 0.023333333333333334 0.023333333333333334
0 0.28 0.98 0.03 0.03
0 0.09333333333333334 0.925 0.023333333333333334 0.023333333333333334
0 0.28 0.7383333333333333 0.02666666666666667 0.02666666666666667
0 0.06166666666666667 0.7566666666666667 0.023333333333333334 0.023333333333333334
0 0.275 0.9066666666666666 0.023333333333333334 0.023333333333333334
0 0.39166666666666666 0.8333333333333334 0.023333333333333334 0.023333333333333334
0 0.09833333333333333 0.355 0.02666666666666667 0.023333333333333334
0 0.023333333333333334 0.22833333333333333 0.02666666666666667 0.02666666666666667
0 0.023333333333333334 0.7166666666666667 0.03 0.03333333333333333
0 0.17666666666666667 0.5983333333333334 0.03 0.02666666666666667