0 0.7883333333333333 0.43333333333333335 0.02666666666666667 0.02666666666666667
0 0.57 0.43 0.023333333333333334 0.03166666666666667
0 0.5733333333333334 0.405 0.023333333333333334 0.02666666666666667
0 0.615 0.365 0.02666666666666667 0.023333333333333334
0 0.8583333333333333 0.4766666666666667 0.023333333333333334 0.023333333333333334
0 0.8633333333333333 0.6083333333333333 0.02666666666666667 0.023333333333333334
0 0.8666666666666667 0.6266666666666667 0.02666666666666667 0.02
0 0.8983333333333333 0.6366666666666667 0.023333333333333334 0.02
0 0.7733333333333333 0.6766666666666666 0.023333333333333334 0.02
0 0.7066666666666667 0.4483333333333333 0.02666666666666667 0.023333333333333334
0 0.6783333333333333 0.43833333333333335 0.02666666666666667 0.02666666666666667
0 0.6516666666666666 0.4166666666666667 0.023333333333333334 0.03
0 0.6516666666666666 0.32 0.02 0.023333333333333334
0 0.615 0.315 0.02666666666666667 0.023333333333333334
0 0.755 0.6183333333333333 0.023333333333333334 0.02666666666666667
0 0.6716666666666666 0.7733333333333333 0.023333333333333334 0.02
0 0.6 0.55 0.03 0.03
0 0.9766666666666667 0.48833333333333334 0.023333333333333334 0.02
0 0.9433333333333334 0.505 0.02 0.02
0 0.92 0.4866666666666667 0.02 0.02
0 0.9283333333333333 0.4166666666666667 0.02 0.02
0 0.7683333333333333 0.5866666666666667 0.03 0.03
0 0.6966666666666667 0.775 0.023333333333333334 0.023333333333333334
0 0.6333333333333333 0.82 0.02666666666666667 0.02
0 0.5916666666666667 0.42833333333333334 0.023333333333333334 0.035
0 0.52 0.3433333333333333 0.02 0.03
0 0.625 0.29 0.023333333333333334 0.025
0 0.8816666666666667 0.5816666666666667 0.02666666666666667 0.02666666666666667
0 0.8583333333333333 0.6583333333333333 0.02666666666666667 0.023333333333333334
0 0.7983333333333333 0.67 0.023333333333333334 0.023333333333333334
0 0.8 0.385 0.023333333333333334 0.023333333333333334
0 0.5266666666666666 0.37666666666666665 0.023333333333333334 0.023333333333333334
0 0.5166666666666667 0.48333333333333334 0.023333333333333334 0.02666666666666667
0 0.56 0.5383333333333333 0.02 0.02666666666666667
0 0.6466666666666666 0.5483333333333333 0.023333333333333334 0.023333333333333334
0 0.675 0.8366666666666667 0.023333333333333334 0.02666666666666667
0 0.5416666666666666 0.3283333333333333 0.023333333333333334 0.016666666666666666
0 0.5466666666666666 0.3566666666666667 0.023333333333333334 0.023333333333333334
0 0.77 0.6216666666666667 0.02 0.023333333333333334
0 0.765 0.5566666666666666 0.02666666666666667 0.02666666666666667
0 0.9433333333333334 0.5316666666666666 0.023333333333333334 0.02
0 0.7816666666666666 0.6933333333333334 0.018333333333333333 0.018333333333333333
0 0.06833333333333333 0.7633333333333333 0.023333333333333334 0.023333333333333334
0 0.17833333333333334 0.37833333333333335 0.02666666666666667 0.03
0 0.4166666666666667 0.37 0.02666666666666667 0.03
0 0.3516666666666667 0.45666666666666667 0.03 0.023333333333333334
0 0.40166666666666667 0.5233333333333333 0.023333333333333334 0.023333333333333334
0 0.4066666666666667 0.48333333333333334 0.023333333333333334 0.028333333333333332
0 0.3933333333333333 0.46 0.025 0.03
0 0.4216666666666667 0.475 0.02 0.02
0 0.46166666666666667 0.38666666666666666 0.023333333333333334 0.02
0 0.465 0.35833333333333334 0.03 0.023333333333333334
0 0.425 0.43833333333333335 0.023333333333333334 0.03333333333333333
0 0.32166666666666666 0.35 0.02666666666666667 0.02
0 0.12166666666666667 0.39166666666666666 0.023333333333333334 0.023333333333333334
0 0.45 0.52 0.02 0.02666666666666667
0 0.06833333333333333 0.3 0.03 0.02666666666666667
0 0.48333333333333334 0.4266666666666667 0.02666666666666667 0.03
0 0.38333333333333336 0.43166666666666664 0.023333333333333334 0.02666666666666667
0 0.40166666666666667 0.42333333333333334 0.02 0.023333333333333334
0 0.51 0.4483333333333333 0.023333333333333334 0.03
0 0.47833333333333333 0.04833333333333333 0.02666666666666667 0.02666666666666667
0 0.375 0.49 0.02666666666666667 0.023333333333333334
0 0.15666666666666668 0.3883333333333333 0.02666666666666667 0.023333333333333334