0 0.04833333333333333 0.41833333333333333 0.02666666666666667 0.023333333333333334
0 0.41833333333333333 0.04 0.02666666666666667 0.023333333333333334
0 0.11833333333333333 0.46 0.023333333333333334 0.023333333333333334
0 0.6583333333333333 0.013333333333333334 0.02 0.02666666666666667
0 0.6283333333333333 0.08666666666666667 0.023333333333333334 0.023333333333333334
0 0.025 0.38333333333333336 0.02 0.02
0 0.03 0.36333333333333334 0.023333333333333334 0.023333333333333334
0 0.03333333333333333 0.49333333333333335 0.023333333333333334 0.023333333333333334
0 0.2916666666666667 0.8633333333333333 0.02666666666666667 0.023333333333333334
0 0.17666666666666667 0.8366666666666667 0.02666666666666667 0.02
0 0.26166666666666666 0.8566666666666667 0.023333333333333334 0.023333333333333334
0 0.105 0.765 0.03166666666666667 0.02666666666666667
0 0.07833333333333334 0.7833333333333333 0.02666666666666667 0.02
0 0.04666666666666667 0.68 0.021666666666666667 0.025
0 0.105 0.6533333333333333 0.02666666666666667 0.02
0 0.10666666666666667 0.7183333333333334 0.023333333333333334 0.02666666666666667
0 0.225 0.6333333333333333 0.023333333333333334 0.02666666666666667
0 0.25833333333333336 0.6183333333333333 0.02666666666666667 0.023333333333333334
0 0.26166666666666666 0.7833333333333333 0.023333333333333334 0.023333333333333334
0 0.16333333333333333 0.9416666666666667 0.023333333333333334 0.023333333333333334
0 0.17166666666666666 0.9083333333333333 0.02 0.02
0 0.24333333333333335 0.91 0.03 0.023333333333333334
0 0.19166666666666668 0.97 0.023333333333333334 0.02666666666666667
0 0.055 0.8166666666666667 0.02 0.02
0 0.385 0.9066666666666666 0.023333333333333334 0.02
0 0.33666666666666667 0.8966666666666666 0.02 0.02
0 0.33166666666666667 0.9166666666666666 0.023333333333333334 0.023333333333333334
0 0.11166666666666666 0.7983333333333333 0.02 0.02
0 0.13166666666666665 0.805 0.023333333333333334 0.02
0 0.07833333333333334 0.5566666666666666 0.023333333333333334 0.023333333333333334
0 0.21666666666666667 0.5133333333333333 0.03 0.02666666666666667
0 0.225 0.755 0.02666666666666667 0.023333333333333334
0 0.28833333333333333 0.82 0.03 0.02666666666666667
0 0.31166666666666665 0.9366666666666666 0.02666666666666667 0.02666666666666667
0 0.11166666666666666 0.575 0.023333333333333334 0.023333333333333334
0 0.055 0.8983333333333333 0.02666666666666667 0.02666666666666667
0 0.08666666666666667 0.6716666666666666 0.023333333333333334 0.023333333333333334
0 0.48333333333333334 0.6666666666666666 0.03 0.03
0 0.07666666666666666 0.7633333333333333 0.023333333333333334 0.023333333333333334
0 0.6033333333333334 0.5066666666666667 0.023333333333333334 0.023333333333333334
0 0.4633333333333333 0.6033333333333334 0.023333333333333334 0.023333333333333334
0 0.5783333333333334 0.7616666666666667 0.02666666666666667 0.02
0 0.018333333333333333 0.7333333333333333 0.02 0.02666666666666667
0 0.3566666666666667 0.9116666666666666 0.02666666666666667 0.02
0 0.385 0.9283333333333333 0.023333333333333334 0.02
0 0.37666666666666665 0.85 0.023333333333333334 0.02666666666666667
0 0.11333333333333333 0.8333333333333334 0.023333333333333334 0.02
0 0.205 0.6066666666666667 0.02 0.02
0 0.14 0.7383333333333333 0.02666666666666667 0.023333333333333334
0 0.18 0.9366666666666666 0.02 0.016666666666666666
0 0.25666666666666665 0.9033333333333333 0.02 0.023333333333333334
0 0.27166666666666667 0.91 0.02 0.02666666666666667
0 0.18833333333333332 0.5783333333333334 0.02666666666666667 0.023333333333333334
0 0.24833333333333332 0.71 0.023333333333333334 0.023333333333333334