0 0.26166666666666666 0.05333333333333334 0.023333333333333334 0.023333333333333334
0 0.19333333333333333 0.07333333333333333 0.02 0.02
0 0.21 0.105 0.03 0.02666666666666667
0 0.43833333333333335 0.35833333333333334 0.02666666666666667 0.023333333333333334
0 0.24833333333333332 0.12166666666666667 0.02666666666666667 0.02666666666666667
0 0.6466666666666666 0.5483333333333333 0.03 0.03
0 0.013333333333333334 0.8216666666666667 0.02666666666666667 0.03
0 0.5333333333333333 0.9866666666666667 0.023333333333333334 0.02
0 0.6766666666666666 0.4683333333333333 0.02 0.025
0 0.12166666666666667 0.8133333333333334 0.025 0.025
0 0.12166666666666667 0.075 0.028333333333333332 0.02666666666666667
0 0.03833333333333333 0.7716666666666666 0.02666666666666667 0.025
0 0.27166666666666667 0.13333333333333333 0.023333333333333334 0.028333333333333332