0 0.20333333333333334 0.011666666666666667 0.03 0.023333333333333334
0 0.205 0.04833333333333333 0.023333333333333334 0.02
0 0.09333333333333334 0.095 0.02666666666666667 0.023333333333333334
0 0.24666666666666667 0.24333333333333335 0.03 0.03
0 0.24666666666666667 0.17833333333333334 0.03 0.02666666666666667
0 0.17333333333333334 0.21166666666666667 0.03 0.023333333333333334
0 0.21166666666666667 0.21333333333333335 0.023333333333333334 0.02666666666666667
0 0.2866666666666667 0.22333333333333333 0.03333333333333333 0.03
0 0.2783333333333333 0.26 0.02666666666666667 0.02
0 0.29333333333333333 0.3416666666666667 0.02666666666666667 0.03
0 0.325 0.3016666666666667 0.03 0.023333333333333334
0 0.30333333333333334 0.3883333333333333 0.03 0.02666666666666667
0 0.3383333333333333 0.19333333333333333 0.023333333333333334 0.02
0 0.30833333333333335 0.06333333333333334 0.02666666666666667 0.02
0 0.37666666666666665 0.4533333333333333 0.023333333333333334 0.023333333333333334
0 0.41833333333333333 0.24833333333333332 0.02666666666666667 0.02666666666666667
0 0.3283333333333333 0.16333333333333333 0.02 0.03
0 0.4216666666666667 0.06 0.02666666666666667 0.02666666666666667
0 0.2783333333333333 0.06833333333333333 0.02666666666666667 0.02666666666666667
0 0.29333333333333333 0.42833333333333334 0.02666666666666667 0.023333333333333334