0 0.8816666666666667 0.16166666666666665 0.03 0.03
0 0.9283333333333333 0.09333333333333334 0.03666666666666667 0.03
0 0.22333333333333333 0.24333333333333335 0.03333333333333333 0.03666666666666667
0 0.20666666666666667 0.33166666666666667 0.023333333333333334 0.03
0 0.345 0.235 0.03 0.035
0 0.29833333333333334 0.5516666666666666 0.03333333333333333 0.03166666666666667
0 0.008333333333333333 0.9716666666666667 0.016666666666666666 0.023333333333333334
0 0.43166666666666664 0.14833333333333334 0.03333333333333333 0.03666666666666667
0 0.08333333333333333 0.15666666666666668 0.02666666666666667 0.03333333333333333
0 0.2683333333333333 0.3333333333333333 0.03 0.03
0 0.195 0.13833333333333334 0.023333333333333334 0.023333333333333334
0 0.37666666666666665 0.4083333333333333 0.02666666666666667 0.02666666666666667
0 0.7266666666666667 0.2633333333333333 0.03333333333333333 0.03
0 0.7283333333333334 0.09666666666666666 0.025 0.02666666666666667