0 0.9 0.6516666666666666 0.02666666666666667 0.02666666666666667
0 0.9233333333333333 0.345 0.02666666666666667 0.023333333333333334
0 0.6616666666666666 0.16 0.02666666666666667 0.03
0 0.6733333333333333 0.17333333333333334 0.02666666666666667 0.02666666666666667
0 0.6933333333333334 0.18166666666666667 0.02666666666666667 0.03
0 0.7183333333333334 0.2783333333333333 0.02666666666666667 0.02666666666666667
0 0.7966666666666666 0.275 0.03 0.02
0 0.875 0.22 0.02666666666666667 0.018333333333333333
0 0.8933333333333333 0.18333333333333332 0.023333333333333334 0.02666666666666667
0 0.9033333333333333 0.3433333333333333 0.023333333333333334 0.02
0 0.98 0.3983333333333333 0.02666666666666667 0.025
0 0.8833333333333333 0.23166666666666666 0.023333333333333334 0.02
0 0.845 0.18 0.025 0.016666666666666666
0 0.7783333333333333 0.23333333333333334 0.025 0.03166666666666667
0 0.7083333333333334 0.21333333333333335 0.02666666666666667 0.02666666666666667
0 0.8666666666666667 0.265 0.028333333333333332 0.023333333333333334
0 0.895 0.26 0.02666666666666667 0.023333333333333334
0 0.8133333333333334 0.32 0.025 0.025
0 0.9483333333333334 0.3 0.02666666666666667 0.02
0 0.8466666666666667 0.4583333333333333 0.03 0.03
0 0.975 0.135 0.02666666666666667 0.023333333333333334
0 0.9433333333333334 0.4083333333333333 0.023333333333333334 0.023333333333333334
0 0.075 0.18333333333333332 0.023333333333333334 0.023333333333333334
0 0.96 0.095 0.023333333333333334 0.028333333333333332