0 0.15 0.6566666666666666 0.03 0.03333333333333333
0 0.08166666666666667 0.6633333333333333 0.02666666666666667 0.023333333333333334
0 0.18666666666666668 0.7266666666666667 0.023333333333333334 0.02666666666666667
0 0.205 0.3983333333333333 0.03666666666666667 0.03333333333333333
0 0.13666666666666666 0.45166666666666666 0.02666666666666667 0.02666666666666667
0 0.21666666666666667 0.455 0.02666666666666667 0.03
0 0.10666666666666667 0.6416666666666667 0.023333333333333334 0.02
0 0.11666666666666667 0.8216666666666667 0.02666666666666667 0.02666666666666667
0 0.16333333333333333 0.6933333333333334 0.03 0.03
0 0.21166666666666667 0.35833333333333334 0.03 0.02666666666666667
0 0.10333333333333333 0.5833333333333334 0.02666666666666667 0.02666666666666667