0 0.12 0.9066666666666666 0.023333333333333334 0.02
0 0.051666666666666666 0.8933333333333333 0.02 0.023333333333333334
0 0.18166666666666667 0.6683333333333333 0.023333333333333334 0.023333333333333334
0 0.24666666666666667 0.6583333333333333 0.02666666666666667 0.02
0 0.043333333333333335 0.95 0.02666666666666667 0.023333333333333334
0 0.16833333333333333 0.645 0.02666666666666667 0.023333333333333334
0 0.09666666666666666 0.8966666666666666 0.02666666666666667 0.02
0 0.44 0.6733333333333333 0.023333333333333334 0.023333333333333334
0 0.6133333333333333 0.45166666666666666 0.023333333333333334 0.023333333333333334
0 0.6283333333333333 0.5483333333333333 0.023333333333333334 0.02666666666666667
0 0.61 0.54 0.021666666666666667 0.021666666666666667
0 0.6083333333333333 0.5816666666666667 0.02666666666666667 0.023333333333333334
0 0.5933333333333334 0.6133333333333333 0.02666666666666667 0.03
0 0.7566666666666667 0.7016666666666667 0.03 0.023333333333333334
0 0.905 0.5216666666666666 0.023333333333333334 0.023333333333333334
0 0.6383333333333333 0.8833333333333333 0.03 0.02666666666666667
0 0.6233333333333333 0.795 0.02 0.02666666666666667
0 0.6866666666666666 0.7433333333333333 0.023333333333333334 0.023333333333333334
0 0.6733333333333333 0.65 0.03 0.02666666666666667
0 0.6866666666666666 0.6833333333333333 0.03 0.02666666666666667
0 0.6333333333333333 0.6233333333333333 0.02666666666666667 0.03
0 0.7033333333333334 0.82 0.023333333333333334 0.02666666666666667
0 0.8666666666666667 0.9283333333333333 0.02666666666666667 0.023333333333333334
0 0.5433333333333333 0.63 0.03 0.03
0 0.5666666666666667 0.7783333333333333 0.02666666666666667 0.023333333333333334
0 0.5466666666666666 0.505 0.02666666666666667 0.02666666666666667
0 0.8866666666666667 0.5933333333333334 0.02666666666666667 0.023333333333333334
0 0.7016666666666667 0.7683333333333333 0.023333333333333334 0.023333333333333334
0 0.6966666666666667 0.9416666666666667 0.023333333333333334 0.023333333333333334
0 0.7583333333333333 0.9766666666666667 0.02666666666666667 0.02666666666666667
0 0.68 0.5383333333333333 0.02666666666666667 0.023333333333333334
0 0.6233333333333333 0.4816666666666667 0.02666666666666667 0.023333333333333334
0 0.68 0.5383333333333333 0.02666666666666667 0.023333333333333334
0 0.515 0.4116666666666667 0.025 0.028333333333333332