0 0.3233333333333333 0.77 0.023333333333333334 0.02
0 0.4033333333333333 0.8216666666666667 0.02 0.02
0 0.4083333333333333 0.5433333333333333 0.03 0.02666666666666667
0 0.27166666666666667 0.8183333333333334 0.03 0.02666666666666667
0 0.35333333333333333 0.545 0.02666666666666667 0.02666666666666667
0 0.5583333333333333 0.7366666666666667 0.02666666666666667 0.02666666666666667
0 0.03666666666666667 0.02 0.02666666666666667 0.02
0 0.5133333333333333 0.3283333333333333 0.02666666666666667 0.023333333333333334
0 0.3383333333333333 0.46 0.03 0.02666666666666667
0 0.9633333333333334 0.3566666666666667 0.03333333333333333 0.03333333333333333
0 0.49666666666666665 0.30333333333333334 0.02666666666666667 0.02666666666666667
0 0.013333333333333334 0.29333333333333333 0.023333333333333334 0.023333333333333334
0 0.14 0.49833333333333335 0.02 0.023333333333333334
0 0.06 0.5 0.02666666666666667 0.02666666666666667