0 0.03333333333333333 0.006666666666666667 0.02 0.013333333333333334
0 0.02666666666666667 0.2833333333333333 0.02666666666666667 0.02666666666666667
0 0.56 0.016666666666666666 0.02666666666666667 0.023333333333333334
0 0.2966666666666667 0.008333333333333333 0.023333333333333334 0.016666666666666666
0 0.29833333333333334 0.041666666666666664 0.02666666666666667 0.02666666666666667
0 0.23333333333333334 0.32 0.02666666666666667 0.02666666666666667
0 0.18833333333333332 0.21833333333333332 0.02666666666666667 0.03
0 0.17333333333333334 0.33166666666666667 0.03 0.03
0 0.5583333333333333 0.12333333333333334 0.02666666666666667 0.03
0 0.4216666666666667 0.06666666666666667 0.02 0.02
0 0.6283333333333333 0.23666666666666666 0.02666666666666667 0.03
0 0.7016666666666667 0.37 0.023333333333333334 0.02666666666666667
0 0.7583333333333333 0.2916666666666667 0.02 0.023333333333333334
0 0.8366666666666667 0.225 0.02 0.02
0 0.5933333333333334 0.19 0.03 0.03
0 0.5633333333333334 0.08833333333333333 0.02 0.03
0 0.49166666666666664 0.3416666666666667 0.02666666666666667 0.02666666666666667
0 0.5366666666666666 0.19833333333333333 0.023333333333333334 0.023333333333333334
0 0.43833333333333335 0.058333333333333334 0.023333333333333334 0.03
0 0.075 0.26666666666666666 0.02 0.02
0 0.21333333333333335 0.16833333333333333 0.02666666666666667 0.03
0 0.6366666666666667 0.2733333333333333 0.03 0.02666666666666667
0 0.5833333333333334 0.3566666666666667 0.03 0.03
0 0.5683333333333334 0.22833333333333333 0.023333333333333334 0.023333333333333334
0 0.5533333333333333 0.26666666666666666 0.02666666666666667 0.02666666666666667
0 0.7283333333333334 0.23833333333333334 0.023333333333333334 0.023333333333333334
0 0.2633333333333333 0.105 0.02666666666666667 0.023333333333333334
0 0.04 0.21 0.02666666666666667 0.02666666666666667
0 0.4266666666666667 0.11833333333333333 0.023333333333333334 0.023333333333333334
0 0.745 0.10666666666666667 0.023333333333333334 0.023333333333333334
0 0.9833333333333333 0.29 0.03 0.03
0 0.42 0.03333333333333333 0.016666666666666666 0.023333333333333334
0 0.7066666666666667 0.17666666666666667 0.02666666666666667 0.02666666666666667
0 0.7866666666666666 0.4533333333333333 0.02666666666666667 0.02666666666666667
0 0.7783333333333333 0.22333333333333333 0.02666666666666667 0.023333333333333334
0 0.7433333333333333 0.2633333333333333 0.023333333333333334 0.023333333333333334
0 0.7816666666666666 0.36833333333333335 0.02666666666666667 0.02666666666666667
0 0.6166666666666667 0.19333333333333333 0.023333333333333334 0.023333333333333334
0 0.65 0.14666666666666667 0.03 0.03
0 0.04833333333333333 0.3516666666666667 0.02666666666666667 0.02666666666666667
0 0.6766666666666666 0.09333333333333334 0.03333333333333333 0.03333333333333333
0 0.9533333333333334 0.43666666666666665 0.02666666666666667 0.02666666666666667
0 0.6266666666666667 0.34833333333333333 0.023333333333333334 0.02666666666666667
0 0.4 0.13166666666666665 0.023333333333333334 0.02666666666666667
0 0.08833333333333333 0.18833333333333332 0.03 0.02666666666666667
0 0.6633333333333333 0.18666666666666668 0.03 0.03
0 0.235 0.09833333333333333 0.023333333333333334 0.03
0 0.40166666666666667 0.15666666666666668 0.02666666666666667 0.02666666666666667
0 0.19333333333333333 0.165 0.028333333333333332 0.023333333333333334
0 0.20333333333333334 0.03666666666666667 0.023333333333333334 0.03
0 0.3983333333333333 0.06 0.02 0.028333333333333332
0 0.15333333333333332 0.11333333333333333 0.02 0.023333333333333334
0 0.9816666666666667 0.435 0.023333333333333334 0.023333333333333334
0 0.9516666666666667 0.4633333333333333 0.02 0.023333333333333334
0 0.8883333333333333 0.32666666666666666 0.023333333333333334 0.03
0 0.035 0.15833333333333333 0.016666666666666666 0.02666666666666667
0 0.6833333333333333 0.18166666666666667 0.02 0.02666666666666667
0 0.52 0.08 0.02 0.02666666666666667
0 0.575 0.056666666666666664 0.016666666666666666 0.02666666666666667
0 0.39666666666666667 0.205 0.02 0.02666666666666667
0 0.37833333333333335 0.06 0.02 0.02666666666666667
0 0.2916666666666667 0.19666666666666666 0.023333333333333334 0.023333333333333334
0 0.7816666666666666 0.25166666666666665 0.03 0.02666666666666667
0 0.6233333333333333 0.365 0.02666666666666667 0.023333333333333334
0 0.7666666666666667 0.32166666666666666 0.02666666666666667 0.03333333333333333
0 0.8783333333333333 0.375 0.02 0.02666666666666667
0 0.35333333333333333 0.15833333333333333 0.02 0.023333333333333334
0 0.37166666666666665 0.19333333333333333 0.016666666666666666 0.02
0 0.49833333333333335 0.31833333333333336 0.02666666666666667 0.023333333333333334
0 0.48833333333333334 0.7333333333333333 0.023333333333333334 0.023333333333333334
0 0.41333333333333333 0.9566666666666667 0.023333333333333334 0.023333333333333334
0 0.425 0.655 0.02666666666666667 0.02666666666666667
0 0.37666666666666665 0.8283333333333334 0.023333333333333334 0.02
0 0.585 0.9416666666666667 0.03 0.03
0 0.81 0.5983333333333334 0.02666666666666667 0.02666666666666667
0 0.5266666666666666 0.7633333333333333 0.023333333333333334 0.023333333333333334
0 0.885 0.8183333333333334 0.02666666666666667 0.02666666666666667
0 0.575 0.7166666666666667 0.03 0.03
0 0.805 0.6783333333333333 0.02666666666666667 0.023333333333333334
0 0.5583333333333333 0.915 0.023333333333333334 0.023333333333333334
0 0.8783333333333333 0.7533333333333333 0.02666666666666667 0.02666666666666667
0 0.8533333333333334 0.7616666666666667 0.023333333333333334 0.023333333333333334
0 0.5583333333333333 0.8966666666666666 0.023333333333333334 0.023333333333333334
0 0.7033333333333334 0.6716666666666666 0.023333333333333334 0.023333333333333334
0 0.9566666666666667 0.79 0.02666666666666667 0.02666666666666667
0 0.9733333333333334 0.54 0.03 0.02666666666666667
0 0.8366666666666667 0.6666666666666666 0.023333333333333334 0.023333333333333334
0 0.965 0.6116666666666667 0.03 0.02666666666666667
0 0.6583333333333333 0.6166666666666667 0.023333333333333334 0.023333333333333334
0 0.915 0.7616666666666667 0.023333333333333334 0.023333333333333334
0 0.5633333333333334 0.6516666666666666 0.02 0.02
0 0.82 0.7466666666666667 0.023333333333333334 0.023333333333333334
0 0.6883333333333334 0.6383333333333333 0.023333333333333334 0.023333333333333334
0 0.7783333333333333 0.9333333333333333 0.02666666666666667 0.03
0 0.9683333333333334 0.6666666666666666 0.02666666666666667 0.023333333333333334
0 0.9333333333333333 0.735 0.02 0.02
0 0.6483333333333333 0.6966666666666667 0.02666666666666667 0.023333333333333334
0 0.9316666666666666 0.8033333333333333 0.023333333333333334 0.02666666666666667
0 0.82 0.7916666666666666 0.023333333333333334 0.023333333333333334
0 0.5583333333333333 0.6333333333333333 0.023333333333333334 0.023333333333333334
0 0.6483333333333333 0.665 0.02 0.02
0 0.7616666666666667 0.9683333333333334 0.03 0.02666666666666667
0 0.6116666666666667 0.9066666666666666 0.023333333333333334 0.023333333333333334
0 0.95 0.6416666666666667 0.023333333333333334 0.02666666666666667
0 0.6166666666666667 0.9766666666666667 0.02 0.02
0 0.8416666666666667 0.7966666666666666 0.02666666666666667 0.02666666666666667
0 0.5566666666666666 0.7966666666666666 0.02 0.02
0 0.8316666666666667 0.935 0.023333333333333334 0.023333333333333334
0 0.8733333333333333 0.6083333333333333 0.02666666666666667 0.02666666666666667
0 0.51 0.9466666666666667 0.023333333333333334 0.023333333333333334
0 0.6866666666666666 0.985 0.023333333333333334 0.023333333333333334