0 0.4083333333333333 0.5466666666666666 0.03333333333333333 0.03333333333333333
0 0.29833333333333334 0.49833333333333335 0.03 0.03
0 0.3416666666666667 0.48 0.03 0.02666666666666667
0 0.3416666666666667 0.40166666666666667 0.02666666666666667 0.03333333333333333
0 0.16833333333333333 0.17833333333333334 0.02666666666666667 0.023333333333333334
0 0.3016666666666667 0.245 0.02666666666666667 0.02666666666666667
0 0.08666666666666667 0.16166666666666665 0.02666666666666667 0.02666666666666667
0 0.09 0.14166666666666666 0.03666666666666667 0.03
0 0.375 0.19833333333333333 0.03333333333333333 0.02666666666666667
0 0.365 0.215 0.03166666666666667 0.028333333333333332
0 0.24666666666666667 0.38666666666666666 0.02666666666666667 0.023333333333333334
0 0.26 0.36666666666666664 0.02666666666666667 0.03
0 0.18666666666666668 0.42 0.03 0.02
0 0.33 0.32166666666666666 0.02 0.02
0 0.43666666666666665 0.315 0.03 0.03666666666666667
0 0.4033333333333333 0.2866666666666667 0.03333333333333333 0.03
0 0.11166666666666666 0.3566666666666667 0.02666666666666667 0.023333333333333334
0 0.17166666666666666 0.64 0.03 0.02
0 0.06333333333333334 0.051666666666666666 0.02 0.02
0 0.023333333333333334 0.13333333333333333 0.023333333333333334 0.02
0 0.115 0.23333333333333334 0.02 0.02
0 0.43666666666666665 0.3616666666666667 0.023333333333333334 0.02
0 0.19833333333333333 0.44333333333333336 0.02 0.03
0 0.38166666666666665 0.5133333333333333 0.02666666666666667 0.02
0 0.35 0.31333333333333335 0.023333333333333334 0.02
0 0.30666666666666664 0.43833333333333335 0.02 0.03
0 0.385 0.31333333333333335 0.03 0.02
0 0.18333333333333332 0.6833333333333333 0.02666666666666667 0.023333333333333334
0 0.44333333333333336 0.30666666666666664 0.03 0.03
0 0.06166666666666667 0.14 0.02666666666666667 0.02666666666666667
0 0.97 0.5416666666666666 0.03 0.023333333333333334
0 0.57 0.485 0.03333333333333333 0.02
0 0.6333333333333333 0.4866666666666667 0.02666666666666667 0.023333333333333334
0 0.8133333333333334 0.11166666666666666 0.023333333333333334 0.023333333333333334
0 0.9533333333333334 0.40166666666666667 0.023333333333333334 0.023333333333333334
0 0.8566666666666667 0.37666666666666665 0.023333333333333334 0.023333333333333334
0 0.05 0.33666666666666667 0.04833333333333333 0.03833333333333333