0 0.63 0.35 0.03 0.03
0 0.6466666666666666 0.32 0.02666666666666667 0.023333333333333334
0 0.8683333333333333 0.4166666666666667 0.02666666666666667 0.02666666666666667
0 0.7016666666666667 0.45166666666666666 0.02666666666666667 0.03
0 0.8316666666666667 0.455 0.023333333333333334 0.023333333333333334
0 0.6633333333333333 0.23 0.02666666666666667 0.02666666666666667
0 0.8283333333333334 0.3466666666666667 0.02666666666666667 0.02666666666666667
0 0.755 0.11833333333333333 0.03 0.02666666666666667
0 0.7916666666666666 0.265 0.028333333333333332 0.02666666666666667
0 0.8666666666666667 0.485 0.02666666666666667 0.023333333333333334
0 0.7933333333333333 0.10833333333333334 0.02666666666666667 0.023333333333333334
0 0.845 0.4033333333333333 0.023333333333333334 0.02666666666666667
0 0.8683333333333333 0.37166666666666665 0.02 0.02
0 0.7533333333333333 0.4216666666666667 0.02 0.02
0 0.7716666666666666 0.43166666666666664 0.023333333333333334 0.02666666666666667
0 0.8633333333333333 0.3333333333333333 0.023333333333333334 0.02
0 0.7783333333333333 0.07666666666666666 0.02666666666666667 0.02666666666666667
0 0.8566666666666667 0.45166666666666666 0.023333333333333334 0.023333333333333334
0 0.75 0.18166666666666667 0.02666666666666667 0.02666666666666667
0 0.7283333333333334 0.06666666666666667 0.023333333333333334 0.023333333333333334
0 0.61 0.3016666666666667 0.03 0.03
0 0.8333333333333334 0.7516666666666667 0.02666666666666667 0.02
0 0.9016666666666666 0.77 0.023333333333333334 0.02666666666666667
0 0.8633333333333333 0.5133333333333333 0.023333333333333334 0.03
0 0.9633333333333334 0.58 0.03 0.02666666666666667
0 0.9516666666666667 0.6016666666666667 0.02666666666666667 0.03
0 0.9383333333333334 0.58 0.03 0.03
0 0.9316666666666666 0.5583333333333333 0.02666666666666667 0.023333333333333334
0 0.955 0.5566666666666666 0.023333333333333334 0.02
0 0.8983333333333333 0.5333333333333333 0.02 0.03333333333333333
0 0.9166666666666666 0.7183333333333334 0.023333333333333334 0.023333333333333334
0 0.9833333333333333 0.61 0.023333333333333334 0.023333333333333334
0 0.8516666666666667 0.65 0.02666666666666667 0.02666666666666667
0 0.7183333333333334 0.8316666666666667 0.02666666666666667 0.02666666666666667
0 0.7766666666666666 0.7966666666666666 0.023333333333333334 0.023333333333333334
0 0.435 0.38 0.03 0.03
0 0.12166666666666667 0.035 0.03 0.03
0 0.4066666666666667 0.36 0.023333333333333334 0.02666666666666667
0 0.30666666666666664 0.12666666666666668 0.03 0.02666666666666667
0 0.315 0.085 0.03 0.03
0 0.19 0.07 0.03 0.03
0 0.22666666666666666 0.28833333333333333 0.023333333333333334 0.023333333333333334
0 0.3416666666666667 0.23666666666666666 0.02666666666666667 0.02666666666666667
0 0.29 0.23 0.02666666666666667 0.02666666666666667
0 0.14 0.235 0.03 0.03
0 0.33666666666666667 0.15 0.02666666666666667 0.02666666666666667
0 0.38 0.37666666666666665 0.03 0.03
0 0.26666666666666666 0.6533333333333333 0.02666666666666667 0.02666666666666667
0 0.2733333333333333 0.6783333333333333 0.02666666666666667 0.02666666666666667
0 0.24833333333333332 0.8133333333333334 0.021666666666666667 0.02666666666666667
0 0.30333333333333334 0.8116666666666666 0.023333333333333334 0.03
0 0.35 0.8216666666666667 0.02666666666666667 0.023333333333333334
0 0.31666666666666665 0.71 0.02 0.023333333333333334
0 0.32166666666666666 0.755 0.023333333333333334 0.03
0 0.3433333333333333 0.7766666666666666 0.02 0.023333333333333334
0 0.4216666666666667 0.8716666666666667 0.025 0.025
0 0.23833333333333334 0.9516666666666667 0.02 0.02666666666666667
0 0.14666666666666667 0.8866666666666667 0.03166666666666667 0.028333333333333332
0 0.11333333333333333 0.7866666666666666 0.03 0.02666666666666667
0 0.36333333333333334 0.7316666666666667 0.03 0.03
0 0.36333333333333334 0.755 0.02666666666666667 0.03
0 0.49166666666666664 0.8516666666666667 0.02 0.03
0 0.4816666666666667 0.8416666666666667 0.02 0.02666666666666667
0 0.085 0.8616666666666667 0.02666666666666667 0.023333333333333334
0 0.27166666666666667 0.7683333333333333 0.023333333333333334 0.023333333333333334
0 0.055 0.8333333333333334 0.025 0.03333333333333333
0 0.43 0.8483333333333334 0.02666666666666667 0.023333333333333334
0 0.03 0.7866666666666666 0.03 0.028333333333333332
0 0.013333333333333334 0.7083333333333334 0.025 0.035
0 0.07166666666666667 0.43 0.02666666666666667 0.02666666666666667
0 0.45 0.12333333333333334 0.02666666666666667 0.03
0 0.835 0.27 0.02666666666666667 0.028333333333333332
0 0.58 0.8533333333333334 0.03333333333333333 0.03333333333333333
0 0.405 0.7083333333333334 0.03333333333333333 0.03
0 0.018333333333333333 0.7416666666666667 0.03 0.02666666666666667
0 0.9 0.495 0.03 0.028333333333333332