0 0.028333333333333332 0.5683333333333334 0.02 0.02666666666666667
0 0.03166666666666667 0.6866666666666666 0.02 0.023333333333333334
0 0.17833333333333334 0.6933333333333334 0.02 0.023333333333333334
0 0.20333333333333334 0.795 0.02666666666666667 0.03
0 0.21333333333333335 0.8716666666666667 0.03 0.02666666666666667
0 0.20666666666666667 0.9016666666666666 0.02666666666666667 0.02666666666666667
0 0.17833333333333334 0.8066666666666666 0.02 0.023333333333333334
0 0.021666666666666667 0.74 0.023333333333333334 0.023333333333333334
0 0.2 0.7116666666666667 0.02 0.023333333333333334
0 0.32666666666666666 0.8333333333333334 0.03 0.03
0 0.2633333333333333 0.7916666666666666 0.03 0.03
0 0.21333333333333335 0.8316666666666667 0.02 0.023333333333333334
0 0.30333333333333334 0.7516666666666667 0.02666666666666667 0.03333333333333333
0 0.3383333333333333 0.7816666666666666 0.023333333333333334 0.03
0 0.38166666666666665 0.77 0.02666666666666667 0.023333333333333334
0 0.365 0.7283333333333334 0.02 0.02666666666666667
0 0.3466666666666667 0.7016666666666667 0.02666666666666667 0.02
0 0.4216666666666667 0.7333333333333333 0.023333333333333334 0.02666666666666667
0 0.2966666666666667 0.9183333333333333 0.02666666666666667 0.02666666666666667
0 0.38666666666666666 0.96 0.02666666666666667 0.02666666666666667
0 0.33666666666666667 0.945 0.03 0.03
0 0.22666666666666666 0.9233333333333333 0.02666666666666667 0.023333333333333334
0 0.45666666666666667 0.9666666666666667 0.02666666666666667 0.02666666666666667
0 0.10833333333333334 0.16666666666666666 0.02666666666666667 0.02666666666666667
0 0.18833333333333332 0.265 0.03 0.02666666666666667
0 0.095 0.31166666666666665 0.02666666666666667 0.02
0 0.11666666666666667 0.3283333333333333 0.03 0.02666666666666667
0 0.14666666666666667 0.335 0.023333333333333334 0.02
0 0.875 0.275 0.02 0.02666666666666667
0 0.5666666666666667 0.3516666666666667 0.02666666666666667 0.03
0 0.16333333333333333 0.31166666666666665 0.02666666666666667 0.023333333333333334
0 0.22833333333333333 0.32 0.023333333333333334 0.02666666666666667
0 0.24166666666666667 0.2916666666666667 0.023333333333333334 0.016666666666666666
0 0.25833333333333336 0.25833333333333336 0.023333333333333334 0.02
0 0.25833333333333336 0.42833333333333334 0.023333333333333334 0.02666666666666667
0 0.14 0.4533333333333333 0.02666666666666667 0.02666666666666667
0 0.13666666666666666 0.2633333333333333 0.023333333333333334 0.02
0 0.31166666666666665 0.325 0.02666666666666667 0.023333333333333334
0 0.6216666666666667 0.4216666666666667 0.023333333333333334 0.023333333333333334
0 0.315 0.3 0.023333333333333334 0.023333333333333334
0 0.49166666666666664 0.41 0.02 0.02
0 0.6733333333333333 0.3566666666666667 0.03 0.023333333333333334
0 0.6333333333333333 0.45666666666666667 0.02666666666666667 0.03
0 0.3283333333333333 0.38666666666666666 0.02666666666666667 0.03
0 0.9133333333333333 0.31666666666666665 0.023333333333333334 0.023333333333333334
0 0.835 0.465 0.02666666666666667 0.02
0 0.37333333333333335 0.4666666666666667 0.023333333333333334 0.03
0 0.4066666666666667 0.33166666666666667 0.023333333333333334 0.023333333333333334
0 0.17666666666666667 0.12 0.023333333333333334 0.023333333333333334
0 0.5083333333333333 0.775 0.02666666666666667 0.023333333333333334
0 0.5283333333333333 0.7916666666666666 0.023333333333333334 0.02666666666666667
0 0.5966666666666667 0.5183333333333333 0.023333333333333334 0.03
0 0.7116666666666667 0.6266666666666667 0.03 0.02666666666666667
0 0.8233333333333334 0.555 0.02666666666666667 0.03
0 0.765 0.605 0.03666666666666667 0.02666666666666667
0 0.8183333333333334 0.61 0.03 0.025
0 0.885 0.57 0.02 0.02
0 0.9233333333333333 0.54 0.023333333333333334 0.023333333333333334
0 0.925 0.5733333333333334 0.016666666666666666 0.02
0 0.7583333333333333 0.6916666666666667 0.023333333333333334 0.02
0 0.7733333333333333 0.7716666666666666 0.02666666666666667 0.023333333333333334
0 0.7933333333333333 0.7366666666666667 0.02666666666666667 0.023333333333333334
0 0.8283333333333334 0.7233333333333334 0.02 0.02
0 0.7016666666666667 0.7583333333333333 0.02666666666666667 0.02
0 0.7333333333333333 0.7916666666666666 0.02 0.016666666666666666
0 0.685 0.7166666666666667 0.03 0.023333333333333334
0 0.7033333333333334 0.735 0.03666666666666667 0.03333333333333333
0 0.7283333333333334 0.7716666666666666 0.023333333333333334 0.02
0 0.7366666666666667 0.7283333333333334 0.023333333333333334 0.02666666666666667
0 0.6433333333333333 0.7166666666666667 0.03 0.023333333333333334
0 0.9833333333333333 0.915 0.03 0.03166666666666667
0 0.86 0.9633333333333334 0.03 0.023333333333333334
0 0.8616666666666667 0.8733333333333333 0.02 0.02
0 0.805 0.7 0.02666666666666667 0.02666666666666667
0 0.9566666666666667 0.9516666666666667 0.023333333333333334 0.023333333333333334
0 0.9466666666666667 0.9283333333333333 0.023333333333333334 0.023333333333333334
0 0.6083333333333333 0.5616666666666666 0.023333333333333334 0.023333333333333334
0 0.9833333333333333 0.9633333333333334 0.02666666666666667 0.023333333333333334
0 0.8966666666666666 0.8983333333333333 0.02 0.02
0 0.915 0.9466666666666667 0.023333333333333334 0.023333333333333334
0 0.8933333333333333 0.9383333333333334 0.023333333333333334 0.023333333333333334
0 0.5133333333333333 0.545 0.023333333333333334 0.023333333333333334
0 0.8216666666666667 0.675 0.023333333333333334 0.023333333333333334
0 0.72 0.9866666666666667 0.02666666666666667 0.023333333333333334
0 0.7533333333333333 0.7183333333333334 0.023333333333333334 0.023333333333333334
0 0.9133333333333333 0.7766666666666666 0.02666666666666667 0.023333333333333334
0 0.89 0.5283333333333333 0.023333333333333334 0.023333333333333334
0 0.6983333333333334 0.6933333333333334 0.023333333333333334 0.023333333333333334
0 0.8483333333333334 0.7033333333333334 0.02666666666666667 0.02666666666666667
0 0.9316666666666666 0.905 0.023333333333333334 0.023333333333333334
0 0.016666666666666666 0.12166666666666667 0.02666666666666667 0.02666666666666667
0 0.44166666666666665 0.5066666666666667 0.028333333333333332 0.028333333333333332
0 0.95 0.5 0.03166666666666667 0.03166666666666667