0 0.6633333333333333 0.11 0.02 0.023333333333333334
0 0.775 0.035 0.03 0.03
0 0.6266666666666667 0.145 0.023333333333333334 0.023333333333333334
0 0.9783333333333334 0.07666666666666666 0.023333333333333334 0.023333333333333334
0 0.7516666666666667 0.02666666666666667 0.023333333333333334 0.023333333333333334
0 0.9416666666666667 0.555 0.023333333333333334 0.023333333333333334
0 0.7833333333333333 0.725 0.02 0.02
0 0.11333333333333333 0.9866666666666667 0.03 0.02666666666666667
0 0.4033333333333333 0.44666666666666666 0.02666666666666667 0.023333333333333334
0 0.2683333333333333 0.275 0.03 0.03
0 0.19 0.32 0.023333333333333334 0.023333333333333334
0 0.5 0.2633333333333333 0.028333333333333332 0.03