0 0.145 0.485 0.03 0.03
0 0.08333333333333333 0.19833333333333333 0.03333333333333333 0.02666666666666667
0 0.03666666666666667 0.21666666666666667 0.023333333333333334 0.023333333333333334
0 0.10833333333333334 0.365 0.03 0.02
0 0.41833333333333333 0.35333333333333333 0.03 0.025
0 0.4083333333333333 0.3333333333333333 0.028333333333333332 0.02666666666666667
0 0.48833333333333334 0.2683333333333333 0.02666666666666667 0.023333333333333334
0 0.21666666666666667 0.415 0.02666666666666667 0.03
0 0.41 0.15666666666666668 0.023333333333333334 0.023333333333333334
0 0.175 0.3433333333333333 0.02666666666666667 0.023333333333333334
0 0.12 0.38166666666666665 0.023333333333333334 0.023333333333333334
0 0.23666666666666666 0.25833333333333336 0.02666666666666667 0.02666666666666667
0 0.03166666666666667 0.30333333333333334 0.02666666666666667 0.02666666666666667
0 0.3466666666666667 0.23666666666666666 0.02666666666666667 0.02666666666666667
0 0.44666666666666666 0.2866666666666667 0.02666666666666667 0.02666666666666667
0 0.15833333333333333 0.3333333333333333 0.023333333333333334 0.023333333333333334
0 0.27666666666666667 0.28833333333333333 0.03333333333333333 0.03
0 0.38166666666666665 0.20666666666666667 0.02 0.02666666666666667
0 0.27666666666666667 0.32166666666666666 0.02666666666666667 0.03333333333333333
0 0.94 0.27 0.02666666666666667 0.023333333333333334
0 0.9233333333333333 0.39 0.023333333333333334 0.023333333333333334
0 0.895 0.33166666666666667 0.02666666666666667 0.023333333333333334
0 0.5383333333333333 0.125 0.023333333333333334 0.023333333333333334
0 0.8933333333333333 0.44166666666666665 0.02666666666666667 0.023333333333333334
0 0.5383333333333333 0.23666666666666666 0.023333333333333334 0.023333333333333334
0 0.5483333333333333 0.295 0.028333333333333332 0.025
0 0.8983333333333333 0.26666666666666666 0.023333333333333334 0.023333333333333334
0 0.9116666666666666 0.32 0.023333333333333334 0.023333333333333334
0 0.88 0.46166666666666667 0.02666666666666667 0.02666666666666667
0 0.875 0.2866666666666667 0.023333333333333334 0.023333333333333334
0 0.9433333333333334 0.2966666666666667 0.02666666666666667 0.02666666666666667
0 0.92 0.41833333333333333 0.023333333333333334 0.023333333333333334
0 0.9733333333333334 0.21666666666666667 0.023333333333333334 0.02666666666666667
0 0.051666666666666666 0.6166666666666667 0.02666666666666667 0.028333333333333332
0 0.025 0.545 0.02666666666666667 0.02666666666666667
0 0.4116666666666667 0.645 0.02 0.023333333333333334
0 0.275 0.8033333333333333 0.023333333333333334 0.023333333333333334
0 0.30666666666666664 0.795 0.023333333333333334 0.023333333333333334
0 0.3433333333333333 0.7816666666666666 0.028333333333333332 0.03
0 0.635 0.68 0.023333333333333334 0.02666666666666667
0 0.6383333333333333 0.6266666666666667 0.023333333333333334 0.023333333333333334
0 0.5283333333333333 0.6883333333333334 0.023333333333333334 0.02666666666666667
0 0.535 0.6716666666666666 0.02 0.02
0 0.6583333333333333 0.6416666666666667 0.03 0.03
0 0.5766666666666667 0.7083333333333334 0.025 0.02666666666666667
0 0.575 0.6383333333333333 0.02666666666666667 0.023333333333333334
0 0.555 0.6683333333333333 0.023333333333333334 0.023333333333333334
0 0.5483333333333333 0.6866666666666666 0.023333333333333334 0.023333333333333334
0 0.023333333333333334 0.42 0.02666666666666667 0.023333333333333334
0 0.011666666666666667 0.4766666666666667 0.023333333333333334 0.023333333333333334
0 0.008333333333333333 0.26166666666666666 0.016666666666666666 0.02666666666666667
0 0.275 0.28833333333333333 0.03333333333333333 0.03
0 0.30333333333333334 0.235 0.03 0.03166666666666667
0 0.465 0.32166666666666666 0.03 0.03166666666666667
0 0.1 0.5016666666666667 0.025 0.02666666666666667
0 0.13666666666666666 0.5933333333333334 0.02666666666666667 0.03
0 0.5366666666666666 0.4683333333333333 0.02666666666666667 0.03
0 0.23666666666666666 0.5216666666666666 0.02 0.023333333333333334
0 0.16333333333333333 0.375 0.025 0.02666666666666667
0 0.16666666666666666 0.5516666666666666 0.023333333333333334 0.02666666666666667