0 0.735 0.7283333333333334 0.023333333333333334 0.02
0 0.715 0.7466666666666667 0.02 0.02
0 0.6066666666666667 0.8583333333333333 0.02666666666666667 0.03
0 0.8083333333333333 0.74 0.023333333333333334 0.023333333333333334
0 0.8266666666666667 0.7566666666666667 0.02666666666666667 0.023333333333333334
0 0.7183333333333334 0.9333333333333333 0.02666666666666667 0.03
0 0.7416666666666667 0.595 0.03 0.023333333333333334
0 0.8083333333333333 0.6233333333333333 0.02666666666666667 0.023333333333333334
0 0.65 0.6166666666666667 0.023333333333333334 0.02
0 0.6266666666666667 0.6933333333333334 0.02666666666666667 0.023333333333333334
0 0.635 0.8266666666666667 0.03333333333333333 0.03
0 0.81 0.89 0.02666666666666667 0.02666666666666667
0 0.5633333333333334 0.8833333333333333 0.03 0.03
0 0.8216666666666667 0.043333333333333335 0.023333333333333334 0.02666666666666667
0 0.8833333333333333 0.05333333333333334 0.02666666666666667 0.023333333333333334
0 0.7516666666666667 0.12 0.03 0.023333333333333334
0 0.69 0.37166666666666665 0.03 0.03
0 0.81 0.4266666666666667 0.02 0.02666666666666667
0 0.8283333333333334 0.36666666666666664 0.02666666666666667 0.023333333333333334
0 0.8483333333333334 0.01 0.023333333333333334 0.02
0 0.6383333333333333 0.43166666666666664 0.02666666666666667 0.02666666666666667
0 0.8666666666666667 0.095 0.023333333333333334 0.03
0 0.7816666666666666 0.14333333333333334 0.03 0.02666666666666667
0 0.9883333333333333 0.405 0.023333333333333334 0.03
0 0.9483333333333334 0.7383333333333333 0.021666666666666667 0.03
0 0.7033333333333334 0.77 0.03 0.028333333333333332
0 0.705 0.7916666666666666 0.02666666666666667 0.02666666666666667
0 0.95 0.865 0.028333333333333332 0.025