0 0.7783333333333333 0.17333333333333334 0.03 0.03
0 0.8983333333333333 0.19 0.02666666666666667 0.023333333333333334
0 0.9633333333333334 0.395 0.023333333333333334 0.023333333333333334
0 0.7883333333333333 0.14166666666666666 0.03 0.02666666666666667
0 0.9116666666666666 0.37 0.025 0.025
0 0.69 0.17 0.023333333333333334 0.021666666666666667
0 0.7366666666666667 0.7533333333333333 0.023333333333333334 0.023333333333333334
0 0.47833333333333333 0.7183333333333334 0.023333333333333334 0.02666666666666667
0 0.25833333333333336 0.7716666666666666 0.02666666666666667 0.02666666666666667
0 0.7133333333333334 0.9466666666666667 0.02 0.025
0 0.8566666666666667 0.028333333333333332 0.021666666666666667 0.025
0 0.15333333333333332 0.9116666666666666 0.028333333333333332 0.02666666666666667
0 0.043333333333333335 0.08 0.023333333333333334 0.025