0 0.6383333333333333 0.8533333333333334 0.03 0.03
0 0.6533333333333333 0.8283333333333334 0.02666666666666667 0.023333333333333334
0 0.875 0.9166666666666666 0.02666666666666667 0.02666666666666667
0 0.8016666666666666 0.7733333333333333 0.02666666666666667 0.023333333333333334
0 0.8316666666666667 0.205 0.03 0.02666666666666667
0 0.71 0.96 0.02666666666666667 0.03
0 0.8333333333333334 0.9583333333333334 0.02666666666666667 0.023333333333333334
0 0.67 0.7383333333333333 0.02666666666666667 0.02666666666666667
0 0.8366666666666667 0.8533333333333334 0.02666666666666667 0.02666666666666667
0 0.7616666666666667 0.6266666666666667 0.03 0.02666666666666667
0 0.8383333333333334 0.9616666666666667 0.023333333333333334 0.023333333333333334
0 0.8033333333333333 0.6183333333333333 0.02666666666666667 0.023333333333333334
0 0.87 0.9866666666666667 0.02666666666666667 0.023333333333333334
0 0.8516666666666667 0.91 0.023333333333333334 0.02666666666666667
0 0.8766666666666667 0.8783333333333333 0.02 0.02
0 0.755 0.9233333333333333 0.02 0.02
0 0.775 0.9333333333333333 0.023333333333333334 0.02666666666666667
0 0.8716666666666667 0.84 0.023333333333333334 0.02
0 0.785 0.5833333333333334 0.02666666666666667 0.02666666666666667
0 0.865 0.9583333333333334 0.023333333333333334 0.023333333333333334
0 0.9533333333333334 0.28 0.023333333333333334 0.023333333333333334
0 0.835 0.77 0.023333333333333334 0.023333333333333334
0 0.7583333333333333 0.6933333333333334 0.02666666666666667 0.02666666666666667
0 0.7366666666666667 0.5733333333333334 0.023333333333333334 0.023333333333333334
0 0.93 0.9783333333333334 0.03 0.03
0 0.81 0.8 0.03 0.02666666666666667
0 0.6166666666666667 0.815 0.03 0.03
0 0.81 0.8683333333333333 0.02666666666666667 0.02666666666666667
0 0.8116666666666666 0.9583333333333334 0.023333333333333334 0.023333333333333334
0 0.43833333333333335 0.8883333333333333 0.03 0.03
0 0.12666666666666668 0.535 0.03 0.03
0 0.4116666666666667 0.8633333333333333 0.023333333333333334 0.02666666666666667
0 0.31333333333333335 0.635 0.03 0.02666666666666667
0 0.3233333333333333 0.5883333333333334 0.03 0.03
0 0.20166666666666666 0.58 0.03 0.03
0 0.23166666666666666 0.7933333333333333 0.023333333333333334 0.023333333333333334
0 0.34833333333333333 0.7433333333333333 0.02666666666666667 0.02666666666666667
0 0.29833333333333334 0.7383333333333333 0.02666666666666667 0.02666666666666667
0 0.14833333333333334 0.7433333333333333 0.03 0.03
0 0.345 0.6583333333333333 0.02666666666666667 0.02666666666666667
0 0.38166666666666665 0.6283333333333333 0.023333333333333334 0.023333333333333334
0 0.5116666666666667 0.635 0.023333333333333334 0.02
0 0.041666666666666664 0.058333333333333334 0.03 0.03
0 0.2866666666666667 0.08666666666666667 0.03 0.02666666666666667
0 0.4033333333333333 0.215 0.02666666666666667 0.02666666666666667
0 0.46166666666666667 0.3983333333333333 0.03 0.02666666666666667
0 0.3016666666666667 0.13 0.023333333333333334 0.02666666666666667
0 0.255 0.15666666666666668 0.02666666666666667 0.02666666666666667
0 0.43166666666666664 0.21166666666666667 0.023333333333333334 0.02
0 0.19666666666666666 0.02666666666666667 0.03 0.02666666666666667
0 0.08 0.016666666666666666 0.028333333333333332 0.03166666666666667
0 0.3616666666666667 0.16333333333333333 0.028333333333333332 0.03333333333333333
0 0.37333333333333335 0.19333333333333333 0.03 0.02666666666666667
0 0.22166666666666668 0.10666666666666667 0.03 0.03
0 0.18833333333333332 0.505 0.03 0.03
0 0.14 0.245 0.03 0.03
0 0.19333333333333333 0.24166666666666667 0.02666666666666667 0.02666666666666667
0 0.09666666666666666 0.12 0.02666666666666667 0.023333333333333334
0 0.11833333333333333 0.13166666666666665 0.02666666666666667 0.02666666666666667
0 0.06833333333333333 0.12666666666666668 0.023333333333333334 0.023333333333333334
0 0.13166666666666665 0.36333333333333334 0.023333333333333334 0.023333333333333334
0 0.17166666666666666 0.13 0.023333333333333334 0.023333333333333334
0 0.3233333333333333 0.45166666666666666 0.023333333333333334 0.023333333333333334
0 0.095 0.3433333333333333 0.02666666666666667 0.02666666666666667
0 0.3516666666666667 0.24833333333333332 0.02666666666666667 0.03
0 0.20833333333333334 0.3466666666666667 0.03333333333333333 0.03333333333333333
0 0.03333333333333333 0.11166666666666666 0.02666666666666667 0.02666666666666667
0 0.06166666666666667 0.35333333333333333 0.03 0.03
0 0.2783333333333333 0.435 0.02666666666666667 0.02666666666666667
0 0.31166666666666665 0.25333333333333335 0.023333333333333334 0.023333333333333334
0 0.29333333333333333 0.2866666666666667 0.023333333333333334 0.023333333333333334
0 0.41833333333333333 0.23166666666666666 0.023333333333333334 0.023333333333333334
0 0.35 0.32 0.02666666666666667 0.02666666666666667
0 0.4583333333333333 0.6316666666666667 0.025 0.023333333333333334