0 0.05333333333333334 0.31833333333333336 0.02666666666666667 0.023333333333333334
0 0.4116666666666667 0.4033333333333333 0.023333333333333334 0.02
0 0.21333333333333335 0.39666666666666667 0.023333333333333334 0.023333333333333334
0 0.31166666666666665 0.37666666666666665 0.023333333333333334 0.023333333333333334
0 0.39 0.295 0.023333333333333334 0.023333333333333334
0 0.3933333333333333 0.36333333333333334 0.02666666666666667 0.02666666666666667
0 0.31166666666666665 0.3433333333333333 0.023333333333333334 0.023333333333333334
0 0.021666666666666667 0.5416666666666666 0.02666666666666667 0.02666666666666667
0 0.9216666666666666 0.041666666666666664 0.02666666666666667 0.02
0 0.8783333333333333 0.7483333333333333 0.02666666666666667 0.023333333333333334
0 0.865 0.7233333333333334 0.03 0.03
0 0.8816666666666667 0.945 0.02666666666666667 0.02666666666666667
0 0.76 0.7533333333333333 0.03 0.03
0 0.8483333333333334 0.7766666666666666 0.02666666666666667 0.02666666666666667
0 0.72 0.8216666666666667 0.025 0.025
0 0.5716666666666667 0.29333333333333333 0.03 0.028333333333333332
0 0.5316666666666666 0.25333333333333335 0.02666666666666667 0.03166666666666667
0 0.58 0.87 0.03 0.03666666666666667