0 0.07666666666666666 0.14666666666666667 0.02666666666666667 0.02666666666666667
0 0.058333333333333334 0.125 0.03 0.03
0 0.07166666666666667 0.09 0.02666666666666667 0.02
0 0.19833333333333333 0.043333333333333335 0.023333333333333334 0.02666666666666667
0 0.24166666666666667 0.06833333333333333 0.02 0.02
0 0.19333333333333333 0.32666666666666666 0.02666666666666667 0.02666666666666667
0 0.135 0.3566666666666667 0.03 0.03
0 0.18 0.3516666666666667 0.023333333333333334 0.023333333333333334
0 0.19833333333333333 0.43333333333333335 0.023333333333333334 0.02
0 0.03166666666666667 0.22 0.02666666666666667 0.02
0 0.24 0.9716666666666667 0.03 0.023333333333333334
0 0.17 0.5283333333333333 0.023333333333333334 0.02666666666666667
0 0.16833333333333333 0.55 0.023333333333333334 0.023333333333333334
0 0.08 0.7933333333333333 0.023333333333333334 0.02666666666666667
0 0.12666666666666668 0.7983333333333333 0.02666666666666667 0.023333333333333334
0 0.16833333333333333 0.7966666666666666 0.023333333333333334 0.02666666666666667
0 0.23 0.8766666666666667 0.03 0.02666666666666667
0 0.041666666666666664 0.17833333333333334 0.03 0.02666666666666667
0 0.10666666666666667 0.30666666666666664 0.02666666666666667 0.02666666666666667
0 0.05333333333333334 0.4216666666666667 0.023333333333333334 0.023333333333333334
0 0.085 0.3433333333333333 0.03 0.02666666666666667
0 0.2633333333333333 0.8683333333333333 0.02666666666666667 0.02666666666666667
0 0.23166666666666666 0.935 0.023333333333333334 0.023333333333333334
0 0.38666666666666666 0.075 0.02666666666666667 0.02666666666666667
0 0.31166666666666665 0.7883333333333333 0.02666666666666667 0.02666666666666667
0 0.13833333333333334 0.32 0.02666666666666667 0.02666666666666667
0 0.056666666666666664 0.545 0.03 0.03
0 0.09 0.445 0.023333333333333334 0.023333333333333334
0 0.2783333333333333 0.2633333333333333 0.02666666666666667 0.02666666666666667
0 0.15333333333333332 0.48833333333333334 0.023333333333333334 0.023333333333333334
0 0.25833333333333336 0.9516666666666667 0.023333333333333334 0.023333333333333334
0 0.08 0.20333333333333334 0.02666666666666667 0.02666666666666667
0 0.20666666666666667 0.3616666666666667 0.02666666666666667 0.023333333333333334
0 0.22666666666666666 0.36333333333333334 0.02666666666666667 0.02666666666666667
0 0.8066666666666666 0.015 0.02 0.023333333333333334
0 0.805 0.06833333333333333 0.02666666666666667 0.02666666666666667
0 0.8133333333333334 0.98 0.02666666666666667 0.03
0 0.64 0.9616666666666667 0.03666666666666667 0.02666666666666667
0 0.97 0.20833333333333334 0.03 0.02666666666666667
0 0.9283333333333333 0.15 0.023333333333333334 0.023333333333333334
0 0.945 0.041666666666666664 0.03 0.03
0 0.8383333333333334 0.08 0.023333333333333334 0.023333333333333334
0 0.9516666666666667 0.17333333333333334 0.02666666666666667 0.02666666666666667
0 0.8566666666666667 0.20333333333333334 0.023333333333333334 0.023333333333333334
0 0.7916666666666666 0.008333333333333333 0.023333333333333334 0.016666666666666666
0 0.013333333333333334 0.15333333333333332 0.02666666666666667 0.023333333333333334
0 0.011666666666666667 0.06833333333333333 0.023333333333333334 0.023333333333333334
0 0.013333333333333334 0.25666666666666665 0.02666666666666667 0.02666666666666667
0 0.13666666666666666 0.24 0.03 0.03