0 0.12666666666666668 0.043333333333333335 0.03 0.03
0 0.056666666666666664 0.18833333333333332 0.02666666666666667 0.03
0 0.20166666666666666 0.615 0.03 0.03
0 0.26166666666666666 0.575 0.03 0.03
0 0.3333333333333333 0.7116666666666667 0.02666666666666667 0.03
0 0.07333333333333333 0.725 0.03 0.03333333333333333
0 0.07666666666666666 0.8216666666666667 0.023333333333333334 0.03
0 0.5033333333333333 0.63 0.03 0.03
0 0.47333333333333333 0.6533333333333333 0.03333333333333333 0.03
0 0.36833333333333335 0.68 0.023333333333333334 0.03
0 0.2733333333333333 0.7266666666666667 0.023333333333333334 0.028333333333333332
0 0.48333333333333334 0.5483333333333333 0.02666666666666667 0.02666666666666667
0 0.3466666666666667 0.6316666666666667 0.023333333333333334 0.023333333333333334
0 0.9216666666666666 0.3283333333333333 0.02 0.02666666666666667
0 0.8816666666666667 0.31166666666666665 0.03 0.03
0 0.8033333333333333 0.295 0.03 0.03
0 0.8333333333333334 0.29833333333333334 0.03 0.03
0 0.8833333333333333 0.31166666666666665 0.03 0.03
0 0.07833333333333334 0.8716666666666667 0.03 0.02666666666666667
0 0.37666666666666665 0.6466666666666666 0.03 0.03
0 0.17666666666666667 0.7583333333333333 0.023333333333333334 0.023333333333333334
0 0.45166666666666666 0.6366666666666667 0.03 0.03
0 0.19166666666666668 0.695 0.023333333333333334 0.023333333333333334
0 0.29333333333333333 0.9583333333333334 0.03 0.03
0 0.04666666666666667 0.03 0.03 0.03
0 0.42833333333333334 0.6883333333333334 0.02666666666666667 0.02666666666666667
0 0.11 0.27166666666666667 0.02666666666666667 0.02666666666666667
0 0.38666666666666666 0.965 0.02666666666666667 0.023333333333333334
0 0.2966666666666667 0.7316666666666667 0.023333333333333334 0.023333333333333334
0 0.09833333333333333 0.10666666666666667 0.03 0.02666666666666667
0 0.09166666666666666 0.38666666666666666 0.03 0.02666666666666667
0 0.13833333333333334 0.7766666666666666 0.03 0.028333333333333332
0 0.25833333333333336 0.7116666666666667 0.023333333333333334 0.023333333333333334