0 0.4166666666666667 0.5633333333333334 0.02666666666666667 0.023333333333333334
0 0.4683333333333333 0.6166666666666667 0.02666666666666667 0.03
0 0.46166666666666667 0.6766666666666666 0.02 0.02
0 0.5233333333333333 0.6616666666666666 0.023333333333333334 0.023333333333333334
0 0.5166666666666667 0.615 0.02 0.02
0 0.485 0.52 0.02666666666666667 0.02
0 0.41 0.355 0.02 0.023333333333333334
0 0.39666666666666667 0.33666666666666667 0.02 0.02
0 0.2783333333333333 0.31166666666666665 0.02666666666666667 0.023333333333333334
0 0.54 0.56 0.023333333333333334 0.02
0 0.39666666666666667 0.5116666666666667 0.023333333333333334 0.023333333333333334
0 0.45666666666666667 0.575 0.02666666666666667 0.023333333333333334
0 0.5766666666666667 0.20666666666666667 0.023333333333333334 0.023333333333333334
0 0.7733333333333333 0.845 0.03 0.03
0 0.7983333333333333 0.6633333333333333 0.023333333333333334 0.023333333333333334
0 0.49166666666666664 0.6466666666666666 0.023333333333333334 0.023333333333333334
0 0.5916666666666667 0.19833333333333333 0.023333333333333334 0.023333333333333334
0 0.46 0.4866666666666667 0.035 0.02666666666666667