0 0.8 0.015 0.03166666666666667 0.025
0 0.145 0.8933333333333333 0.03 0.02666666666666667
0 0.04666666666666667 0.9366666666666666 0.03 0.023333333333333334
0 0.08333333333333333 0.8783333333333333 0.03 0.03
0 0.39166666666666666 0.7583333333333333 0.02666666666666667 0.02666666666666667
0 0.31 0.9183333333333333 0.03 0.03333333333333333
0 0.3883333333333333 0.9066666666666666 0.02666666666666667 0.02666666666666667
0 0.09666666666666666 0.6716666666666666 0.02666666666666667 0.02666666666666667
0 0.15833333333333333 0.625 0.03 0.02666666666666667
0 0.18166666666666667 0.5766666666666667 0.02666666666666667 0.03
0 0.13666666666666666 0.5066666666666667 0.03 0.02666666666666667
0 0.4066666666666667 0.5966666666666667 0.03 0.023333333333333334
0 0.4116666666666667 0.7766666666666666 0.03 0.02666666666666667
0 0.11833333333333333 0.8583333333333333 0.03 0.03
0 0.475 0.7383333333333333 0.02 0.02
0 0.20166666666666666 0.5433333333333333 0.02 0.02
0 0.07333333333333333 0.30666666666666664 0.03 0.02666666666666667
0 0.345 0.7883333333333333 0.02 0.02
0 0.49333333333333335 0.91 0.03 0.023333333333333334
0 0.14666666666666667 0.5933333333333334 0.02666666666666667 0.03
0 0.5083333333333333 0.9533333333333334 0.02 0.023333333333333334
0 0.45166666666666666 0.815 0.02 0.03
0 0.505 0.735 0.023333333333333334 0.023333333333333334
0 0.19166666666666668 0.7266666666666667 0.02666666666666667 0.03
0 0.87 0.7016666666666667 0.02 0.02666666666666667
0 0.7916666666666666 0.735 0.023333333333333334 0.02
0 0.6333333333333333 0.7366666666666667 0.02666666666666667 0.02666666666666667
0 0.011666666666666667 0.9333333333333333 0.023333333333333334 0.02666666666666667
0 0.15 0.855 0.025 0.025
0 0.39666666666666667 0.6333333333333333 0.025 0.03
0 0.9683333333333334 0.7533333333333333 0.023333333333333334 0.023333333333333334
0 0.03166666666666667 0.905 0.023333333333333334 0.025
0 0.11833333333333333 0.8816666666666667 0.03 0.023333333333333334
0 0.5316666666666666 0.9516666666666667 0.025 0.025