0 0.7566666666666667 0.03333333333333333 0.03 0.023333333333333334
0 0.9583333333333334 0.07333333333333333 0.023333333333333334 0.023333333333333334
0 0.9433333333333334 0.23666666666666666 0.023333333333333334 0.03
0 0.405 0.35333333333333333 0.03 0.02666666666666667
0 0.35833333333333334 0.28 0.03333333333333333 0.02666666666666667
0 0.2916666666666667 0.21 0.02 0.02666666666666667
0 0.17166666666666666 0.2966666666666667 0.03 0.03
0 0.43 0.29833333333333334 0.02 0.02666666666666667
0 0.3233333333333333 0.19666666666666666 0.02 0.023333333333333334
0 0.34833333333333333 0.235 0.023333333333333334 0.025
0 0.2833333333333333 0.15666666666666668 0.023333333333333334 0.02666666666666667
0 0.6083333333333333 0.15833333333333333 0.03333333333333333 0.023333333333333334
0 0.7133333333333334 0.21833333333333332 0.02666666666666667 0.03
0 0.6866666666666666 0.21666666666666667 0.02666666666666667 0.03
0 0.36666666666666664 0.3416666666666667 0.02 0.02666666666666667
0 0.38333333333333336 0.315 0.02666666666666667 0.02666666666666667
0 0.20833333333333334 0.16833333333333333 0.02666666666666667 0.02666666666666667
0 0.9766666666666667 0.31166666666666665 0.02 0.03333333333333333
0 0.8416666666666667 0.11333333333333333 0.03 0.03
0 0.5866666666666667 0.03666666666666667 0.03 0.023333333333333334
0 0.2816666666666667 0.2633333333333333 0.035 0.02666666666666667
0 0.4483333333333333 0.295 0.016666666666666666 0.02
0 0.4683333333333333 0.29333333333333333 0.023333333333333334 0.02
0 0.7416666666666667 0.29333333333333333 0.02 0.02
0 0.33 0.33666666666666667 0.03 0.023333333333333334
0 0.6683333333333333 0.26 0.03 0.023333333333333334
0 0.2916666666666667 0.47333333333333333 0.02666666666666667 0.023333333333333334
0 0.15333333333333332 0.3616666666666667 0.02 0.02
0 0.6433333333333333 0.15 0.02 0.02
0 0.6416666666666667 0.02666666666666667 0.02 0.02
0 0.2633333333333333 0.18833333333333332 0.02 0.02
0 0.33166666666666667 0.145 0.02 0.02666666666666667
0 0.165 0.12833333333333333 0.03166666666666667 0.03
0 0.9833333333333333 0.028333333333333332 0.02 0.02
0 0.9816666666666667 0.36 0.023333333333333334 0.02
0 0.32666666666666666 0.17333333333333334 0.023333333333333334 0.02
0 0.4583333333333333 0.9533333333333334 0.03 0.03
0 0.33 0.885 0.025 0.02666666666666667
0 0.495 0.6466666666666666 0.02666666666666667 0.03
0 0.5216666666666666 0.6616666666666666 0.02 0.03
0 0.55 0.6983333333333334 0.02 0.02
0 0.5633333333333334 0.685 0.02 0.03
0 0.445 0.6316666666666667 0.023333333333333334 0.02666666666666667
0 0.4266666666666667 0.5733333333333334 0.02 0.03333333333333333
0 0.455 0.55 0.02666666666666667 0.03
0 0.4116666666666667 0.58 0.02 0.023333333333333334
0 0.43666666666666665 0.9016666666666666 0.023333333333333334 0.02666666666666667
0 0.4866666666666667 0.9366666666666666 0.02666666666666667 0.02666666666666667
0 0.49 0.71 0.02666666666666667 0.023333333333333334
0 0.4666666666666667 0.6283333333333333 0.02 0.02
0 0.4666666666666667 0.7183333333333334 0.02666666666666667 0.023333333333333334
0 0.43666666666666665 0.7666666666666667 0.02 0.023333333333333334
0 0.4633333333333333 0.6833333333333333 0.03 0.02
0 0.5333333333333333 0.7683333333333333 0.02 0.02
0 0.4633333333333333 0.7566666666666667 0.03 0.03
0 0.3616666666666667 0.9033333333333333 0.02666666666666667 0.02666666666666667
0 0.37166666666666665 0.7016666666666667 0.02666666666666667 0.023333333333333334
0 0.35333333333333333 0.5833333333333334 0.02 0.023333333333333334
0 0.485 0.5866666666666667 0.023333333333333334 0.02666666666666667
0 0.47833333333333333 0.5416666666666666 0.02666666666666667 0.02666666666666667
0 0.3516666666666667 0.5266666666666666 0.02666666666666667 0.03
0 0.38666666666666666 0.9166666666666666 0.02 0.023333333333333334
0 0.4116666666666667 0.9183333333333333 0.02 0.02
0 0.25333333333333335 0.8116666666666666 0.023333333333333334 0.02
0 0.4716666666666667 0.67 0.02 0.023333333333333334
0 0.5066666666666667 0.53 0.02 0.02
0 0.4866666666666667 0.7333333333333333 0.023333333333333334 0.023333333333333334
0 0.38 0.9766666666666667 0.03 0.03666666666666667
0 0.9 0.41833333333333333 0.03166666666666667 0.03333333333333333
0 0.43333333333333335 0.4533333333333333 0.025 0.02666666666666667
0 0.88 0.36666666666666664 0.028333333333333332 0.028333333333333332
0 0.25666666666666665 0.3416666666666667 0.03 0.03166666666666667
0 0.53 0.74 0.035 0.03