0 0.45666666666666667 0.55 0.02666666666666667 0.023333333333333334
0 0.43666666666666665 0.5366666666666666 0.023333333333333334 0.02666666666666667
0 0.485 0.5333333333333333 0.02666666666666667 0.02
0 0.6266666666666667 0.38666666666666666 0.03 0.03
0 0.58 0.30833333333333335 0.028333333333333332 0.03666666666666667
0 0.6866666666666666 0.028333333333333332 0.03166666666666667 0.028333333333333332
0 0.03 0.04833333333333333 0.03 0.023333333333333334
0 0.17833333333333334 0.04833333333333333 0.02 0.02
0 0.03666666666666667 0.125 0.03 0.03
0 0.5083333333333333 0.49666666666666665 0.02666666666666667 0.02
0 0.66 0.36333333333333334 0.03 0.03
0 0.7633333333333333 0.9133333333333333 0.02666666666666667 0.023333333333333334
0 0.8416666666666667 0.15166666666666667 0.025 0.028333333333333332
0 0.145 0.08833333333333333 0.023333333333333334 0.03