0 0.09833333333333333 0.12666666666666668 0.02 0.02666666666666667
0 0.43166666666666664 0.06833333333333333 0.02666666666666667 0.023333333333333334
0 0.38333333333333336 0.12666666666666668 0.03 0.03
0 0.06166666666666667 0.2833333333333333 0.023333333333333334 0.03
0 0.09166666666666666 0.2783333333333333 0.02 0.02666666666666667
0 0.11666666666666667 0.5416666666666666 0.03 0.02666666666666667
0 0.18666666666666668 0.4866666666666667 0.02666666666666667 0.03
0 0.11333333333333333 0.37 0.03 0.03
0 0.08166666666666667 0.06666666666666667 0.02666666666666667 0.02666666666666667
0 0.15333333333333332 0.3433333333333333 0.02666666666666667 0.02666666666666667
0 0.1 0.09333333333333334 0.02666666666666667 0.023333333333333334
0 0.15166666666666667 0.43666666666666665 0.03 0.03
0 0.34833333333333333 0.06833333333333333 0.03166666666666667 0.025
0 0.028333333333333332 0.315 0.021666666666666667 0.025