0 0.9166666666666666 0.54 0.03333333333333333 0.03333333333333333
0 0.8066666666666666 0.49166666666666664 0.03 0.03
0 0.8483333333333334 0.4716666666666667 0.03 0.02666666666666667
0 0.8483333333333334 0.395 0.02666666666666667 0.03333333333333333
0 0.675 0.17 0.02666666666666667 0.023333333333333334
0 0.81 0.23833333333333334 0.02666666666666667 0.02666666666666667
0 0.04833333333333333 0.32666666666666666 0.03 0.03
0 0.595 0.15333333333333332 0.02666666666666667 0.02666666666666667
0 0.5966666666666667 0.13333333333333333 0.03666666666666667 0.03
0 0.8833333333333333 0.19166666666666668 0.03333333333333333 0.02666666666666667
0 0.87 0.20666666666666667 0.02666666666666667 0.023333333333333334
0 0.7083333333333334 0.3883333333333333 0.02 0.023333333333333334
0 0.7533333333333333 0.38 0.02666666666666667 0.023333333333333334
0 0.7683333333333333 0.35833333333333334 0.02666666666666667 0.03
0 0.6933333333333334 0.4116666666666667 0.03 0.02
0 0.8366666666666667 0.31333333333333335 0.02 0.02
0 0.945 0.30666666666666664 0.03 0.03666666666666667
0 0.9116666666666666 0.28 0.03333333333333333 0.03
0 0.6783333333333333 0.6316666666666667 0.03 0.02
0 0.5316666666666666 0.12666666666666668 0.023333333333333334 0.02
0 0.6233333333333333 0.225 0.02 0.02
0 0.945 0.35333333333333333 0.023333333333333334 0.02
0 0.058333333333333334 0.6466666666666666 0.02 0.02666666666666667
0 0.12333333333333334 0.8783333333333333 0.02666666666666667 0.03
0 0.7066666666666667 0.435 0.02 0.03
0 0.89 0.5066666666666667 0.02666666666666667 0.02
0 0.8583333333333333 0.30666666666666664 0.023333333333333334 0.02
0 0.2916666666666667 0.22666666666666666 0.02666666666666667 0.03
0 0.17833333333333334 0.5866666666666667 0.03 0.03
0 0.8133333333333334 0.43166666666666664 0.02 0.03
0 0.11166666666666666 0.905 0.03 0.03
0 0.45 0.05333333333333334 0.028333333333333332 0.03166666666666667
0 0.8933333333333333 0.305 0.03 0.02
0 0.125 0.9266666666666666 0.03 0.03
0 0.33166666666666667 0.8916666666666667 0.02666666666666667 0.02666666666666667
0 0.6916666666666667 0.675 0.02666666666666667 0.023333333333333334
0 0.25833333333333336 0.8666666666666667 0.02666666666666667 0.02666666666666667
0 0.28 0.8366666666666667 0.023333333333333334 0.023333333333333334
0 0.11833333333333333 0.7033333333333334 0.023333333333333334 0.023333333333333334
0 0.9516666666666667 0.29833333333333334 0.03 0.03
0 0.5683333333333334 0.13166666666666665 0.02666666666666667 0.02666666666666667
0 0.63 0.605 0.03 0.035
0 0.555 0.2633333333333333 0.03 0.028333333333333332