0 0.5716666666666667 0.905 0.02666666666666667 0.02
0 0.5566666666666666 0.6966666666666667 0.03 0.023333333333333334
0 0.585 0.9866666666666667 0.02666666666666667 0.02666666666666667
0 0.6383333333333333 0.9816666666666667 0.03 0.03
0 0.6666666666666666 0.9883333333333333 0.03 0.023333333333333334
0 0.9833333333333333 0.4766666666666667 0.03 0.02666666666666667
0 0.5416666666666666 0.7183333333333334 0.02666666666666667 0.02666666666666667
0 0.9866666666666667 0.49333333333333335 0.02 0.02
0 0.9483333333333334 0.6583333333333333 0.023333333333333334 0.02666666666666667
0 0.9716666666666667 0.65 0.02666666666666667 0.02
0 0.445 0.8133333333333334 0.02666666666666667 0.023333333333333334
0 0.4483333333333333 0.7433333333333333 0.03 0.02666666666666667
0 0.18 0.665 0.028333333333333332 0.02666666666666667
0 0.43833333333333335 0.6566666666666666 0.03 0.023333333333333334
0 0.33166666666666667 0.5966666666666667 0.02 0.02
0 0.23833333333333334 0.9133333333333333 0.03 0.03
0 0.2833333333333333 0.935 0.02666666666666667 0.02
0 0.205 0.9016666666666666 0.02 0.02
0 0.17 0.8266666666666667 0.023333333333333334 0.025
0 0.155 0.7866666666666666 0.02666666666666667 0.02666666666666667
0 0.41833333333333333 0.6266666666666667 0.023333333333333334 0.02
0 0.3983333333333333 0.6466666666666666 0.023333333333333334 0.02
0 0.2683333333333333 0.9783333333333334 0.02 0.02
0 0.3016666666666667 0.6083333333333333 0.023333333333333334 0.023333333333333334
0 0.23166666666666666 0.8916666666666667 0.02 0.023333333333333334
0 0.5366666666666666 0.7466666666666667 0.025 0.023333333333333334
0 0.043333333333333335 0.38 0.02666666666666667 0.02666666666666667
0 0.20833333333333334 0.6216666666666667 0.025 0.028333333333333332