0 0.7233333333333334 0.6166666666666667 0.03 0.03
0 0.68 0.5866666666666667 0.023333333333333334 0.02666666666666667
0 0.6833333333333333 0.6633333333333333 0.02666666666666667 0.02666666666666667
0 0.08666666666666667 0.255 0.028333333333333332 0.02666666666666667
0 0.15 0.21666666666666667 0.02666666666666667 0.03
0 0.195 0.17166666666666666 0.02666666666666667 0.02666666666666667
0 0.07666666666666666 0.13333333333333333 0.02 0.02666666666666667
0 0.11333333333333333 0.22833333333333333 0.02666666666666667 0.023333333333333334
0 0.40166666666666667 0.3566666666666667 0.023333333333333334 0.023333333333333334
0 0.24833333333333332 0.36333333333333334 0.02666666666666667 0.023333333333333334
0 0.6633333333333333 0.5183333333333333 0.02666666666666667 0.025