0 0.16833333333333333 0.73 0.03 0.023333333333333334
0 0.04666666666666667 0.09166666666666666 0.03 0.03333333333333333
0 0.2733333333333333 0.056666666666666664 0.023333333333333334 0.023333333333333334
0 0.37666666666666665 0.255 0.03 0.03333333333333333
0 0.34 0.3283333333333333 0.02666666666666667 0.03666666666666667
0 0.3233333333333333 0.02666666666666667 0.02 0.02
0 0.3516666666666667 0.15166666666666667 0.03 0.03
0 0.95 0.16666666666666666 0.028333333333333332 0.03
0 0.72 0.30666666666666664 0.02666666666666667 0.03
0 0.6833333333333333 0.22166666666666668 0.023333333333333334 0.02666666666666667
0 0.7483333333333333 0.155 0.023333333333333334 0.03
0 0.6066666666666667 0.14666666666666667 0.03 0.03
0 0.93 0.24166666666666667 0.02 0.023333333333333334
0 0.6816666666666666 0.07833333333333334 0.028333333333333332 0.03666666666666667
0 0.7266666666666667 0.095 0.023333333333333334 0.02666666666666667
0 0.7383333333333333 0.065 0.03 0.02666666666666667
0 0.8933333333333333 0.06166666666666667 0.02 0.03
0 0.8766666666666667 0.06666666666666667 0.02 0.02666666666666667
0 0.6183333333333333 0.18166666666666667 0.03 0.02666666666666667
0 0.9816666666666667 0.165 0.023333333333333334 0.02
0 0.5833333333333334 0.16833333333333333 0.02666666666666667 0.023333333333333334
0 0.9683333333333334 0.3233333333333333 0.02 0.02