0 0.4866666666666667 0.9133333333333333 0.03333333333333333 0.03333333333333333
0 0.31 0.9666666666666667 0.02666666666666667 0.02666666666666667
0 0.3233333333333333 0.5366666666666666 0.023333333333333334 0.023333333333333334
0 0.26 0.7233333333333334 0.023333333333333334 0.02
0 0.14166666666666666 0.018333333333333333 0.023333333333333334 0.02666666666666667
0 0.17166666666666666 0.021666666666666667 0.02666666666666667 0.02
0 0.56 0.9183333333333333 0.03666666666666667 0.04
0 0.5433333333333333 0.985 0.03333333333333333 0.03
0 0.5933333333333334 0.9766666666666667 0.02666666666666667 0.02
0 0.8833333333333333 0.6016666666666667 0.023333333333333334 0.023333333333333334
0 0.825 0.5866666666666667 0.02666666666666667 0.02666666666666667
0 0.8166666666666667 0.6433333333333333 0.023333333333333334 0.023333333333333334
0 0.6016666666666667 0.95 0.023333333333333334 0.023333333333333334
0 0.605 0.985 0.02 0.02666666666666667
0 0.9483333333333334 0.275 0.03166666666666667 0.03333333333333333
0 0.07 0.755 0.028333333333333332 0.02666666666666667