0 0.175 0.43 0.023333333333333334 0.02
0 0.1 0.4266666666666667 0.02666666666666667 0.03
0 0.14666666666666667 0.45 0.03 0.02666666666666667
0 0.07333333333333333 0.34833333333333333 0.02 0.023333333333333334
0 0.105 0.355 0.03333333333333333 0.03
0 0.16666666666666666 0.41333333333333333 0.02 0.023333333333333334
0 0.08333333333333333 0.4716666666666667 0.023333333333333334 0.023333333333333334
0 0.04666666666666667 0.45666666666666667 0.02 0.02
0 0.01 0.35 0.02 0.023333333333333334
0 0.245 0.5133333333333333 0.02666666666666667 0.02
0 0.07166666666666667 0.615 0.023333333333333334 0.025
0 0.205 0.48833333333333334 0.03 0.03333333333333333
0 0.12333333333333334 0.4083333333333333 0.025 0.02
0 0.16 0.39166666666666666 0.025 0.023333333333333334