0 0.8333333333333334 0.6083333333333333 0.03 0.03333333333333333
0 0.905 0.6233333333333333 0.02666666666666667 0.023333333333333334
0 0.8233333333333334 0.645 0.023333333333333334 0.03
0 0.835 0.7133333333333334 0.023333333333333334 0.023333333333333334
0 0.9433333333333334 0.37833333333333335 0.023333333333333334 0.02666666666666667
0 0.97 0.35833333333333334 0.03 0.02666666666666667
0 0.8916666666666667 0.08166666666666667 0.02 0.02666666666666667
0 0.8483333333333334 0.3516666666666667 0.03 0.023333333333333334
0 0.96 0.2733333333333333 0.02666666666666667 0.023333333333333334
0 0.06666666666666667 0.26666666666666666 0.023333333333333334 0.023333333333333334
0 0.8316666666666667 0.245 0.02666666666666667 0.023333333333333334
0 0.9566666666666667 0.4116666666666667 0.023333333333333334 0.02
0 0.8033333333333333 0.3933333333333333 0.023333333333333334 0.02666666666666667
0 0.815 0.37166666666666665 0.02 0.03
0 0.785 0.36333333333333334 0.03 0.03
0 0.845 0.2866666666666667 0.02 0.02666666666666667
0 0.8983333333333333 0.295 0.023333333333333334 0.02666666666666667
0 0.885 0.27166666666666667 0.02 0.023333333333333334
0 0.041666666666666664 0.29833333333333334 0.02666666666666667 0.023333333333333334
0 0.15666666666666668 0.20333333333333334 0.02666666666666667 0.02666666666666667
0 0.08333333333333333 0.6583333333333333 0.03 0.03
0 0.9266666666666666 0.45166666666666666 0.023333333333333334 0.023333333333333334
0 0.6983333333333334 0.3383333333333333 0.023333333333333334 0.023333333333333334
0 0.9383333333333334 0.24333333333333335 0.03 0.03
0 0.91 0.19 0.02666666666666667 0.02666666666666667
0 0.08333333333333333 0.38166666666666665 0.02666666666666667 0.02666666666666667
0 0.17333333333333334 0.7083333333333334 0.023333333333333334 0.023333333333333334