0 0.4533333333333333 0.29333333333333333 0.025 0.02666666666666667
0 0.36666666666666664 0.24333333333333335 0.03 0.02
0 0.34833333333333333 0.23333333333333334 0.02666666666666667 0.023333333333333334
0 0.4716666666666667 0.17833333333333334 0.02 0.03
0 0.45666666666666667 0.18666666666666668 0.02 0.02
0 0.14333333333333334 0.8533333333333334 0.02666666666666667 0.03
0 0.6633333333333333 0.8883333333333333 0.03 0.02666666666666667
0 0.9566666666666667 0.6533333333333333 0.02 0.023333333333333334
0 0.9166666666666666 0.8316666666666667 0.02 0.02
0 0.65 0.615 0.03 0.023333333333333334
0 0.915 0.6766666666666666 0.02 0.02666666666666667
0 0.92 0.6533333333333333 0.02666666666666667 0.02666666666666667