0 0.4033333333333333 0.5033333333333333 0.03333333333333333 0.023333333333333334
0 0.33666666666666667 0.5666666666666667 0.023333333333333334 0.023333333333333334
0 0.3466666666666667 0.6316666666666667 0.02666666666666667 0.02666666666666667
0 0.33666666666666667 0.7816666666666666 0.02666666666666667 0.025
0 0.3016666666666667 0.7316666666666667 0.03 0.03
0 0.2966666666666667 0.7933333333333333 0.02666666666666667 0.02666666666666667
0 0.38333333333333336 0.95 0.03 0.02666666666666667
0 0.305 0.69 0.02666666666666667 0.02666666666666667
0 0.3016666666666667 0.7683333333333333 0.023333333333333334 0.023333333333333334
0 0.15 0.7383333333333333 0.02666666666666667 0.02666666666666667
0 0.9083333333333333 0.6616666666666666 0.04 0.03333333333333333
0 0.5566666666666666 0.7833333333333333 0.03 0.03
0 0.9166666666666666 0.5716666666666667 0.023333333333333334 0.023333333333333334
0 0.7233333333333334 0.9066666666666666 0.03 0.03
0 0.9383333333333334 0.9183333333333333 0.023333333333333334 0.02666666666666667
0 0.8383333333333334 0.9033333333333333 0.023333333333333334 0.023333333333333334
0 0.5483333333333333 0.445 0.03333333333333333 0.03
0 0.5766666666666667 0.475 0.03 0.02666666666666667
0 0.16 0.8983333333333333 0.028333333333333332 0.03