0 0.045 0.14833333333333334 0.02 0.02666666666666667
0 0.09666666666666666 0.09333333333333334 0.023333333333333334 0.02
0 0.27166666666666667 0.08333333333333333 0.03 0.023333333333333334
0 0.265 0.2816666666666667 0.02666666666666667 0.023333333333333334
0 0.22666666666666666 0.265 0.023333333333333334 0.02666666666666667
0 0.43833333333333335 0.15833333333333333 0.023333333333333334 0.02666666666666667
0 0.32166666666666666 0.22833333333333333 0.02666666666666667 0.02
0 0.36333333333333334 0.145 0.023333333333333334 0.023333333333333334
0 0.38666666666666666 0.08666666666666667 0.03 0.03
0 0.27166666666666667 0.20833333333333334 0.02666666666666667 0.02666666666666667
0 0.2916666666666667 0.3466666666666667 0.03333333333333333 0.03333333333333333
0 0.425 0.13666666666666666 0.02666666666666667 0.02666666666666667
0 0.13333333333333333 0.09333333333333334 0.02666666666666667 0.023333333333333334
0 0.4216666666666667 0.06833333333333333 0.02666666666666667 0.02666666666666667
0 0.31666666666666665 0.8566666666666667 0.02666666666666667 0.02666666666666667
0 0.051666666666666666 0.016666666666666666 0.03 0.02666666666666667
0 0.45666666666666667 0.48 0.03 0.03
0 0.22666666666666666 0.22666666666666666 0.02666666666666667 0.02666666666666667
0 0.43333333333333335 0.5033333333333333 0.02666666666666667 0.023333333333333334
0 0.34 0.11333333333333333 0.023333333333333334 0.023333333333333334
0 0.11833333333333333 0.015 0.03 0.03
0 0.46166666666666667 0.9433333333333334 0.02666666666666667 0.02666666666666667
0 0.34 0.06666666666666667 0.02666666666666667 0.02666666666666667
0 0.4666666666666667 0.45 0.03 0.023333333333333334
0 0.075 0.041666666666666664 0.023333333333333334 0.02666666666666667
0 0.215 0.06666666666666667 0.02666666666666667 0.02666666666666667
0 0.10166666666666667 0.11333333333333333 0.023333333333333334 0.02
0 0.31666666666666665 0.05333333333333334 0.023333333333333334 0.02666666666666667
0 0.6183333333333333 0.545 0.03 0.02666666666666667
0 0.7616666666666667 0.4066666666666667 0.023333333333333334 0.023333333333333334
0 0.7916666666666666 0.33666666666666667 0.02666666666666667 0.023333333333333334
0 0.7433333333333333 0.6466666666666666 0.02666666666666667 0.02666666666666667
0 0.8066666666666666 0.695 0.023333333333333334 0.02666666666666667
0 0.9033333333333333 0.81 0.02666666666666667 0.02666666666666667
0 0.8983333333333333 0.85 0.02666666666666667 0.023333333333333334
0 0.9333333333333333 0.825 0.023333333333333334 0.023333333333333334
0 0.845 0.8083333333333333 0.02 0.02
0 0.8866666666666667 0.6766666666666666 0.02666666666666667 0.023333333333333334
0 0.805 0.42 0.023333333333333334 0.02
0 0.8733333333333333 0.8283333333333334 0.03 0.02
0 0.9333333333333333 0.8583333333333333 0.02 0.023333333333333334
0 0.7533333333333333 0.54 0.023333333333333334 0.023333333333333334
0 0.66 0.9233333333333333 0.023333333333333334 0.023333333333333334
0 0.5433333333333333 0.6583333333333333 0.023333333333333334 0.023333333333333334
0 0.5516666666666666 0.5416666666666666 0.02666666666666667 0.02666666666666667
0 0.8516666666666667 0.7566666666666667 0.02666666666666667 0.023333333333333334
0 0.585 0.6816666666666666 0.02666666666666667 0.02666666666666667
0 0.5833333333333334 0.23166666666666666 0.023333333333333334 0.02
0 0.9133333333333333 0.8766666666666667 0.023333333333333334 0.023333333333333334
0 0.7333333333333333 0.5666666666666667 0.023333333333333334 0.023333333333333334
0 0.575 0.5633333333333334 0.02 0.02
0 0.6233333333333333 0.5916666666666667 0.02666666666666667 0.02666666666666667
0 0.8083333333333333 0.655 0.02666666666666667 0.02666666666666667
0 0.7383333333333333 0.5216666666666666 0.023333333333333334 0.02666666666666667
0 0.6966666666666667 0.5633333333333334 0.02666666666666667 0.02666666666666667
0 0.8466666666666667 0.8566666666666667 0.023333333333333334 0.02
0 0.5633333333333334 0.735 0.023333333333333334 0.023333333333333334
0 0.6466666666666666 0.87 0.02666666666666667 0.03
0 0.6033333333333334 0.87 0.023333333333333334 0.02666666666666667
0 0.62 0.8616666666666667 0.02 0.03
0 0.5583333333333333 0.6183333333333333 0.023333333333333334 0.02666666666666667
0 0.6666666666666666 0.5116666666666667 0.02 0.023333333333333334
0 0.6816666666666666 0.49666666666666665 0.023333333333333334 0.03333333333333333
0 0.8983333333333333 0.76 0.03333333333333333 0.03
0 0.5883333333333334 0.525 0.03333333333333333 0.02666666666666667
0 0.8033333333333333 0.5516666666666666 0.023333333333333334 0.02666666666666667
0 0.775 0.5233333333333333 0.03 0.023333333333333334
0 0.8733333333333333 0.7316666666666667 0.02666666666666667 0.02
0 0.5216666666666666 0.3016666666666667 0.02666666666666667 0.02666666666666667
0 0.49 0.31 0.025 0.023333333333333334
0 0.49333333333333335 0.045 0.03 0.03
0 0.53 0.5166666666666667 0.03 0.03
0 0.49833333333333335 0.9516666666666667 0.02666666666666667 0.02666666666666667
0 0.53 0.8633333333333333 0.03333333333333333 0.02666666666666667
0 0.5133333333333333 0.9 0.023333333333333334 0.02