0 0.25166666666666665 0.08666666666666667 0.02666666666666667 0.03
0 0.205 0.06166666666666667 0.023333333333333334 0.023333333333333334
0 0.30333333333333334 0.3283333333333333 0.023333333333333334 0.02666666666666667
0 0.32666666666666666 0.33666666666666667 0.03 0.02666666666666667
0 0.38166666666666665 0.4533333333333333 0.021666666666666667 0.03166666666666667
0 0.36333333333333334 0.47333333333333333 0.023333333333333334 0.023333333333333334
0 0.32166666666666666 0.47833333333333333 0.03 0.02666666666666667
0 0.23666666666666666 0.44166666666666665 0.028333333333333332 0.02
0 0.45 0.24 0.028333333333333332 0.03
0 0.4866666666666667 0.24333333333333335 0.03166666666666667 0.03833333333333333
0 0.49333333333333335 0.22166666666666668 0.02666666666666667 0.023333333333333334
0 0.335 0.075 0.02666666666666667 0.023333333333333334
0 0.31666666666666665 0.08166666666666667 0.023333333333333334 0.02
0 0.2816666666666667 0.056666666666666664 0.02666666666666667 0.023333333333333334
0 0.24833333333333332 0.32166666666666666 0.03 0.023333333333333334
0 0.4166666666666667 0.4483333333333333 0.02666666666666667 0.023333333333333334
0 0.3616666666666667 0.40166666666666667 0.02666666666666667 0.023333333333333334
0 0.25833333333333336 0.4116666666666667 0.023333333333333334 0.023333333333333334
0 0.03833333333333333 0.9366666666666666 0.03333333333333333 0.03
0 0.16333333333333333 0.9183333333333333 0.02666666666666667 0.02666666666666667
0 0.09666666666666666 0.8016666666666666 0.02 0.02
0 0.12833333333333333 0.8433333333333334 0.023333333333333334 0.023333333333333334
0 0.275 0.7316666666666667 0.02666666666666667 0.023333333333333334
0 0.20333333333333334 0.8066666666666666 0.03 0.023333333333333334
0 0.5916666666666667 0.805 0.03333333333333333 0.03
0 0.5766666666666667 0.7666666666666667 0.03 0.02666666666666667
0 0.5866666666666667 0.7216666666666667 0.02666666666666667 0.03
0 0.725 0.7433333333333333 0.03 0.03
0 0.6766666666666666 0.6866666666666666 0.03 0.023333333333333334
0 0.65 0.6383333333333333 0.023333333333333334 0.02
0 0.6516666666666666 0.6533333333333333 0.02666666666666667 0.02
0 0.66 0.615 0.03 0.03
0 0.6616666666666666 0.5116666666666667 0.02666666666666667 0.02
0 0.8183333333333334 0.8733333333333333 0.03 0.02
0 0.6083333333333333 0.875 0.023333333333333334 0.03
0 0.8683333333333333 0.9083333333333333 0.03 0.03
0 0.9633333333333334 0.8016666666666666 0.02666666666666667 0.02666666666666667
0 0.9316666666666666 0.865 0.03 0.03
0 0.6183333333333333 0.1 0.03333333333333333 0.02666666666666667
0 0.72 0.16333333333333333 0.028333333333333332 0.03
0 0.6833333333333333 0.14666666666666667 0.03 0.03
0 0.6516666666666666 0.15333333333333332 0.02666666666666667 0.03666666666666667
0 0.6116666666666667 0.045 0.023333333333333334 0.023333333333333334
0 0.6133333333333333 0.06833333333333333 0.023333333333333334 0.02
0 0.65 0.013333333333333334 0.02 0.02
0 0.7316666666666667 0.24166666666666667 0.03333333333333333 0.03333333333333333
0 0.565 0.2833333333333333 0.03333333333333333 0.02666666666666667
0 0.6783333333333333 0.235 0.023333333333333334 0.02666666666666667
0 0.6233333333333333 0.4816666666666667 0.02666666666666667 0.023333333333333334
0 0.6633333333333333 0.47333333333333333 0.02666666666666667 0.02
0 0.6866666666666666 0.4816666666666667 0.023333333333333334 0.023333333333333334
0 0.7616666666666667 0.44166666666666665 0.03 0.03
0 0.8666666666666667 0.42 0.03 0.023333333333333334
0 0.9516666666666667 0.4533333333333333 0.023333333333333334 0.02666666666666667
0 0.62 0.20333333333333334 0.02666666666666667 0.023333333333333334
0 0.7583333333333333 0.19666666666666666 0.02 0.021666666666666667
0 0.5266666666666666 0.5983333333333334 0.03 0.03166666666666667
0 0.725 0.49666666666666665 0.025 0.03
0 0.18666666666666668 0.15833333333333333 0.02666666666666667 0.02666666666666667
0 0.7883333333333333 0.18666666666666668 0.03 0.03