0 0.49666666666666665 0.12166666666666667 0.03 0.02666666666666667
0 0.47333333333333333 0.06333333333333334 0.02666666666666667 0.02666666666666667
0 0.55 0.135 0.02 0.02666666666666667
0 0.6016666666666667 0.08333333333333333 0.023333333333333334 0.02
0 0.7783333333333333 0.07166666666666667 0.023333333333333334 0.023333333333333334
0 0.7733333333333333 0.26666666666666666 0.02666666666666667 0.023333333333333334
0 0.73 0.25666666666666665 0.02 0.023333333333333334
0 0.9466666666666667 0.15166666666666667 0.023333333333333334 0.02666666666666667
0 0.8266666666666667 0.21833333333333332 0.02666666666666667 0.02
0 0.87 0.13166666666666665 0.023333333333333334 0.023333333333333334
0 0.89 0.07333333333333333 0.03 0.03
0 0.78 0.20166666666666666 0.02666666666666667 0.02666666666666667
0 0.7983333333333333 0.3383333333333333 0.03333333333333333 0.03333333333333333
0 0.9316666666666666 0.13 0.02666666666666667 0.02666666666666667
0 0.6766666666666666 0.4716666666666667 0.03 0.03
0 0.6433333333333333 0.09166666666666666 0.021666666666666667 0.025
0 0.9283333333333333 0.051666666666666666 0.02666666666666667 0.02666666666666667
0 0.8233333333333334 0.85 0.02666666666666667 0.02666666666666667
0 0.56 0.013333333333333334 0.03 0.02
0 0.9633333333333334 0.4683333333333333 0.03 0.03
0 0.7333333333333333 0.21833333333333332 0.02666666666666667 0.02666666666666667
0 0.9383333333333334 0.49333333333333335 0.02666666666666667 0.023333333333333334
0 0.6266666666666667 0.011666666666666667 0.03 0.023333333333333334
0 0.9683333333333334 0.9366666666666666 0.02666666666666667 0.02666666666666667
0 0.6216666666666667 0.5133333333333333 0.023333333333333334 0.025
0 0.8966666666666666 0.805 0.02 0.023333333333333334