0 0.255 0.43166666666666664 0.03 0.02666666666666667
0 0.13833333333333334 0.29333333333333333 0.023333333333333334 0.02
0 0.27166666666666667 0.4116666666666667 0.02666666666666667 0.023333333333333334
0 0.20666666666666667 0.425 0.02666666666666667 0.02666666666666667
0 0.14666666666666667 0.43833333333333335 0.03 0.03
0 0.016666666666666666 0.415 0.02666666666666667 0.023333333333333334
0 0.6716666666666666 0.6133333333333333 0.02 0.023333333333333334
0 0.7783333333333333 0.5366666666666666 0.03 0.03
0 0.635 0.6533333333333333 0.023333333333333334 0.023333333333333334
0 0.615 0.2733333333333333 0.023333333333333334 0.02666666666666667
0 0.7133333333333334 0.5116666666666667 0.02666666666666667 0.02666666666666667
0 0.8833333333333333 0.4666666666666667 0.02 0.02666666666666667
0 0.815 0.02666666666666667 0.023333333333333334 0.023333333333333334
0 0.79 0.5683333333333334 0.02666666666666667 0.02666666666666667
0 0.9833333333333333 0.02666666666666667 0.023333333333333334 0.02
0 0.7583333333333333 0.525 0.023333333333333334 0.023333333333333334
0 0.8066666666666666 0.5866666666666667 0.02 0.02666666666666667
0 0.4116666666666667 0.9533333333333334 0.02666666666666667 0.023333333333333334
0 0.27666666666666667 0.7833333333333333 0.03 0.03
0 0.19833333333333333 0.8283333333333334 0.023333333333333334 0.023333333333333334
0 0.5066666666666667 0.7683333333333333 0.028333333333333332 0.025