0 0.8083333333333333 0.1 0.02666666666666667 0.02666666666666667
0 0.8633333333333333 0.045 0.03 0.03
0 0.45666666666666667 0.10666666666666667 0.03 0.02666666666666667
0 0.8733333333333333 0.14666666666666667 0.02666666666666667 0.023333333333333334
0 0.8216666666666667 0.17333333333333334 0.03 0.02666666666666667
0 0.5266666666666666 0.20333333333333334 0.03 0.03333333333333333
0 0.33166666666666667 0.48 0.03 0.02666666666666667
0 0.845 0.14166666666666666 0.02 0.03
0 0.9566666666666667 0.08166666666666667 0.02 0.023333333333333334
0 0.6666666666666666 0.19833333333333333 0.02666666666666667 0.02666666666666667
0 0.8566666666666667 0.105 0.03 0.03
0 0.9 0.16833333333333333 0.03 0.03
0 0.8716666666666667 0.011666666666666667 0.023333333333333334 0.023333333333333334
0 0.31666666666666665 0.7916666666666666 0.023333333333333334 0.02
0 0.2966666666666667 0.79 0.023333333333333334 0.03
0 0.42833333333333334 0.8316666666666667 0.03 0.03
0 0.46166666666666667 0.7916666666666666 0.02 0.023333333333333334
0 0.23666666666666666 0.8433333333333334 0.023333333333333334 0.03
0 0.2783333333333333 0.83 0.03 0.03
0 0.2816666666666667 0.9216666666666666 0.02 0.02
0 0.7233333333333334 0.8866666666666667 0.02666666666666667 0.02666666666666667
0 0.7766666666666666 0.5283333333333333 0.023333333333333334 0.023333333333333334
0 0.5466666666666666 0.7016666666666667 0.02666666666666667 0.02666666666666667
0 0.3416666666666667 0.515 0.03333333333333333 0.03166666666666667
0 0.7983333333333333 0.5116666666666667 0.03333333333333333 0.03333333333333333
0 0.7033333333333334 0.5566666666666666 0.025 0.02666666666666667