0 0.245 0.6266666666666667 0.03666666666666667 0.023333333333333334
0 0.31666666666666665 0.35 0.02666666666666667 0.035
0 0.27166666666666667 0.29333333333333333 0.02666666666666667 0.03
0 0.27666666666666667 0.22833333333333333 0.023333333333333334 0.02666666666666667
0 0.18833333333333332 0.4266666666666667 0.03 0.02666666666666667
0 0.13333333333333333 0.44666666666666666 0.02666666666666667 0.02
0 0.16166666666666665 0.5766666666666667 0.03333333333333333 0.03
0 0.3466666666666667 0.15166666666666667 0.03 0.02
0 0.34 0.13333333333333333 0.023333333333333334 0.02
0 0.29333333333333333 0.44166666666666665 0.02666666666666667 0.023333333333333334
0 0.07666666666666666 0.7716666666666666 0.02666666666666667 0.02666666666666667
0 0.09666666666666666 0.8533333333333334 0.02666666666666667 0.023333333333333334
0 0.33666666666666667 0.39166666666666666 0.023333333333333334 0.02
0 0.295 0.18 0.02666666666666667 0.023333333333333334
0 0.14 0.9183333333333333 0.02666666666666667 0.02666666666666667
0 0.22166666666666668 0.9566666666666667 0.02666666666666667 0.023333333333333334
0 0.4866666666666667 0.37833333333333335 0.023333333333333334 0.023333333333333334
0 0.36333333333333334 0.7433333333333333 0.03 0.02666666666666667
0 0.36333333333333334 0.29 0.02666666666666667 0.02666666666666667
0 0.2866666666666667 0.475 0.02666666666666667 0.02666666666666667
0 0.15333333333333332 0.4683333333333333 0.023333333333333334 0.02
0 0.605 0.88 0.03 0.03
0 0.7133333333333334 0.8916666666666667 0.02666666666666667 0.03
0 0.6816666666666666 0.7933333333333333 0.023333333333333334 0.02666666666666667
0 0.7266666666666667 0.7533333333333333 0.02 0.03
0 0.9483333333333334 0.7733333333333333 0.03 0.03
0 0.7316666666666667 0.9683333333333334 0.02 0.023333333333333334
0 0.5216666666666666 0.31666666666666665 0.03 0.03
0 0.6083333333333333 0.175 0.02666666666666667 0.02666666666666667
0 0.6833333333333333 0.2783333333333333 0.023333333333333334 0.02666666666666667
0 0.8383333333333334 0.19333333333333333 0.02666666666666667 0.02666666666666667
0 0.9083333333333333 0.35 0.03333333333333333 0.02666666666666667
0 0.8616666666666667 0.40166666666666667 0.02 0.02
0 0.785 0.84 0.03333333333333333 0.023333333333333334
0 0.5033333333333333 0.08333333333333333 0.023333333333333334 0.02666666666666667
0 0.865 0.22333333333333333 0.02666666666666667 0.03
0 0.7316666666666667 0.15333333333333332 0.03 0.02666666666666667
0 0.6083333333333333 0.41833333333333333 0.03 0.023333333333333334
0 0.6183333333333333 0.39666666666666667 0.02666666666666667 0.023333333333333334
0 0.6483333333333333 0.45166666666666666 0.03 0.023333333333333334
0 0.8016666666666666 0.3466666666666667 0.02666666666666667 0.03
0 0.9133333333333333 0.25666666666666665 0.023333333333333334 0.03
0 0.9183333333333333 0.13666666666666666 0.02666666666666667 0.023333333333333334
0 0.49666666666666665 0.625 0.02666666666666667 0.03
0 0.9883333333333333 0.635 0.023333333333333334 0.025
0 0.6083333333333333 0.515 0.03 0.023333333333333334
0 0.695 0.49 0.02 0.02666666666666667
0 0.6983333333333334 0.23666666666666666 0.02 0.02
0 0.7216666666666667 0.24166666666666667 0.016666666666666666 0.02666666666666667
0 0.8566666666666667 0.42833333333333334 0.023333333333333334 0.023333333333333334
0 0.8666666666666667 0.3433333333333333 0.03 0.03
0 0.8833333333333333 0.16166666666666665 0.03 0.03
0 0.9316666666666666 0.14666666666666667 0.02 0.02666666666666667
0 0.67 0.38666666666666666 0.03 0.02
0 0.8816666666666667 0.4266666666666667 0.02 0.02
0 0.9533333333333334 0.36833333333333335 0.02 0.023333333333333334
0 0.6766666666666666 0.5616666666666666 0.023333333333333334 0.023333333333333334
0 0.9583333333333334 0.31666666666666665 0.02666666666666667 0.023333333333333334
0 0.685 0.5783333333333334 0.03 0.02666666666666667
0 0.6383333333333333 0.36333333333333334 0.023333333333333334 0.023333333333333334
0 0.8366666666666667 0.8416666666666667 0.02 0.02666666666666667
0 0.8166666666666667 0.85 0.023333333333333334 0.02666666666666667
0 0.715 0.5666666666666667 0.02 0.02666666666666667
0 0.6116666666666667 0.29333333333333333 0.023333333333333334 0.02
0 0.5666666666666667 0.5333333333333333 0.02 0.023333333333333334
0 0.975 0.945 0.02666666666666667 0.02666666666666667
0 0.9816666666666667 0.6016666666666667 0.02666666666666667 0.023333333333333334
0 0.925 0.30666666666666664 0.02 0.02
0 0.8216666666666667 0.22666666666666666 0.02666666666666667 0.02666666666666667
0 0.6633333333333333 0.5033333333333333 0.023333333333333334 0.023333333333333334
0 0.7533333333333333 0.2866666666666667 0.02 0.02
0 0.9716666666666667 0.265 0.023333333333333334 0.023333333333333334
0 0.8866666666666667 0.3933333333333333 0.023333333333333334 0.023333333333333334