0 0.07 0.30666666666666664 0.023333333333333334 0.023333333333333334
0 0.07 0.37666666666666665 0.023333333333333334 0.023333333333333334
0 0.115 0.18166666666666667 0.028333333333333332 0.028333333333333332
0 0.17 0.14 0.023333333333333334 0.023333333333333334
0 0.08166666666666667 0.11666666666666667 0.02666666666666667 0.03333333333333333
0 0.03333333333333333 0.10833333333333334 0.023333333333333334 0.023333333333333334
0 0.14833333333333334 0.27666666666666667 0.02666666666666667 0.02666666666666667
0 0.09333333333333334 0.37333333333333335 0.02 0.023333333333333334
0 0.056666666666666664 0.3416666666666667 0.023333333333333334 0.023333333333333334
0 0.15166666666666667 0.455 0.023333333333333334 0.02666666666666667
0 0.09 0.285 0.023333333333333334 0.03
0 0.3466666666666667 0.08833333333333333 0.023333333333333334 0.023333333333333334
0 0.15333333333333332 0.41333333333333333 0.023333333333333334 0.023333333333333334
0 0.06833333333333333 0.4633333333333333 0.023333333333333334 0.023333333333333334
0 0.18333333333333332 0.41833333333333333 0.023333333333333334 0.023333333333333334
0 0.16333333333333333 0.008333333333333333 0.023333333333333334 0.016666666666666666
0 0.19333333333333333 0.35333333333333333 0.02666666666666667 0.02
0 0.8333333333333334 0.7616666666666667 0.02 0.02
0 0.8783333333333333 0.7483333333333333 0.023333333333333334 0.023333333333333334
0 0.06 0.5383333333333333 0.023333333333333334 0.02666666666666667
0 0.15166666666666667 0.5133333333333333 0.02666666666666667 0.02
0 0.105 0.515 0.02666666666666667 0.02
0 0.21833333333333332 0.835 0.02 0.023333333333333334
0 0.07166666666666667 0.495 0.02 0.02
0 0.335 0.935 0.035 0.025
0 0.02666666666666667 0.2866666666666667 0.02666666666666667 0.023333333333333334
0 0.22166666666666668 0.7983333333333333 0.023333333333333334 0.023333333333333334
0 0.14333333333333334 0.7583333333333333 0.023333333333333334 0.02666666666666667
0 0.15 0.5383333333333333 0.023333333333333334 0.02
0 0.085 0.6166666666666667 0.023333333333333334 0.023333333333333334
0 0.04833333333333333 0.6066666666666667 0.02 0.023333333333333334
0 0.36 0.31333333333333335 0.03166666666666667 0.02666666666666667
0 0.12333333333333334 0.37333333333333335 0.03166666666666667 0.03
0 0.12333333333333334 0.9883333333333333 0.021666666666666667 0.021666666666666667
0 0.013333333333333334 0.9483333333333334 0.023333333333333334 0.023333333333333334
0 0.075 0.14833333333333334 0.03 0.021666666666666667