0 0.115 0.13166666666666665 0.03 0.03
0 0.31166666666666665 0.3433333333333333 0.02666666666666667 0.03
0 0.3616666666666667 0.2916666666666667 0.02 0.023333333333333334
0 0.37666666666666665 0.2 0.02 0.025
0 0.35333333333333333 0.315 0.023333333333333334 0.023333333333333334
0 0.3333333333333333 0.975 0.02 0.02
0 0.31666666666666665 0.955 0.023333333333333334 0.023333333333333334
0 0.3383333333333333 0.95 0.02 0.02
0 0.34 0.9316666666666666 0.023333333333333334 0.02
0 0.37833333333333335 0.9466666666666667 0.023333333333333334 0.02
0 0.34833333333333333 0.8533333333333334 0.02666666666666667 0.023333333333333334
0 0.35 0.81 0.02 0.02
0 0.11166666666666666 0.905 0.02 0.02
0 0.07 0.9033333333333333 0.03 0.03
0 0.25333333333333335 0.9 0.023333333333333334 0.02666666666666667
0 0.2916666666666667 0.8233333333333334 0.023333333333333334 0.02666666666666667
0 0.45666666666666667 0.9066666666666666 0.023333333333333334 0.02666666666666667
0 0.46166666666666667 0.78 0.03 0.03
0 0.10333333333333333 0.7916666666666666 0.03 0.02666666666666667
0 0.025 0.92 0.016666666666666666 0.02
0 0.09166666666666666 0.765 0.02666666666666667 0.03
0 0.69 0.9366666666666666 0.023333333333333334 0.02
0 0.6166666666666667 0.93 0.02 0.02
0 0.6616666666666666 0.9566666666666667 0.03 0.02666666666666667
0 0.5883333333333334 0.8483333333333334 0.02 0.023333333333333334
0 0.6216666666666667 0.855 0.03333333333333333 0.03
0 0.6816666666666666 0.9133333333333333 0.02 0.023333333333333334
0 0.5983333333333334 0.9716666666666667 0.023333333333333334 0.023333333333333334
0 0.5616666666666666 0.9566666666666667 0.02 0.02
0 0.5233333333333333 0.85 0.02 0.023333333333333334
0 0.5116666666666667 0.8116666666666666 0.03 0.03
0 0.315 0.30833333333333335 0.03 0.03
0 0.47333333333333333 0.3233333333333333 0.023333333333333334 0.02
0 0.2916666666666667 0.9883333333333333 0.025 0.021666666666666667
0 0.2916666666666667 0.16833333333333333 0.03 0.025
0 0.7233333333333334 0.9883333333333333 0.021666666666666667 0.023333333333333334
0 0.18666666666666668 0.94 0.023333333333333334 0.021666666666666667