0 0.22 0.655 0.03 0.02666666666666667
0 0.095 0.755 0.023333333333333334 0.02666666666666667
0 0.9166666666666666 0.335 0.03 0.023333333333333334
0 0.95 0.23333333333333334 0.03 0.023333333333333334
0 0.77 0.016666666666666666 0.03 0.02666666666666667
0 0.5666666666666667 0.29833333333333334 0.02 0.02666666666666667
0 0.5683333333333334 0.15 0.023333333333333334 0.02
0 0.7616666666666667 0.12333333333333334 0.02 0.02
0 0.6066666666666667 0.15666666666666668 0.03 0.023333333333333334
0 0.9333333333333333 0.2633333333333333 0.023333333333333334 0.023333333333333334
0 0.3433333333333333 0.25 0.03 0.02
0 0.4266666666666667 0.3616666666666667 0.023333333333333334 0.03
0 0.2966666666666667 0.45666666666666667 0.02666666666666667 0.02
0 0.19333333333333333 0.4583333333333333 0.02 0.02
0 0.29333333333333333 0.21333333333333335 0.023333333333333334 0.023333333333333334
0 0.385 0.145 0.023333333333333334 0.023333333333333334
0 0.2733333333333333 0.4683333333333333 0.023333333333333334 0.02
0 0.20833333333333334 0.41333333333333333 0.02666666666666667 0.02666666666666667
0 0.5033333333333333 0.34833333333333333 0.02666666666666667 0.02666666666666667
0 0.10333333333333333 0.39666666666666667 0.02666666666666667 0.02666666666666667
0 0.645 0.23 0.02666666666666667 0.02666666666666667
0 0.125 0.3283333333333333 0.03333333333333333 0.02666666666666667
0 0.175 0.33 0.03166666666666667 0.03
0 0.78 0.07333333333333333 0.03 0.02666666666666667