0 0.6983333333333334 0.9266666666666666 0.03333333333333333 0.02
0 0.6916666666666667 0.8966666666666666 0.023333333333333334 0.023333333333333334
0 0.7166666666666667 0.8866666666666667 0.023333333333333334 0.03
0 0.6633333333333333 0.88 0.03 0.03
0 0.715 0.9466666666666667 0.03 0.02
0 0.68 0.6583333333333333 0.023333333333333334 0.03
0 0.8866666666666667 0.9733333333333334 0.023333333333333334 0.023333333333333334
0 0.06166666666666667 0.7816666666666666 0.02666666666666667 0.03333333333333333
0 0.08 0.8083333333333333 0.02666666666666667 0.03
0 0.34833333333333333 0.8866666666666667 0.02666666666666667 0.03
0 0.12 0.7783333333333333 0.023333333333333334 0.023333333333333334
0 0.03833333333333333 0.5866666666666667 0.02666666666666667 0.023333333333333334
0 0.16 0.3283333333333333 0.03 0.03
0 0.22333333333333333 0.325 0.03 0.023333333333333334
0 0.2633333333333333 0.31 0.03333333333333333 0.023333333333333334
0 0.3 0.285 0.03 0.023333333333333334
0 0.11333333333333333 0.3516666666666667 0.025 0.03
0 0.36 0.08666666666666667 0.03 0.03
0 0.23166666666666666 0.105 0.025 0.028333333333333332
0 0.045 0.06666666666666667 0.03 0.03333333333333333
0 0.06333333333333334 0.2866666666666667 0.03 0.03
0 0.175 0.265 0.02666666666666667 0.02666666666666667
0 0.445 0.245 0.021666666666666667 0.021666666666666667
0 0.09333333333333334 0.17333333333333334 0.023333333333333334 0.023333333333333334
0 0.085 0.5533333333333333 0.02666666666666667 0.03
0 0.19 0.30666666666666664 0.023333333333333334 0.03833333333333333
0 0.4166666666666667 0.24666666666666667 0.028333333333333332 0.023333333333333334
0 0.016666666666666666 0.055 0.025 0.03333333333333333
0 0.02666666666666667 0.6133333333333333 0.028333333333333332 0.023333333333333334
0 0.04666666666666667 0.30833333333333335 0.03333333333333333 0.02666666666666667
0 0.20666666666666667 0.24166666666666667 0.028333333333333332 0.028333333333333332
0 0.06666666666666667 0.6083333333333333 0.025 0.023333333333333334
0 0.04666666666666667 0.63 0.03666666666666667 0.02666666666666667
0 0.16333333333333333 0.9833333333333333 0.03333333333333333 0.03333333333333333
0 0.7033333333333334 0.9833333333333333 0.03 0.028333333333333332