0 0.935 0.7666666666666667 0.03166666666666667 0.03
0 0.9116666666666666 0.7383333333333333 0.02 0.02666666666666667
0 0.8933333333333333 0.7033333333333334 0.02666666666666667 0.03166666666666667
0 0.8533333333333334 0.7533333333333333 0.03 0.023333333333333334
0 0.8833333333333333 0.6383333333333333 0.02666666666666667 0.02
0 0.9083333333333333 0.615 0.02 0.03166666666666667
0 0.955 0.9716666666666667 0.02 0.016666666666666666
0 0.9716666666666667 0.9 0.02 0.02
0 0.975 0.7883333333333333 0.02666666666666667 0.023333333333333334
0 0.11166666666666666 0.14666666666666667 0.02666666666666667 0.02666666666666667
0 0.15 0.15166666666666667 0.03 0.023333333333333334
0 0.9683333333333334 0.27166666666666667 0.02666666666666667 0.023333333333333334
0 0.9033333333333333 0.355 0.023333333333333334 0.02
0 0.013333333333333334 0.04833333333333333 0.02666666666666667 0.02666666666666667
0 0.9433333333333334 0.47833333333333333 0.02 0.023333333333333334
0 0.8933333333333333 0.4866666666666667 0.02 0.023333333333333334
0 0.9883333333333333 0.9866666666666667 0.023333333333333334 0.02666666666666667