0 0.36 0.31666666666666665 0.03 0.02666666666666667
0 0.21833333333333332 0.33 0.02666666666666667 0.03
0 0.3983333333333333 0.31166666666666665 0.03 0.02666666666666667
0 0.2816666666666667 0.8033333333333333 0.023333333333333334 0.02666666666666667
0 0.37166666666666665 0.7433333333333333 0.03 0.03
0 0.21333333333333335 0.7233333333333334 0.03 0.03
0 0.3516666666666667 0.3566666666666667 0.023333333333333334 0.02666666666666667
0 0.37166666666666665 0.36333333333333334 0.02 0.025
0 0.18333333333333332 0.41833333333333333 0.03 0.03
0 0.17666666666666667 0.7066666666666667 0.02666666666666667 0.023333333333333334
0 0.225 0.4066666666666667 0.02666666666666667 0.02666666666666667
0 0.9483333333333334 0.5166666666666667 0.03 0.03
0 0.9366666666666666 0.5766666666666667 0.02666666666666667 0.03
0 0.97 0.5633333333333334 0.02 0.02666666666666667
0 0.49666666666666665 0.8316666666666667 0.02666666666666667 0.03
0 0.5 0.8683333333333333 0.02666666666666667 0.02666666666666667
0 0.7566666666666667 0.45166666666666666 0.03 0.03
0 0.7116666666666667 0.4666666666666667 0.02666666666666667 0.02666666666666667
0 0.9833333333333333 0.8566666666666667 0.03 0.02666666666666667
0 0.915 0.25333333333333335 0.02666666666666667 0.02666666666666667
0 0.755 0.48333333333333334 0.023333333333333334 0.023333333333333334
0 0.5766666666666667 0.49333333333333335 0.023333333333333334 0.023333333333333334
0 0.7333333333333333 0.5516666666666666 0.021666666666666667 0.025
0 0.325 0.3616666666666667 0.02666666666666667 0.03
0 0.20666666666666667 0.43666666666666665 0.02666666666666667 0.02666666666666667