0 0.26666666666666666 0.7483333333333333 0.02 0.02
0 0.30833333333333335 0.7516666666666667 0.02 0.016666666666666666
0 0.19333333333333333 0.7566666666666667 0.02666666666666667 0.02
0 0.14333333333333334 0.8033333333333333 0.023333333333333334 0.02
0 0.145 0.83 0.025 0.025
0 0.19333333333333333 0.7816666666666666 0.02 0.02
0 0.165 0.86 0.025 0.023333333333333334
0 0.475 0.4083333333333333 0.023333333333333334 0.02666666666666667
0 0.03833333333333333 0.6833333333333333 0.02666666666666667 0.023333333333333334
0 0.825 0.025 0.02666666666666667 0.023333333333333334
0 0.9666666666666667 0.3983333333333333 0.02666666666666667 0.02666666666666667
0 0.9233333333333333 0.42833333333333334 0.02 0.02666666666666667
0 0.87 0.8716666666666667 0.023333333333333334 0.023333333333333334
0 0.8916666666666667 0.8716666666666667 0.02666666666666667 0.023333333333333334
0 0.6966666666666667 0.33666666666666667 0.03 0.03
0 0.9716666666666667 0.12333333333333334 0.021666666666666667 0.023333333333333334
0 0.875 0.6283333333333333 0.02666666666666667 0.02666666666666667
0 0.9183333333333333 0.8716666666666667 0.028333333333333332 0.03333333333333333
0 0.9716666666666667 0.3616666666666667 0.02666666666666667 0.023333333333333334
0 0.8966666666666666 0.31333333333333335 0.023333333333333334 0.023333333333333334
0 0.7883333333333333 0.05333333333333334 0.023333333333333334 0.023333333333333334
0 0.85 0.6883333333333334 0.02 0.02
0 0.9266666666666666 0.5633333333333334 0.023333333333333334 0.023333333333333334
0 0.8466666666666667 0.008333333333333333 0.023333333333333334 0.016666666666666666
0 0.54 0.021666666666666667 0.023333333333333334 0.023333333333333334
0 0.5183333333333333 0.3933333333333333 0.02666666666666667 0.02666666666666667
0 0.8616666666666667 0.7266666666666667 0.023333333333333334 0.02666666666666667
0 0.895 0.895 0.02 0.023333333333333334
0 0.55 0.17333333333333334 0.023333333333333334 0.023333333333333334
0 0.01 0.635 0.02 0.023333333333333334
0 0.8983333333333333 0.805 0.02666666666666667 0.025
0 0.705 0.87 0.025 0.028333333333333332
0 0.3016666666666667 0.8883333333333333 0.023333333333333334 0.021666666666666667
0 0.9333333333333333 0.30833333333333335 0.02666666666666667 0.028333333333333332