0 0.16666666666666666 0.16333333333333333 0.023333333333333334 0.023333333333333334
0 0.028333333333333332 0.09666666666666666 0.03 0.02666666666666667
0 0.13833333333333334 0.22833333333333333 0.023333333333333334 0.023333333333333334
0 0.4866666666666667 0.02666666666666667 0.02 0.02
0 0.1 0.43666666666666665 0.02666666666666667 0.02666666666666667
0 0.18166666666666667 0.14833333333333334 0.023333333333333334 0.03166666666666667
0 0.535 0.9383333333333334 0.02666666666666667 0.03
0 0.5866666666666667 0.6333333333333333 0.03 0.02666666666666667
0 0.8333333333333334 0.8216666666666667 0.02666666666666667 0.02666666666666667
0 0.8016666666666666 0.135 0.02 0.02666666666666667
0 0.805 0.15833333333333333 0.028333333333333332 0.028333333333333332
0 0.7433333333333333 0.37833333333333335 0.023333333333333334 0.023333333333333334
0 0.7133333333333334 0.25166666666666665 0.023333333333333334 0.023333333333333334
0 0.505 0.14166666666666666 0.02666666666666667 0.02666666666666667
0 0.6 0.16333333333333333 0.023333333333333334 0.023333333333333334