0 0.41333333333333333 0.04833333333333333 0.02666666666666667 0.02
0 0.37 0.7566666666666667 0.02666666666666667 0.023333333333333334
0 0.37333333333333335 0.9483333333333334 0.03 0.02666666666666667
0 0.25166666666666665 0.76 0.03 0.03
0 0.06166666666666667 0.6216666666666667 0.023333333333333334 0.023333333333333334
0 0.6933333333333334 0.09833333333333333 0.03 0.02
0 0.8916666666666667 0.35 0.02 0.02666666666666667
0 0.6716666666666666 0.15166666666666667 0.023333333333333334 0.023333333333333334
0 0.6833333333333333 0.47833333333333333 0.023333333333333334 0.023333333333333334
0 0.7316666666666667 0.12 0.02 0.02666666666666667
0 0.215 0.8283333333333334 0.021666666666666667 0.02666666666666667
0 0.325 0.8133333333333334 0.028333333333333332 0.03
0 0.07666666666666666 0.8733333333333333 0.028333333333333332 0.03166666666666667
0 0.2 0.20166666666666666 0.023333333333333334 0.028333333333333332
0 0.028333333333333332 0.2633333333333333 0.02666666666666667 0.03