0 0.8816666666666667 0.7316666666666667 0.02 0.02666666666666667
0 0.92 0.755 0.02 0.02
0 0.74 0.775 0.02666666666666667 0.023333333333333334
0 0.8033333333333333 0.7766666666666666 0.02666666666666667 0.023333333333333334
0 0.9283333333333333 0.7966666666666666 0.023333333333333334 0.023333333333333334
0 0.8533333333333334 0.8283333333333334 0.02666666666666667 0.02666666666666667
0 0.9583333333333334 0.835 0.02666666666666667 0.03
0 0.7833333333333333 0.5516666666666666 0.03 0.03
0 0.8533333333333334 0.6116666666666667 0.023333333333333334 0.023333333333333334
0 0.97 0.5983333333333334 0.023333333333333334 0.023333333333333334
0 0.7566666666666667 0.885 0.023333333333333334 0.023333333333333334
0 0.9633333333333334 0.8016666666666666 0.023333333333333334 0.023333333333333334
0 0.78 0.8166666666666667 0.023333333333333334 0.023333333333333334
0 0.805 0.6183333333333333 0.02666666666666667 0.023333333333333334
0 0.905 0.7816666666666666 0.023333333333333334 0.02
0 0.9883333333333333 0.5683333333333334 0.02 0.02
0 0.11333333333333333 0.5116666666666667 0.03 0.03
0 0.07 0.5366666666666666 0.023333333333333334 0.03
0 0.058333333333333334 0.5983333333333334 0.023333333333333334 0.028333333333333332
0 0.23333333333333334 0.6766666666666666 0.03 0.02666666666666667
0 0.29833333333333334 0.6783333333333333 0.03 0.03
0 0.265 0.69 0.02666666666666667 0.03
0 0.04666666666666667 0.8033333333333333 0.03 0.03
0 0.18333333333333332 0.835 0.03 0.03333333333333333
0 0.23666666666666666 0.8616666666666667 0.03 0.02666666666666667
0 0.245 0.7083333333333334 0.02666666666666667 0.03
0 0.14833333333333334 0.82 0.03 0.02666666666666667
0 0.22 0.71 0.023333333333333334 0.023333333333333334
0 0.38666666666666666 0.9416666666666667 0.03 0.03
0 0.2966666666666667 0.59 0.02666666666666667 0.02666666666666667
0 0.4 0.9083333333333333 0.02666666666666667 0.02666666666666667
0 0.011666666666666667 0.025 0.023333333333333334 0.02666666666666667
0 0.8616666666666667 0.735 0.02 0.021666666666666667
0 0.605 0.06833333333333333 0.028333333333333332 0.03
0 0.965 0.565 0.021666666666666667 0.023333333333333334