0 0.07666666666666666 0.7216666666666667 0.023333333333333334 0.023333333333333334
0 0.09166666666666666 0.7133333333333334 0.023333333333333334 0.023333333333333334
0 0.9283333333333333 0.25833333333333336 0.025 0.023333333333333334
0 0.905 0.23 0.02 0.02666666666666667
0 0.8866666666666667 0.19333333333333333 0.02 0.023333333333333334
0 0.8466666666666667 0.24666666666666667 0.03 0.023333333333333334
0 0.875 0.12666666666666668 0.025 0.028333333333333332
0 0.9016666666666666 0.10666666666666667 0.023333333333333334 0.028333333333333332
0 0.9466666666666667 0.465 0.023333333333333334 0.025
0 0.9816666666666667 0.47833333333333333 0.03333333333333333 0.03
0 0.87 0.5916666666666667 0.02666666666666667 0.02666666666666667