0 0.6933333333333334 0.8033333333333333 0.023333333333333334 0.03
0 0.905 0.5783333333333334 0.02666666666666667 0.023333333333333334
0 0.6116666666666667 0.7233333333333334 0.02666666666666667 0.023333333333333334
0 0.15166666666666667 0.008333333333333333 0.03 0.016666666666666666
0 0.20333333333333334 0.025 0.023333333333333334 0.023333333333333334
0 0.22333333333333333 0.06833333333333333 0.03 0.02666666666666667
0 0.18 0.07166666666666667 0.023333333333333334 0.023333333333333334
0 0.008333333333333333 0.1 0.016666666666666666 0.02
0 0.19666666666666666 0.09333333333333334 0.02666666666666667 0.023333333333333334
0 0.15833333333333333 0.145 0.02 0.03
0 0.2 0.22 0.03 0.02
0 0.305 0.22833333333333333 0.02666666666666667 0.023333333333333334
0 0.12333333333333334 0.22833333333333333 0.023333333333333334 0.02
0 0.16666666666666666 0.23 0.02666666666666667 0.023333333333333334
0 0.22166666666666668 0.28 0.02666666666666667 0.02
0 0.26 0.20166666666666666 0.025 0.02666666666666667
0 0.145 0.43166666666666664 0.023333333333333334 0.023333333333333334
0 0.23666666666666666 0.33666666666666667 0.023333333333333334 0.02
0 0.195 0.20666666666666667 0.02 0.016666666666666666
0 0.205 0.245 0.02 0.023333333333333334
0 0.17166666666666666 0.13833333333333334 0.02666666666666667 0.016666666666666666
0 0.19166666666666668 0.15666666666666668 0.023333333333333334 0.02
0 0.25 0.3283333333333333 0.02 0.016666666666666666
0 0.043333333333333335 0.41333333333333333 0.023333333333333334 0.023333333333333334
0 0.065 0.4083333333333333 0.023333333333333334 0.02
0 0.205 0.9116666666666666 0.03 0.03
0 0.5033333333333333 0.97 0.03 0.02666666666666667
0 0.17166666666666666 0.8566666666666667 0.02666666666666667 0.02666666666666667
0 0.4533333333333333 0.22166666666666668 0.023333333333333334 0.02666666666666667
0 0.31333333333333335 0.34833333333333333 0.02666666666666667 0.023333333333333334
0 0.71 0.765 0.02666666666666667 0.02666666666666667