0 0.68 0.05333333333333334 0.02666666666666667 0.023333333333333334
0 0.5983333333333334 0.095 0.02666666666666667 0.02666666666666667
0 0.5983333333333334 0.525 0.03333333333333333 0.02666666666666667
0 0.765 0.6333333333333333 0.03333333333333333 0.02666666666666667
0 0.6733333333333333 0.5416666666666666 0.02666666666666667 0.025
0 0.69 0.56 0.02 0.023333333333333334
0 0.575 0.5416666666666666 0.03 0.03
0 0.555 0.5916666666666667 0.02666666666666667 0.02666666666666667
0 0.52 0.13333333333333333 0.02666666666666667 0.03
0 0.5516666666666666 0.52 0.03166666666666667 0.03
0 0.2816666666666667 0.92 0.028333333333333332 0.03333333333333333
0 0.4066666666666667 0.6333333333333333 0.02666666666666667 0.023333333333333334
0 0.9316666666666666 0.08666666666666667 0.03333333333333333 0.02666666666666667
0 0.52 0.6016666666666667 0.02666666666666667 0.03166666666666667
0 0.5466666666666666 0.615 0.028333333333333332 0.028333333333333332
0 0.45666666666666667 0.6666666666666666 0.025 0.03166666666666667