0 0.3983333333333333 0.5516666666666666 0.03 0.03
0 0.33666666666666667 0.54 0.03 0.023333333333333334
0 0.35833333333333334 0.5383333333333333 0.02 0.02666666666666667
0 0.24333333333333335 0.19 0.03 0.03
0 0.31666666666666665 0.43166666666666664 0.03 0.02666666666666667
0 0.43333333333333335 0.6266666666666667 0.02 0.023333333333333334
0 0.27 0.33166666666666667 0.02666666666666667 0.03
0 0.3466666666666667 0.22833333333333333 0.02666666666666667 0.023333333333333334
0 0.4166666666666667 0.3333333333333333 0.023333333333333334 0.03
0 0.40166666666666667 0.5083333333333333 0.023333333333333334 0.02666666666666667
0 0.42333333333333334 0.73 0.023333333333333334 0.02
0 0.37166666666666665 0.8733333333333333 0.02 0.02
0 0.43 0.805 0.023333333333333334 0.025
0 0.425 0.5766666666666667 0.023333333333333334 0.02666666666666667
0 0.325 0.4583333333333333 0.02 0.023333333333333334
0 0.26666666666666666 0.20833333333333334 0.023333333333333334 0.023333333333333334
0 0.3883333333333333 0.18333333333333332 0.023333333333333334 0.02
0 0.2916666666666667 0.20166666666666666 0.02666666666666667 0.02666666666666667
0 0.06333333333333334 0.46166666666666667 0.02666666666666667 0.02666666666666667
0 0.4266666666666667 0.415 0.02666666666666667 0.02666666666666667
0 0.29333333333333333 0.135 0.03 0.02666666666666667
0 0.38333333333333336 0.4216666666666667 0.02666666666666667 0.02666666666666667
0 0.2916666666666667 0.10333333333333333 0.023333333333333334 0.02
0 0.8633333333333333 0.8033333333333333 0.02 0.023333333333333334
0 0.41333333333333333 0.6316666666666667 0.023333333333333334 0.023333333333333334
0 0.86 0.83 0.023333333333333334 0.023333333333333334
0 0.44333333333333336 0.49 0.02 0.02
0 0.7016666666666667 0.7216666666666667 0.03 0.03333333333333333
0 0.135 0.06833333333333333 0.023333333333333334 0.028333333333333332
0 0.28 0.25 0.023333333333333334 0.03166666666666667
0 0.38166666666666665 0.915 0.02666666666666667 0.03