0 0.6483333333333333 0.6566666666666666 0.023333333333333334 0.023333333333333334
0 0.5816666666666667 0.7583333333333333 0.02666666666666667 0.02666666666666667
0 0.575 0.8033333333333333 0.03333333333333333 0.03333333333333333
0 0.425 0.6883333333333334 0.023333333333333334 0.023333333333333334
0 0.155 0.9033333333333333 0.02666666666666667 0.02666666666666667
0 0.515 0.19666666666666666 0.03333333333333333 0.02666666666666667
0 0.5183333333333333 0.23666666666666666 0.02666666666666667 0.023333333333333334
0 0.5183333333333333 0.43833333333333335 0.023333333333333334 0.02
0 0.5216666666666666 0.46166666666666667 0.02666666666666667 0.02
0 0.62 0.295 0.02666666666666667 0.02666666666666667
0 0.57 0.44666666666666666 0.03666666666666667 0.03666666666666667
0 0.67 0.48833333333333334 0.02666666666666667 0.025