0 0.27 0.7433333333333333 0.02666666666666667 0.023333333333333334
0 0.355 0.7633333333333333 0.03 0.02666666666666667
0 0.45666666666666667 0.7183333333333334 0.02666666666666667 0.02666666666666667
0 0.48833333333333334 0.7366666666666667 0.02666666666666667 0.02666666666666667
0 0.19 0.6783333333333333 0.02666666666666667 0.03
0 0.20166666666666666 0.73 0.023333333333333334 0.02666666666666667
0 0.27166666666666667 0.49833333333333335 0.03 0.02666666666666667
0 0.3 0.495 0.02666666666666667 0.023333333333333334
0 0.22 0.49666666666666665 0.023333333333333334 0.02666666666666667
0 0.18666666666666668 0.7483333333333333 0.023333333333333334 0.021666666666666667
0 0.30666666666666664 0.7466666666666667 0.02666666666666667 0.023333333333333334
0 0.33 0.4633333333333333 0.02666666666666667 0.02666666666666667
0 0.48833333333333334 0.8716666666666667 0.02666666666666667 0.023333333333333334
0 0.19166666666666668 0.505 0.03 0.03
0 0.4266666666666667 0.7966666666666666 0.02666666666666667 0.02666666666666667
0 0.5733333333333334 0.8416666666666667 0.02666666666666667 0.02666666666666667