0 0.49666666666666665 0.39166666666666666 0.025 0.02666666666666667
0 0.5966666666666667 0.3933333333333333 0.02 0.023333333333333334
0 0.5366666666666666 0.3416666666666667 0.02666666666666667 0.023333333333333334
0 0.6616666666666666 0.41333333333333333 0.02666666666666667 0.02666666666666667
0 0.49166666666666664 0.255 0.028333333333333332 0.025
0 0.5583333333333333 0.63 0.023333333333333334 0.023333333333333334
0 0.6816666666666666 0.6066666666666667 0.03333333333333333 0.023333333333333334
0 0.6966666666666667 0.5866666666666667 0.02666666666666667 0.023333333333333334
0 0.6616666666666666 0.7616666666666667 0.023333333333333334 0.023333333333333334
0 0.715 0.75 0.02 0.02666666666666667
0 0.6066666666666667 0.6983333333333334 0.03166666666666667 0.03
0 0.63 0.8016666666666666 0.02666666666666667 0.023333333333333334
0 0.5633333333333334 0.755 0.03 0.028333333333333332
0 0.6433333333333333 0.5866666666666667 0.023333333333333334 0.02
0 0.5066666666666667 0.9466666666666667 0.023333333333333334 0.023333333333333334
0 0.6016666666666667 0.9383333333333334 0.02 0.02666666666666667
0 0.49833333333333335 0.975 0.02666666666666667 0.023333333333333334