0 0.245 0.8666666666666667 0.023333333333333334 0.02666666666666667
0 0.26166666666666666 0.8166666666666667 0.023333333333333334 0.03
0 0.13166666666666665 0.7916666666666666 0.02666666666666667 0.025
0 0.3016666666666667 0.9116666666666666 0.02 0.02666666666666667
0 0.3616666666666667 0.8466666666666667 0.02 0.02666666666666667
0 0.13833333333333334 0.8633333333333333 0.02666666666666667 0.023333333333333334
0 0.37166666666666665 0.9133333333333333 0.02666666666666667 0.028333333333333332
0 0.3333333333333333 0.9416666666666667 0.028333333333333332 0.03
0 0.31166666666666665 0.8783333333333333 0.023333333333333334 0.028333333333333332
0 0.10166666666666667 0.8483333333333334 0.023333333333333334 0.02
0 0.4216666666666667 0.04833333333333333 0.02666666666666667 0.025
0 0.095 0.37 0.023333333333333334 0.023333333333333334
0 0.7016666666666667 0.10166666666666667 0.03 0.02666666666666667
0 0.6733333333333333 0.07333333333333333 0.023333333333333334 0.02666666666666667
0 0.72 0.165 0.02666666666666667 0.025
0 0.7233333333333334 0.395 0.03 0.023333333333333334
0 0.8466666666666667 0.5566666666666666 0.023333333333333334 0.023333333333333334
0 0.8316666666666667 0.5783333333333334 0.02 0.02
0 0.8583333333333333 0.5716666666666667 0.02 0.023333333333333334
0 0.8516666666666667 0.6066666666666667 0.02 0.02
0 0.795 0.3433333333333333 0.02666666666666667 0.02666666666666667
0 0.785 0.31333333333333335 0.02 0.023333333333333334
0 0.7766666666666666 0.26166666666666666 0.02666666666666667 0.023333333333333334
0 0.8233333333333334 0.25166666666666665 0.023333333333333334 0.02
0 0.6583333333333333 0.25666666666666665 0.03 0.02666666666666667
0 0.735 0.10833333333333334 0.03 0.023333333333333334
0 0.9266666666666666 0.7283333333333334 0.02666666666666667 0.02666666666666667
0 0.775 0.02666666666666667 0.023333333333333334 0.02666666666666667
0 0.8183333333333334 0.30666666666666664 0.03 0.02666666666666667
0 0.9566666666666667 0.6083333333333333 0.023333333333333334 0.023333333333333334
0 0.9116666666666666 0.4716666666666667 0.03 0.02666666666666667
0 0.9316666666666666 0.455 0.03 0.02666666666666667
0 0.8283333333333334 0.405 0.02 0.02
0 0.6916666666666667 0.18 0.023333333333333334 0.02666666666666667
0 0.7416666666666667 0.12833333333333333 0.03 0.02666666666666667
0 0.81 0.23 0.023333333333333334 0.023333333333333334
0 0.6666666666666666 0.043333333333333335 0.03 0.03
0 0.9116666666666666 0.12333333333333334 0.02666666666666667 0.02666666666666667
0 0.5466666666666666 0.09166666666666666 0.02666666666666667 0.023333333333333334
0 0.8616666666666667 0.18333333333333332 0.023333333333333334 0.023333333333333334
0 0.5283333333333333 0.06833333333333333 0.02 0.02
0 0.7933333333333333 0.18333333333333332 0.02666666666666667 0.023333333333333334
0 0.8183333333333334 0.14 0.016666666666666666 0.02
0 0.8466666666666667 0.4766666666666667 0.023333333333333334 0.02
0 0.765 0.21833333333333332 0.02 0.02
0 0.8833333333333333 0.13 0.023333333333333334 0.02
0 0.8716666666666667 0.6083333333333333 0.023333333333333334 0.023333333333333334
0 0.9216666666666666 0.20666666666666667 0.02666666666666667 0.02
0 0.7666666666666667 0.28833333333333333 0.023333333333333334 0.02
0 0.8783333333333333 0.6583333333333333 0.02 0.02
0 0.7716666666666666 0.5966666666666667 0.02 0.023333333333333334
0 0.865 0.44333333333333336 0.023333333333333334 0.023333333333333334