0 0.195 0.7433333333333333 0.03166666666666667 0.03
0 0.2916666666666667 0.615 0.02666666666666667 0.03
0 0.19833333333333333 0.6 0.023333333333333334 0.028333333333333332
0 0.16333333333333333 0.5733333333333334 0.02666666666666667 0.02666666666666667
0 0.16 0.735 0.03 0.03
0 0.23166666666666666 0.7833333333333333 0.02666666666666667 0.03
0 0.3983333333333333 0.5583333333333333 0.03 0.03666666666666667
0 0.45 0.5383333333333333 0.03 0.02666666666666667
0 0.27666666666666667 0.5566666666666666 0.03 0.023333333333333334
0 0.37166666666666665 0.5233333333333333 0.02666666666666667 0.023333333333333334
0 0.3516666666666667 0.535 0.02666666666666667 0.02666666666666667
0 0.2633333333333333 0.5133333333333333 0.03 0.02666666666666667
0 0.23 0.5433333333333333 0.023333333333333334 0.023333333333333334
0 0.18333333333333332 0.26666666666666666 0.02 0.023333333333333334
0 0.3233333333333333 0.42833333333333334 0.02 0.02
0 0.235 0.4683333333333333 0.02666666666666667 0.03
0 0.6883333333333334 0.36 0.018333333333333333 0.025
0 0.6216666666666667 0.3883333333333333 0.021666666666666667 0.021666666666666667
0 0.75 0.33166666666666667 0.023333333333333334 0.023333333333333334
0 0.78 0.285 0.02 0.021666666666666667
0 0.7533333333333333 0.105 0.023333333333333334 0.02
0 0.8533333333333334 0.3433333333333333 0.02 0.03
0 0.6033333333333334 0.17333333333333334 0.02666666666666667 0.023333333333333334
0 0.5833333333333334 0.17833333333333334 0.02666666666666667 0.02
0 0.675 0.245 0.023333333333333334 0.02666666666666667
0 0.6483333333333333 0.25333333333333335 0.023333333333333334 0.023333333333333334
0 0.5733333333333334 0.06166666666666667 0.023333333333333334 0.023333333333333334
0 0.6233333333333333 0.23166666666666666 0.023333333333333334 0.02
0 0.9183333333333333 0.45166666666666666 0.021666666666666667 0.023333333333333334
0 0.675 0.8283333333333334 0.03 0.03
0 0.745 0.825 0.023333333333333334 0.023333333333333334
0 0.785 0.8083333333333333 0.02666666666666667 0.02666666666666667
0 0.8166666666666667 0.7916666666666666 0.025 0.023333333333333334
0 0.6283333333333333 0.8466666666666667 0.023333333333333334 0.02
0 0.8766666666666667 0.585 0.02666666666666667 0.025
0 0.745 0.6033333333333334 0.03 0.02666666666666667
0 0.5616666666666666 0.5666666666666667 0.03 0.03333333333333333
0 0.5783333333333334 0.7866666666666666 0.03 0.03
0 0.925 0.7133333333333334 0.02666666666666667 0.02666666666666667
0 0.695 0.7683333333333333 0.02666666666666667 0.02666666666666667
0 0.9566666666666667 0.74 0.023333333333333334 0.023333333333333334
0 0.29833333333333334 0.5066666666666667 0.02666666666666667 0.02666666666666667
0 0.41333333333333333 0.49833333333333335 0.023333333333333334 0.03
0 0.5316666666666666 0.555 0.03 0.03333333333333333
0 0.9766666666666667 0.4266666666666667 0.028333333333333332 0.025
0 0.9316666666666666 0.7466666666666667 0.018333333333333333 0.02
0 0.845 0.79 0.023333333333333334 0.028333333333333332
0 0.4083333333333333 0.9433333333333334 0.02666666666666667 0.028333333333333332
0 0.71 0.805 0.023333333333333334 0.025
0 0.02666666666666667 0.6616666666666666 0.021666666666666667 0.021666666666666667