0 0.285 0.4633333333333333 0.02666666666666667 0.02666666666666667
0 0.2866666666666667 0.43666666666666665 0.02 0.016666666666666666
0 0.4533333333333333 0.37333333333333335 0.03 0.02
0 0.41833333333333333 0.37666666666666665 0.02666666666666667 0.023333333333333334
0 0.395 0.8133333333333334 0.023333333333333334 0.023333333333333334
0 0.42 0.8216666666666667 0.023333333333333334 0.023333333333333334
0 0.38166666666666665 0.86 0.02 0.02
0 0.065 0.8666666666666667 0.02666666666666667 0.02
0 0.4533333333333333 0.9016666666666666 0.02666666666666667 0.02666666666666667
0 0.20166666666666666 0.6883333333333334 0.02666666666666667 0.02666666666666667
0 0.44666666666666666 0.8116666666666666 0.02 0.02
0 0.5016666666666667 0.8283333333333334 0.02666666666666667 0.023333333333333334
0 0.3883333333333333 0.8416666666666667 0.02 0.02
0 0.51 0.87 0.02 0.023333333333333334
0 0.43 0.9083333333333333 0.023333333333333334 0.02
0 0.40166666666666667 0.8683333333333333 0.02 0.023333333333333334
0 0.4166666666666667 0.8616666666666667 0.023333333333333334 0.02
0 0.44333333333333336 0.7833333333333333 0.02666666666666667 0.023333333333333334
0 0.5166666666666667 0.7866666666666666 0.023333333333333334 0.02666666666666667
0 0.10166666666666667 0.9733333333333334 0.02 0.023333333333333334
0 0.11833333333333333 0.975 0.023333333333333334 0.023333333333333334
0 0.20166666666666666 0.5416666666666666 0.02666666666666667 0.03
0 0.23833333333333334 0.7516666666666667 0.023333333333333334 0.023333333333333334
0 0.11166666666666666 0.9366666666666666 0.03 0.02666666666666667
0 0.465 0.9433333333333334 0.02 0.023333333333333334
0 0.6383333333333333 0.5533333333333333 0.023333333333333334 0.02
0 0.6883333333333334 0.5566666666666666 0.02 0.02
0 0.6616666666666666 0.5633333333333334 0.023333333333333334 0.02
0 0.7083333333333334 0.565 0.02666666666666667 0.02
0 0.7233333333333334 0.5833333333333334 0.023333333333333334 0.02
0 0.6483333333333333 0.5866666666666667 0.02 0.02
0 0.59 0.605 0.025 0.028333333333333332
0 0.5733333333333334 0.8616666666666667 0.02666666666666667 0.023333333333333334
0 0.6733333333333333 0.7016666666666667 0.02666666666666667 0.03
0 0.6883333333333334 0.5816666666666667 0.016666666666666666 0.016666666666666666
0 0.54 0.7816666666666666 0.02 0.02
0 0.5233333333333333 0.6266666666666667 0.02 0.02
0 0.725 0.5616666666666666 0.02 0.02
0 0.5916666666666667 0.8166666666666667 0.023333333333333334 0.016666666666666666
0 0.65 0.8183333333333334 0.02666666666666667 0.02666666666666667
0 0.025 0.9716666666666667 0.02 0.023333333333333334