0 0.6966666666666667 0.795 0.03 0.03333333333333333
0 0.5433333333333333 0.30666666666666664 0.02666666666666667 0.03
0 0.5566666666666666 0.08333333333333333 0.02 0.02
0 0.8516666666666667 0.065 0.03 0.03
0 0.5333333333333333 0.08833333333333333 0.02 0.02
0 0.6733333333333333 0.6116666666666667 0.03 0.02666666666666667
0 0.6166666666666667 0.6383333333333333 0.023333333333333334 0.023333333333333334
0 0.46166666666666667 0.8066666666666666 0.02666666666666667 0.02666666666666667
0 0.30666666666666664 0.95 0.03 0.03333333333333333
0 0.06833333333333333 0.955 0.023333333333333334 0.02666666666666667
0 0.12833333333333333 0.9533333333333334 0.02666666666666667 0.02
0 0.19833333333333333 0.9383333333333334 0.023333333333333334 0.023333333333333334
0 0.135 0.9116666666666666 0.023333333333333334 0.02666666666666667
0 0.175 0.93 0.02 0.02
0 0.14166666666666666 0.94 0.02 0.02
0 0.33166666666666667 0.9316666666666666 0.02666666666666667 0.02
0 0.20333333333333334 0.8533333333333334 0.02666666666666667 0.023333333333333334
0 0.32166666666666666 0.9083333333333333 0.02 0.02666666666666667
0 0.195 0.9183333333333333 0.013333333333333334 0.02
0 0.375 0.43833333333333335 0.03333333333333333 0.03
0 0.37666666666666665 0.375 0.02666666666666667 0.02666666666666667
0 0.5216666666666666 0.056666666666666664 0.02 0.023333333333333334
0 0.4683333333333333 0.11666666666666667 0.023333333333333334 0.02666666666666667
0 0.4816666666666667 0.15666666666666668 0.03 0.03
0 0.30833333333333335 0.5216666666666666 0.02666666666666667 0.03333333333333333
0 0.5216666666666666 0.16166666666666665 0.023333333333333334 0.02
0 0.3983333333333333 0.38666666666666666 0.023333333333333334 0.023333333333333334
0 0.33666666666666667 0.4166666666666667 0.023333333333333334 0.023333333333333334
0 0.8116666666666666 0.07333333333333333 0.023333333333333334 0.03
0 0.5783333333333334 0.08666666666666667 0.016666666666666666 0.02666666666666667