0 0.42833333333333334 0.36333333333333334 0.03 0.03
0 0.46 0.29 0.02666666666666667 0.023333333333333334
0 0.4766666666666667 0.26666666666666666 0.03 0.02666666666666667
0 0.44666666666666666 0.26 0.02666666666666667 0.023333333333333334
0 0.3 0.041666666666666664 0.03 0.023333333333333334
0 0.325 0.06166666666666667 0.02666666666666667 0.02666666666666667
0 0.32166666666666666 0.08333333333333333 0.03 0.02666666666666667
0 0.24666666666666667 0.36333333333333334 0.03 0.02666666666666667
0 0.475 0.075 0.02 0.02
0 0.435 0.13833333333333334 0.02666666666666667 0.023333333333333334
0 0.39166666666666666 0.075 0.02666666666666667 0.02
0 0.3516666666666667 0.14833333333333334 0.02 0.023333333333333334
0 0.40166666666666667 0.37 0.02666666666666667 0.02666666666666667
0 0.24666666666666667 0.3433333333333333 0.03 0.02
0 0.41333333333333333 0.025 0.023333333333333334 0.023333333333333334
0 0.465 0.03666666666666667 0.023333333333333334 0.02
0 0.2866666666666667 0.11666666666666667 0.02666666666666667 0.023333333333333334
0 0.29833333333333334 0.08333333333333333 0.023333333333333334 0.023333333333333334
0 0.27166666666666667 0.18166666666666667 0.023333333333333334 0.023333333333333334
0 0.48 0.25166666666666665 0.02666666666666667 0.023333333333333334
0 0.31833333333333336 0.22666666666666666 0.023333333333333334 0.02666666666666667
0 0.26666666666666666 0.02 0.023333333333333334 0.02666666666666667
0 0.3616666666666667 0.11333333333333333 0.023333333333333334 0.02
0 0.3883333333333333 0.09833333333333333 0.02 0.02
0 0.4066666666666667 0.125 0.03 0.023333333333333334
0 0.12166666666666667 0.40166666666666667 0.02 0.02
0 0.155 0.44666666666666666 0.023333333333333334 0.023333333333333334
0 0.47333333333333333 0.023333333333333334 0.023333333333333334 0.02
0 0.37666666666666665 0.08166666666666667 0.023333333333333334 0.023333333333333334
0 0.22833333333333333 0.19666666666666666 0.03166666666666667 0.028333333333333332
0 0.4266666666666667 0.31 0.02 0.02
0 0.5416666666666666 0.22666666666666666 0.023333333333333334 0.02666666666666667
0 0.6033333333333334 0.2633333333333333 0.02 0.02
0 0.5983333333333334 0.125 0.02666666666666667 0.02666666666666667
0 0.6283333333333333 0.025 0.02666666666666667 0.02666666666666667
0 0.575 0.195 0.02666666666666667 0.028333333333333332
0 0.24833333333333332 0.013333333333333334 0.02666666666666667 0.02666666666666667
0 0.5233333333333333 0.22166666666666668 0.023333333333333334 0.02666666666666667
0 0.6983333333333334 0.056666666666666664 0.023333333333333334 0.023333333333333334
0 0.3383333333333333 0.42 0.02666666666666667 0.023333333333333334
0 0.595 0.245 0.02666666666666667 0.018333333333333333
0 0.5566666666666666 0.09833333333333333 0.02666666666666667 0.03