0 0.33166666666666667 0.96 0.03 0.03
0 0.36833333333333335 0.9616666666666667 0.02666666666666667 0.02666666666666667
0 0.16166666666666665 0.8533333333333334 0.02666666666666667 0.02666666666666667
0 0.3233333333333333 0.8133333333333334 0.03 0.03
0 0.015 0.03333333333333333 0.02666666666666667 0.02666666666666667
0 0.8716666666666667 0.24166666666666667 0.02666666666666667 0.023333333333333334
0 0.87 0.43666666666666665 0.02666666666666667 0.03333333333333333
0 0.7533333333333333 0.245 0.03 0.03
0 0.8416666666666667 0.2683333333333333 0.02666666666666667 0.02666666666666667
0 0.575 0.36 0.028333333333333332 0.02666666666666667
0 0.015 0.7366666666666667 0.02666666666666667 0.03166666666666667