0 0.215 0.145 0.02666666666666667 0.02
0 0.21166666666666667 0.18666666666666668 0.02666666666666667 0.02666666666666667
0 0.06666666666666667 0.45666666666666667 0.02666666666666667 0.023333333333333334
0 0.3616666666666667 0.20666666666666667 0.03 0.03
0 0.8333333333333334 0.18333333333333332 0.02666666666666667 0.02666666666666667
0 0.9783333333333334 0.13166666666666665 0.03 0.02666666666666667
0 0.9116666666666666 0.13166666666666665 0.03 0.023333333333333334
0 0.9483333333333334 0.33 0.02 0.02666666666666667
0 0.8433333333333334 0.30333333333333334 0.03 0.02666666666666667
0 0.865 0.11666666666666667 0.03 0.03
0 0.9133333333333333 0.18666666666666668 0.03 0.03
0 0.8383333333333334 0.20833333333333334 0.03 0.02666666666666667
0 0.07166666666666667 0.32 0.02666666666666667 0.023333333333333334
0 0.5766666666666667 0.8533333333333334 0.02666666666666667 0.02666666666666667
0 0.6283333333333333 0.6166666666666667 0.02666666666666667 0.023333333333333334
0 0.6666666666666666 0.6183333333333333 0.02666666666666667 0.023333333333333334
0 0.7333333333333333 0.84 0.02666666666666667 0.023333333333333334
0 0.5966666666666667 0.8183333333333334 0.02666666666666667 0.023333333333333334
0 0.98 0.8516666666666667 0.023333333333333334 0.023333333333333334
0 0.8166666666666667 0.9216666666666666 0.023333333333333334 0.02666666666666667
0 0.56 0.71 0.02666666666666667 0.02666666666666667
0 0.6966666666666667 0.5066666666666667 0.03 0.02666666666666667
0 0.13666666666666666 0.685 0.02666666666666667 0.02666666666666667
0 0.145 0.6683333333333333 0.02666666666666667 0.023333333333333334
0 0.08833333333333333 0.8316666666666667 0.023333333333333334 0.02
0 0.20333333333333334 0.8333333333333334 0.02 0.02
0 0.5016666666666667 0.895 0.023333333333333334 0.02
0 0.21333333333333335 0.5766666666666667 0.03 0.03
0 0.13833333333333334 0.845 0.02666666666666667 0.02666666666666667
0 0.10666666666666667 0.7933333333333333 0.02666666666666667 0.023333333333333334
0 0.05 0.7266666666666667 0.02666666666666667 0.02666666666666667