0 0.49333333333333335 0.7816666666666666 0.03333333333333333 0.03
0 0.6816666666666666 0.7733333333333333 0.023333333333333334 0.023333333333333334
0 0.6383333333333333 0.5466666666666666 0.03333333333333333 0.03
0 0.12833333333333333 0.6583333333333333 0.023333333333333334 0.02666666666666667
0 0.9016666666666666 0.9583333333333334 0.023333333333333334 0.023333333333333334
0 0.9533333333333334 0.98 0.03 0.03
0 0.9666666666666667 0.7666666666666667 0.02 0.02666666666666667
0 0.5683333333333334 0.6 0.02666666666666667 0.02666666666666667
0 0.7016666666666667 0.6966666666666667 0.02 0.023333333333333334
0 0.205 0.9016666666666666 0.023333333333333334 0.023333333333333334
0 0.6316666666666667 0.5066666666666667 0.02666666666666667 0.02
0 0.69 0.41833333333333333 0.03333333333333333 0.02
0 0.6833333333333333 0.3883333333333333 0.023333333333333334 0.023333333333333334
0 0.7083333333333334 0.37833333333333335 0.023333333333333334 0.03
0 0.655 0.37166666666666665 0.03 0.03
0 0.7066666666666667 0.43833333333333335 0.03 0.02
0 0.6716666666666666 0.15 0.023333333333333334 0.03
0 0.8783333333333333 0.465 0.023333333333333334 0.023333333333333334
0 0.055 0.2733333333333333 0.02666666666666667 0.03333333333333333
0 0.07333333333333333 0.3016666666666667 0.02666666666666667 0.03
0 0.3416666666666667 0.37833333333333335 0.02666666666666667 0.03
0 0.11333333333333333 0.27 0.023333333333333334 0.023333333333333334
0 0.03166666666666667 0.07833333333333334 0.02666666666666667 0.023333333333333334
0 0.6316666666666667 0.475 0.028333333333333332 0.03333333333333333
0 0.555 0.715 0.03 0.03166666666666667
0 0.6583333333333333 0.7366666666666667 0.03166666666666667 0.03333333333333333
0 0.9766666666666667 0.7083333333333334 0.025 0.023333333333333334
0 0.16 0.4766666666666667 0.03333333333333333 0.035
0 0.07833333333333334 0.04 0.02666666666666667 0.025
0 0.04 0.7316666666666667 0.023333333333333334 0.028333333333333332
0 0.5266666666666666 0.575 0.02666666666666667 0.021666666666666667
0 0.6983333333333334 0.47333333333333333 0.028333333333333332 0.02666666666666667
0 0.5583333333333333 0.5433333333333333 0.016666666666666666 0.02
0 0.6183333333333333 0.7533333333333333 0.03333333333333333 0.03
0 0.555 0.6266666666666667 0.02666666666666667 0.02666666666666667
0 0.016666666666666666 0.10166666666666667 0.023333333333333334 0.025
0 0.04 0.03166666666666667 0.02 0.028333333333333332
0 0.25833333333333336 0.08166666666666667 0.023333333333333334 0.023333333333333334
0 0.33166666666666667 0.4666666666666667 0.02666666666666667 0.025
0 0.6033333333333334 0.4666666666666667 0.025 0.025
0 0.06 0.1 0.025 0.023333333333333334
0 0.5783333333333334 0.99 0.025 0.018333333333333333
0 0.8816666666666667 0.985 0.02666666666666667 0.02666666666666667
0 0.985 0.6633333333333333 0.025 0.02666666666666667