0 0.885 0.10166666666666667 0.03333333333333333 0.03
0 0.9466666666666667 0.16833333333333333 0.03 0.02666666666666667
0 0.9066666666666666 0.23833333333333334 0.03 0.02666666666666667
0 0.9666666666666667 0.24333333333333335 0.03 0.03
0 0.9133333333333333 0.44166666666666665 0.03 0.02666666666666667
0 0.985 0.6183333333333333 0.02666666666666667 0.02666666666666667
0 0.9033333333333333 0.6333333333333333 0.02666666666666667 0.023333333333333334
0 0.085 0.9883333333333333 0.02 0.02
0 0.9516666666666667 0.19833333333333333 0.02666666666666667 0.023333333333333334
0 0.94 0.47833333333333333 0.025 0.028333333333333332
0 0.8966666666666666 0.38 0.028333333333333332 0.03166666666666667