0 0.205 0.041666666666666664 0.023333333333333334 0.02666666666666667
0 0.35 0.36833333333333335 0.02666666666666667 0.03
0 0.028333333333333332 0.47333333333333333 0.023333333333333334 0.023333333333333334
0 0.043333333333333335 0.5133333333333333 0.02 0.02
0 0.03166666666666667 0.7933333333333333 0.02666666666666667 0.02666666666666667
0 0.5683333333333334 0.5283333333333333 0.02666666666666667 0.023333333333333334
0 0.30333333333333334 0.51 0.023333333333333334 0.02666666666666667
0 0.3016666666666667 0.5483333333333333 0.02666666666666667 0.02666666666666667
0 0.24166666666666667 0.8283333333333334 0.02666666666666667 0.02666666666666667
0 0.19666666666666666 0.7266666666666667 0.02666666666666667 0.03
0 0.18166666666666667 0.84 0.03 0.03
0 0.5666666666666667 0.6316666666666667 0.02666666666666667 0.03
0 0.42833333333333334 0.58 0.02 0.02
0 0.635 0.7433333333333333 0.02666666666666667 0.03
0 0.71 0.8816666666666667 0.023333333333333334 0.02666666666666667
0 0.7683333333333333 0.805 0.02 0.023333333333333334
0 0.8433333333333334 0.7333333333333333 0.02 0.02
0 0.6016666666666667 0.6983333333333334 0.03 0.03
0 0.5716666666666667 0.5966666666666667 0.02 0.03
0 0.5016666666666667 0.8533333333333334 0.02666666666666667 0.02666666666666667
0 0.5433333333333333 0.705 0.023333333333333334 0.023333333333333334
0 0.44666666666666666 0.5666666666666667 0.023333333333333334 0.03
0 0.08666666666666667 0.7783333333333333 0.02 0.02
0 0.225 0.68 0.02666666666666667 0.03
0 0.645 0.7816666666666666 0.03 0.02666666666666667
0 0.5916666666666667 0.8633333333333333 0.03 0.03
0 0.5766666666666667 0.735 0.023333333333333334 0.023333333333333334
0 0.5616666666666666 0.78 0.02666666666666667 0.02666666666666667
0 0.74 0.7533333333333333 0.023333333333333334 0.023333333333333334
0 0.2733333333333333 0.6183333333333333 0.02 0.023333333333333334
0 0.04833333333333333 0.7266666666666667 0.02666666666666667 0.02666666666666667
0 0.48833333333333334 0.30833333333333335 0.02666666666666667 0.02666666666666667
0 0.43333333333333335 0.6266666666666667 0.023333333333333334 0.023333333333333334
0 0.7533333333333333 0.6133333333333333 0.023333333333333334 0.023333333333333334
0 0.4266666666666667 0.5433333333333333 0.023333333333333334 0.023333333333333334
0 0.13666666666666666 0.17 0.02666666666666667 0.028333333333333332
0 0.715 0.6833333333333333 0.02666666666666667 0.02666666666666667
0 0.4816666666666667 0.27 0.02666666666666667 0.02666666666666667
0 0.795 0.9683333333333334 0.02666666666666667 0.02666666666666667
0 0.7866666666666666 0.7316666666666667 0.02666666666666667 0.023333333333333334
0 0.7516666666666667 0.7716666666666666 0.023333333333333334 0.023333333333333334
0 0.79 0.8766666666666667 0.02666666666666667 0.02666666666666667
0 0.31666666666666665 0.3566666666666667 0.023333333333333334 0.023333333333333334
0 0.03333333333333333 0.23 0.023333333333333334 0.023333333333333334
0 0.625 0.7016666666666667 0.023333333333333334 0.023333333333333334
0 0.6566666666666666 0.6533333333333333 0.03 0.03
0 0.056666666666666664 0.86 0.02666666666666667 0.02666666666666667
0 0.5166666666666667 0.315 0.02666666666666667 0.02666666666666667
0 0.095 0.29833333333333334 0.025 0.025
0 0.6833333333333333 0.6 0.03666666666666667 0.03333333333333333
0 0.47833333333333333 0.23833333333333334 0.03 0.02666666666666667
0 0.5216666666666666 0.24833333333333332 0.03 0.03333333333333333
0 0.9633333333333334 0.9516666666666667 0.023333333333333334 0.02666666666666667
0 0.4066666666666667 0.6383333333333333 0.023333333333333334 0.023333333333333334
0 0.095 0.6966666666666667 0.03 0.02666666666666667
0 0.67 0.6933333333333334 0.03 0.03
0 0.24333333333333335 0.6066666666666667 0.023333333333333334 0.03
0 0.41333333333333333 0.6716666666666666 0.02666666666666667 0.02666666666666667
0 0.20166666666666666 0.6733333333333333 0.03333333333333333 0.023333333333333334
0 0.4033333333333333 0.5616666666666666 0.02 0.03
0 0.9583333333333334 0.97 0.02 0.023333333333333334
0 0.043333333333333335 0.6716666666666666 0.016666666666666666 0.02666666666666667
0 0.6916666666666667 0.69 0.02 0.02666666666666667
0 0.585 0.57 0.018333333333333333 0.023333333333333334
0 0.4066666666666667 0.72 0.02 0.023333333333333334
0 0.38666666666666666 0.5733333333333334 0.02 0.02666666666666667
0 0.3 0.71 0.023333333333333334 0.023333333333333334
0 0.7866666666666666 0.7666666666666667 0.03 0.023333333333333334
0 0.7733333333333333 0.8283333333333334 0.02666666666666667 0.03333333333333333
0 0.8866666666666667 0.89 0.02 0.023333333333333334
0 0.4066666666666667 0.5183333333333333 0.02 0.023333333333333334
0 0.36 0.6666666666666666 0.02 0.023333333333333334
0 0.37833333333333335 0.7016666666666667 0.016666666666666666 0.02
0 0.35333333333333333 0.31 0.02 0.023333333333333334
0 0.01 0.7666666666666667 0.02 0.02666666666666667
0 0.95 0.91 0.02 0.018333333333333333
0 0.2833333333333333 0.38166666666666665 0.02666666666666667 0.02666666666666667