0 0.13833333333333334 0.04833333333333333 0.023333333333333334 0.02
0 0.5566666666666666 0.3466666666666667 0.02666666666666667 0.03
0 0.5816666666666667 0.38666666666666666 0.03 0.02666666666666667
0 0.555 0.37666666666666665 0.02666666666666667 0.03
0 0.5583333333333333 0.47833333333333333 0.02 0.02666666666666667
0 0.49333333333333335 0.47833333333333333 0.02666666666666667 0.03
0 0.465 0.4116666666666667 0.02 0.023333333333333334
0 0.5083333333333333 0.32166666666666666 0.02666666666666667 0.02666666666666667
0 0.49666666666666665 0.36666666666666664 0.02 0.023333333333333334
0 0.535 0.2783333333333333 0.03 0.03666666666666667
0 0.55 0.19166666666666668 0.03 0.02666666666666667
0 0.41 0.18333333333333332 0.02666666666666667 0.03
0 0.6616666666666666 0.3016666666666667 0.03333333333333333 0.02666666666666667
0 0.6733333333333333 0.2816666666666667 0.03 0.02666666666666667
0 0.59 0.235 0.03 0.03
0 0.6366666666666667 0.3466666666666667 0.023333333333333334 0.023333333333333334
0 0.53 0.45166666666666666 0.02666666666666667 0.02
0 0.5966666666666667 0.12333333333333334 0.03 0.03
0 0.6083333333333333 0.15166666666666667 0.02 0.03
0 0.6533333333333333 0.12166666666666667 0.02 0.02
0 0.685 0.15166666666666667 0.023333333333333334 0.02666666666666667
0 0.6666666666666666 0.06166666666666667 0.023333333333333334 0.02666666666666667
0 0.5433333333333333 0.06666666666666667 0.03333333333333333 0.03
0 0.58 0.01 0.02666666666666667 0.02
0 0.6166666666666667 0.018333333333333333 0.02666666666666667 0.03
0 0.7266666666666667 0.09333333333333334 0.03 0.03
0 0.86 0.013333333333333334 0.03 0.023333333333333334
0 0.97 0.043333333333333335 0.03 0.02666666666666667
0 0.9516666666666667 0.2683333333333333 0.03 0.023333333333333334
0 0.91 0.47833333333333333 0.02666666666666667 0.02
0 0.4766666666666667 0.2733333333333333 0.023333333333333334 0.02
0 0.5916666666666667 0.4866666666666667 0.023333333333333334 0.023333333333333334
0 0.49833333333333335 0.09333333333333334 0.023333333333333334 0.023333333333333334
0 0.61 0.38333333333333336 0.023333333333333334 0.023333333333333334
0 0.455 0.4583333333333333 0.023333333333333334 0.023333333333333334
0 0.49 0.6733333333333333 0.03 0.03
0 0.5366666666666666 0.6983333333333334 0.03 0.02666666666666667
0 0.44333333333333336 0.5716666666666667 0.03 0.03
0 0.49 0.55 0.03 0.03
0 0.565 0.5483333333333333 0.02666666666666667 0.03
0 0.5066666666666667 0.7 0.03 0.023333333333333334
0 0.7516666666666667 0.65 0.02666666666666667 0.03
0 0.6966666666666667 0.6816666666666666 0.023333333333333334 0.02
0 0.12 0.63 0.03 0.02666666666666667
0 0.47833333333333333 0.6333333333333333 0.02 0.02
0 0.49333333333333335 0.6383333333333333 0.03 0.02
0 0.6083333333333333 0.6 0.02666666666666667 0.02
0 0.5666666666666667 0.6833333333333333 0.023333333333333334 0.03
0 0.7566666666666667 0.5783333333333334 0.03 0.03