0 0.9383333333333334 0.415 0.028333333333333332 0.03833333333333333
0 0.5883333333333334 0.945 0.03333333333333333 0.02666666666666667
0 0.6466666666666666 0.94 0.023333333333333334 0.02
0 0.5616666666666666 0.97 0.02666666666666667 0.02
0 0.6666666666666666 0.8983333333333333 0.02666666666666667 0.02666666666666667
0 0.9266666666666666 0.65 0.04 0.035
0 0.4 0.8666666666666667 0.03 0.03
0 0.395 0.84 0.02666666666666667 0.03
0 0.4483333333333333 0.9283333333333333 0.03 0.023333333333333334
0 0.5333333333333333 0.9366666666666666 0.023333333333333334 0.03
0 0.5166666666666667 0.8966666666666666 0.02666666666666667 0.023333333333333334