0 0.17666666666666667 0.58 0.02666666666666667 0.023333333333333334
0 0.14666666666666667 0.52 0.02666666666666667 0.02666666666666667
0 0.25 0.31833333333333336 0.02666666666666667 0.02666666666666667
0 0.03833333333333333 0.8166666666666667 0.023333333333333334 0.023333333333333334
0 0.27166666666666667 0.3883333333333333 0.02666666666666667 0.02666666666666667
0 0.15166666666666667 0.3383333333333333 0.02666666666666667 0.02666666666666667
0 0.22833333333333333 0.16 0.03 0.03
0 0.021666666666666667 0.46166666666666667 0.02666666666666667 0.02666666666666667
0 0.07333333333333333 0.10666666666666667 0.02666666666666667 0.02666666666666667
0 0.05 0.44666666666666666 0.02666666666666667 0.02666666666666667
0 0.22333333333333333 0.6783333333333333 0.02666666666666667 0.02666666666666667
0 0.34833333333333333 0.11 0.03 0.03
0 0.03666666666666667 0.8966666666666666 0.023333333333333334 0.023333333333333334
0 0.33 0.18333333333333332 0.02666666666666667 0.02666666666666667
0 0.14166666666666666 0.28833333333333333 0.03 0.03
0 0.12333333333333334 0.3283333333333333 0.03 0.02666666666666667
0 0.12666666666666668 0.7133333333333334 0.03 0.03
0 0.22666666666666666 0.38 0.03 0.03
0 0.08833333333333333 0.6366666666666667 0.03 0.02666666666666667
0 0.2783333333333333 0.34 0.02666666666666667 0.023333333333333334
0 0.19166666666666668 0.6183333333333333 0.02666666666666667 0.023333333333333334
0 0.3283333333333333 0.33666666666666667 0.03 0.03
0 0.20833333333333334 0.7433333333333333 0.02666666666666667 0.02666666666666667
0 0.075 0.8633333333333333 0.023333333333333334 0.023333333333333334
0 0.165 0.36666666666666664 0.02666666666666667 0.023333333333333334
0 0.08333333333333333 0.355 0.02666666666666667 0.02666666666666667
0 0.06333333333333334 0.8266666666666667 0.023333333333333334 0.023333333333333334
0 0.05 0.5366666666666666 0.023333333333333334 0.023333333333333334
0 0.1 0.7883333333333333 0.023333333333333334 0.023333333333333334
0 0.3233333333333333 0.09666666666666666 0.02666666666666667 0.023333333333333334
0 0.32666666666666666 0.38166666666666665 0.02666666666666667 0.023333333333333334
0 0.058333333333333334 0.64 0.023333333333333334 0.023333333333333334
0 0.4166666666666667 0.8566666666666667 0.023333333333333334 0.02
0 0.056666666666666664 0.9466666666666667 0.023333333333333334 0.028333333333333332
0 0.30833333333333335 0.13 0.03 0.03
0 0.12 0.9083333333333333 0.023333333333333334 0.023333333333333334
0 0.21666666666666667 0.7083333333333334 0.02666666666666667 0.023333333333333334
0 0.09666666666666666 0.6783333333333333 0.023333333333333334 0.02
0 0.06666666666666667 0.49833333333333335 0.03 0.03
0 0.2783333333333333 0.36 0.02666666666666667 0.03333333333333333
0 0.3283333333333333 0.22333333333333333 0.02666666666666667 0.02666666666666667
0 0.13 0.5566666666666666 0.02666666666666667 0.023333333333333334
0 0.011666666666666667 0.9216666666666666 0.023333333333333334 0.023333333333333334
0 0.14666666666666667 0.2733333333333333 0.03 0.02666666666666667
0 0.195 0.115 0.03 0.02666666666666667
0 0.26166666666666666 0.09333333333333334 0.02666666666666667 0.02666666666666667
0 0.20833333333333334 0.55 0.03 0.02666666666666667
0 0.19166666666666668 0.45166666666666666 0.02666666666666667 0.02666666666666667
0 0.19333333333333333 0.36833333333333335 0.023333333333333334 0.02666666666666667
0 0.29 0.5133333333333333 0.023333333333333334 0.02666666666666667
0 0.23166666666666666 0.5383333333333333 0.023333333333333334 0.04
0 0.10833333333333334 0.5583333333333333 0.023333333333333334 0.023333333333333334
0 0.16833333333333333 0.5316666666666666 0.02 0.023333333333333334
0 0.11166666666666666 0.34833333333333333 0.02666666666666667 0.023333333333333334
0 0.84 0.9866666666666667 0.023333333333333334 0.02
0 0.8316666666666667 0.7616666666666667 0.023333333333333334 0.02
0 0.9116666666666666 0.8133333333333334 0.02 0.02
0 0.92 0.535 0.023333333333333334 0.025
0 0.78 0.8116666666666666 0.03 0.02666666666666667
0 0.55 0.008333333333333333 0.02666666666666667 0.016666666666666666
0 0.8483333333333334 0.45 0.025 0.023333333333333334
0 0.5216666666666666 0.2833333333333333 0.023333333333333334 0.023333333333333334
0 0.65 0.4866666666666667 0.02 0.023333333333333334
0 0.57 0.4866666666666667 0.023333333333333334 0.023333333333333334
0 0.8683333333333333 0.535 0.02666666666666667 0.025
0 0.06333333333333334 0.895 0.025 0.025