0 0.8916666666666667 0.25833333333333336 0.025 0.025
0 0.18333333333333332 0.38166666666666665 0.03 0.03
0 0.043333333333333335 0.4683333333333333 0.025 0.023333333333333334
0 0.31666666666666665 0.18166666666666667 0.03 0.03
0 0.32666666666666666 0.395 0.03 0.028333333333333332
0 0.35333333333333333 0.345 0.03333333333333333 0.03333333333333333
0 0.225 0.6583333333333333 0.03 0.03
0 0.21833333333333332 0.6933333333333334 0.02666666666666667 0.02666666666666667
0 0.07833333333333334 0.97 0.02666666666666667 0.023333333333333334
0 0.36833333333333335 0.7133333333333334 0.03 0.03
0 0.8416666666666667 0.6916666666666667 0.02666666666666667 0.02666666666666667
0 0.9183333333333333 0.6383333333333333 0.03 0.023333333333333334
0 0.8716666666666667 0.6166666666666667 0.03 0.03
0 0.8466666666666667 0.7166666666666667 0.03 0.02666666666666667
0 0.07833333333333334 0.8316666666666667 0.02666666666666667 0.023333333333333334
0 0.8983333333333333 0.7133333333333334 0.02666666666666667 0.02666666666666667
0 0.9483333333333334 0.49166666666666664 0.02666666666666667 0.025
0 0.12666666666666668 0.7833333333333333 0.028333333333333332 0.028333333333333332
0 0.9866666666666667 0.6416666666666667 0.02666666666666667 0.025
0 0.075 0.8783333333333333 0.028333333333333332 0.025
0 0.4066666666666667 0.4216666666666667 0.03166666666666667 0.02666666666666667
0 0.13833333333333334 0.43666666666666665 0.03 0.03333333333333333