0 0.10166666666666667 0.32666666666666666 0.02 0.02
0 0.175 0.325 0.02666666666666667 0.02
0 0.041666666666666664 0.10333333333333333 0.03 0.023333333333333334
0 0.04833333333333333 0.245 0.023333333333333334 0.023333333333333334
0 0.056666666666666664 0.15833333333333333 0.023333333333333334 0.02
0 0.185 0.12833333333333333 0.02 0.02
0 0.12833333333333333 0.14 0.02666666666666667 0.02
0 0.12166666666666667 0.12666666666666668 0.016666666666666666 0.016666666666666666
0 0.06833333333333333 0.37166666666666665 0.03 0.02
0 0.12166666666666667 0.365 0.02 0.02
0 0.14333333333333334 0.055 0.02666666666666667 0.02
0 0.17333333333333334 0.11333333333333333 0.02 0.023333333333333334
0 0.20333333333333334 0.095 0.02666666666666667 0.023333333333333334
0 0.18833333333333332 0.35333333333333333 0.02 0.02
0 0.22166666666666668 0.07166666666666667 0.02 0.03
0 0.16666666666666666 0.4633333333333333 0.02 0.02
0 0.20333333333333334 0.33666666666666667 0.02 0.02
0 0.04833333333333333 0.08166666666666667 0.02666666666666667 0.02
0 0.15 0.345 0.023333333333333334 0.02
0 0.16333333333333333 0.21166666666666667 0.023333333333333334 0.023333333333333334
0 0.09333333333333334 0.14666666666666667 0.023333333333333334 0.023333333333333334
0 0.11666666666666667 0.10666666666666667 0.023333333333333334 0.023333333333333334
0 0.10833333333333334 0.3883333333333333 0.023333333333333334 0.023333333333333334
0 0.05333333333333334 0.3283333333333333 0.023333333333333334 0.023333333333333334
0 0.18166666666666667 0.7916666666666666 0.023333333333333334 0.02
0 0.185 0.7616666666666667 0.016666666666666666 0.02
0 0.07333333333333333 0.665 0.03 0.02
0 0.28833333333333333 0.7883333333333333 0.023333333333333334 0.02666666666666667
0 0.056666666666666664 0.8616666666666667 0.023333333333333334 0.02
0 0.16833333333333333 0.9566666666666667 0.03 0.02666666666666667
0 0.15333333333333332 0.78 0.02666666666666667 0.02666666666666667
0 0.03666666666666667 0.5483333333333333 0.02666666666666667 0.023333333333333334
0 0.12166666666666667 0.7633333333333333 0.023333333333333334 0.023333333333333334
0 0.13166666666666665 0.5816666666666667 0.023333333333333334 0.023333333333333334
0 0.14166666666666666 0.625 0.023333333333333334 0.02666666666666667
0 0.06833333333333333 0.625 0.02666666666666667 0.02666666666666667
0 0.021666666666666667 0.26 0.023333333333333334 0.023333333333333334
0 0.01 0.14833333333333334 0.02 0.03
0 0.013333333333333334 0.043333333333333335 0.02666666666666667 0.02666666666666667
0 0.17166666666666666 0.48833333333333334 0.02 0.02666666666666667
0 0.051666666666666666 0.04666666666666667 0.03 0.025