0 0.8216666666666667 0.3466666666666667 0.02666666666666667 0.02666666666666667
0 0.7233333333333334 0.31666666666666665 0.03333333333333333 0.02666666666666667
0 0.7433333333333333 0.19166666666666668 0.02666666666666667 0.023333333333333334
0 0.775 0.24 0.023333333333333334 0.023333333333333334
0 0.9333333333333333 0.4 0.023333333333333334 0.023333333333333334
0 0.87 0.18166666666666667 0.03 0.03
0 0.9466666666666667 0.4583333333333333 0.023333333333333334 0.023333333333333334
0 0.7616666666666667 0.31833333333333336 0.016666666666666666 0.02
0 0.8666666666666667 0.42833333333333334 0.023333333333333334 0.023333333333333334
0 0.08333333333333333 0.24166666666666667 0.02666666666666667 0.02
0 0.09833333333333333 0.21833333333333332 0.023333333333333334 0.023333333333333334
0 0.5016666666666667 0.10333333333333333 0.023333333333333334 0.023333333333333334
0 0.8733333333333333 0.61 0.02666666666666667 0.02666666666666667
0 0.9616666666666667 0.6383333333333333 0.028333333333333332 0.025
0 0.98 0.6683333333333333 0.03166666666666667 0.02
0 0.6416666666666667 0.9066666666666666 0.023333333333333334 0.023333333333333334
0 0.8766666666666667 0.29333333333333333 0.03 0.02666666666666667
0 0.9766666666666667 0.49 0.02666666666666667 0.03166666666666667