0 0.9616666666666667 0.5566666666666666 0.02666666666666667 0.023333333333333334
0 0.975 0.7 0.03 0.035
0 0.785 0.8816666666666667 0.03 0.03
0 0.715 0.9833333333333333 0.02666666666666667 0.02666666666666667
0 0.385 0.6166666666666667 0.03333333333333333 0.03
0 0.445 0.6833333333333333 0.03 0.02666666666666667
0 0.4066666666666667 0.7533333333333333 0.03166666666666667 0.03666666666666667
0 0.5166666666666667 0.8916666666666667 0.03 0.03
0 0.4633333333333333 0.7533333333333333 0.03 0.03
0 0.41333333333333333 0.9566666666666667 0.03 0.02666666666666667
0 0.49166666666666664 0.9766666666666667 0.02666666666666667 0.02666666666666667
0 0.7416666666666667 0.10666666666666667 0.02666666666666667 0.03333333333333333
0 0.8466666666666667 0.20666666666666667 0.023333333333333334 0.02666666666666667
0 0.7783333333333333 0.145 0.023333333333333334 0.03666666666666667
0 0.8766666666666667 0.165 0.02666666666666667 0.023333333333333334
0 0.855 0.155 0.02666666666666667 0.023333333333333334
0 0.9783333333333334 0.3983333333333333 0.03 0.03
0 0.9766666666666667 0.42833333333333334 0.02666666666666667 0.02666666666666667
0 0.265 0.38333333333333336 0.03 0.03
0 0.42 0.6433333333333333 0.02666666666666667 0.03333333333333333
0 0.8566666666666667 0.5916666666666667 0.03 0.03
0 0.8716666666666667 0.53 0.035 0.03