0 0.37833333333333335 0.05 0.02666666666666667 0.02666666666666667
0 0.38166666666666665 0.19333333333333333 0.02666666666666667 0.02
0 0.3016666666666667 0.03 0.023333333333333334 0.02
0 0.2633333333333333 0.05333333333333334 0.03 0.03
0 0.2966666666666667 0.06 0.023333333333333334 0.02
0 0.4866666666666667 0.11666666666666667 0.023333333333333334 0.02
0 0.6833333333333333 0.32666666666666666 0.02 0.02
0 0.6666666666666666 0.23833333333333334 0.023333333333333334 0.02
0 0.305 0.12166666666666667 0.02666666666666667 0.02
0 0.42833333333333334 0.07 0.02666666666666667 0.023333333333333334
0 0.3283333333333333 0.10833333333333334 0.02 0.02
0 0.45 0.16333333333333333 0.02666666666666667 0.02
0 0.49333333333333335 0.17666666666666667 0.023333333333333334 0.02
0 0.4666666666666667 0.18166666666666667 0.02 0.016666666666666666
0 0.4666666666666667 0.09833333333333333 0.023333333333333334 0.02
0 0.48833333333333334 0.06833333333333333 0.023333333333333334 0.02
0 0.26666666666666666 0.11333333333333333 0.023333333333333334 0.02
0 0.4633333333333333 0.14166666666666666 0.023333333333333334 0.02
0 0.42833333333333334 0.09833333333333333 0.02 0.02
0 0.6616666666666666 0.21666666666666667 0.023333333333333334 0.02666666666666667
0 0.6783333333333333 0.35833333333333334 0.023333333333333334 0.02
0 0.3333333333333333 0.25166666666666665 0.023333333333333334 0.02
0 0.37833333333333335 0.008333333333333333 0.023333333333333334 0.016666666666666666
0 0.465 0.19666666666666666 0.023333333333333334 0.023333333333333334
0 0.30833333333333335 0.15666666666666668 0.02666666666666667 0.023333333333333334
0 0.3616666666666667 0.19 0.02666666666666667 0.02666666666666667
0 0.3016666666666667 0.18833333333333332 0.023333333333333334 0.023333333333333334
0 0.31833333333333336 0.051666666666666666 0.02 0.02666666666666667
0 0.64 0.30833333333333335 0.023333333333333334 0.023333333333333334
0 0.43166666666666664 0.008333333333333333 0.02 0.016666666666666666
0 0.44 0.12333333333333334 0.02 0.023333333333333334
0 0.4533333333333333 0.11666666666666667 0.02 0.023333333333333334
0 0.4266666666666667 0.04 0.023333333333333334 0.02666666666666667
0 0.12666666666666668 0.5966666666666667 0.023333333333333334 0.023333333333333334
0 0.8233333333333334 0.8966666666666666 0.02666666666666667 0.023333333333333334
0 0.7066666666666667 0.7083333333333334 0.03 0.03
0 0.3466666666666667 0.12333333333333334 0.028333333333333332 0.02666666666666667