0 0.845 0.5783333333333334 0.03 0.03
0 0.07166666666666667 0.9716666666666667 0.02666666666666667 0.023333333333333334
0 0.86 0.49166666666666664 0.03 0.03
0 0.855 0.3983333333333333 0.03 0.02666666666666667
0 0.7716666666666666 0.37333333333333335 0.03 0.02666666666666667
0 0.7566666666666667 0.3383333333333333 0.03 0.02666666666666667
0 0.7883333333333333 0.30833333333333335 0.03 0.02666666666666667
0 0.9283333333333333 0.3283333333333333 0.02666666666666667 0.023333333333333334
0 0.7416666666666667 0.14833333333333334 0.02 0.03
0 0.7283333333333334 0.175 0.03333333333333333 0.02666666666666667
0 0.9433333333333334 0.505 0.03 0.02666666666666667
0 0.7766666666666666 0.13833333333333334 0.023333333333333334 0.02666666666666667
0 0.9666666666666667 0.45166666666666666 0.02666666666666667 0.02666666666666667
0 0.92 0.4033333333333333 0.02666666666666667 0.023333333333333334
0 0.9533333333333334 0.3933333333333333 0.023333333333333334 0.023333333333333334
0 0.9716666666666667 0.345 0.02666666666666667 0.02666666666666667
0 0.7883333333333333 0.3616666666666667 0.02666666666666667 0.02666666666666667
0 0.7533333333333333 0.17833333333333334 0.023333333333333334 0.02
0 0.018333333333333333 0.91 0.028333333333333332 0.023333333333333334
0 0.9883333333333333 0.395 0.023333333333333334 0.023333333333333334