0 0.59 0.18666666666666668 0.03 0.02666666666666667
0 0.7366666666666667 0.47333333333333333 0.02666666666666667 0.03
0 0.5966666666666667 0.4866666666666667 0.03 0.023333333333333334
0 0.5433333333333333 0.24666666666666667 0.023333333333333334 0.03
0 0.565 0.29 0.023333333333333334 0.03
0 0.7283333333333334 0.5183333333333333 0.02666666666666667 0.02
0 0.21166666666666667 0.43333333333333335 0.023333333333333334 0.03
0 0.4116666666666667 0.14833333333333334 0.02666666666666667 0.02666666666666667
0 0.36666666666666664 0.9666666666666667 0.03 0.023333333333333334
0 0.37166666666666665 0.9016666666666666 0.02666666666666667 0.02
0 0.16 0.9283333333333333 0.02666666666666667 0.02666666666666667
0 0.30333333333333334 0.9216666666666666 0.02666666666666667 0.02666666666666667
0 0.24 0.905 0.023333333333333334 0.02
0 0.465 0.8033333333333333 0.03 0.023333333333333334
0 0.49333333333333335 0.85 0.03 0.02666666666666667
0 0.43833333333333335 0.9716666666666667 0.03 0.03
0 0.43333333333333335 0.6466666666666666 0.023333333333333334 0.023333333333333334
0 0.71 0.9866666666666667 0.02666666666666667 0.023333333333333334
0 0.5466666666666666 0.6716666666666666 0.025 0.03
0 0.185 0.26 0.02666666666666667 0.023333333333333334
0 0.155 0.325 0.028333333333333332 0.023333333333333334
0 0.15166666666666667 0.7116666666666667 0.02666666666666667 0.02
0 0.5116666666666667 0.6283333333333333 0.028333333333333332 0.028333333333333332
0 0.5766666666666667 0.7966666666666666 0.02666666666666667 0.023333333333333334
0 0.5116666666666667 0.36666666666666664 0.03166666666666667 0.025
0 0.16833333333333333 0.7883333333333333 0.02666666666666667 0.02