0 0.32166666666666666 0.03666666666666667 0.02666666666666667 0.023333333333333334
0 0.4583333333333333 0.4066666666666667 0.02666666666666667 0.02666666666666667
0 0.4166666666666667 0.43666666666666665 0.02 0.02666666666666667
0 0.3616666666666667 0.8783333333333333 0.023333333333333334 0.023333333333333334
0 0.38333333333333336 0.8783333333333333 0.02666666666666667 0.023333333333333334
0 0.4633333333333333 0.13 0.023333333333333334 0.023333333333333334
0 0.36666666666666664 0.6366666666666667 0.02666666666666667 0.02666666666666667
0 0.41333333333333333 0.875 0.023333333333333334 0.023333333333333334
0 0.4633333333333333 0.36833333333333335 0.02666666666666667 0.023333333333333334
0 0.41833333333333333 0.57 0.023333333333333334 0.023333333333333334
0 0.3383333333333333 0.013333333333333334 0.023333333333333334 0.023333333333333334
0 0.03333333333333333 0.02666666666666667 0.023333333333333334 0.023333333333333334
0 0.01 0.3983333333333333 0.016666666666666666 0.023333333333333334
0 0.36333333333333334 0.7383333333333333 0.023333333333333334 0.021666666666666667
0 0.8016666666666666 0.07166666666666667 0.02666666666666667 0.02666666666666667
0 0.7816666666666666 0.16333333333333333 0.02 0.023333333333333334
0 0.7866666666666666 0.18333333333333332 0.02666666666666667 0.02
0 0.855 0.2783333333333333 0.03 0.02666666666666667
0 0.9416666666666667 0.37666666666666665 0.02666666666666667 0.023333333333333334
0 0.9316666666666666 0.4166666666666667 0.03 0.02666666666666667
0 0.8083333333333333 0.021666666666666667 0.023333333333333334 0.023333333333333334
0 0.9316666666666666 0.24166666666666667 0.02666666666666667 0.03
0 0.735 0.12833333333333333 0.023333333333333334 0.023333333333333334
0 0.7583333333333333 0.16333333333333333 0.02666666666666667 0.023333333333333334
0 0.8883333333333333 0.17666666666666667 0.02 0.016666666666666666
0 0.91 0.15833333333333333 0.02666666666666667 0.02666666666666667
0 0.7733333333333333 0.22666666666666666 0.02666666666666667 0.023333333333333334
0 0.9416666666666667 0.3016666666666667 0.023333333333333334 0.02666666666666667
0 0.9216666666666666 0.5233333333333333 0.025 0.021666666666666667
0 0.8066666666666666 0.54 0.02 0.02
0 0.8883333333333333 0.5533333333333333 0.023333333333333334 0.02
0 0.875 0.57 0.023333333333333334 0.02666666666666667
0 0.895 0.5933333333333334 0.023333333333333334 0.023333333333333334
0 0.9516666666666667 0.635 0.02 0.02
0 0.575 0.6566666666666666 0.02666666666666667 0.023333333333333334
0 0.9433333333333334 0.6733333333333333 0.023333333333333334 0.02
0 0.6883333333333334 0.69 0.023333333333333334 0.02
0 0.9083333333333333 0.7033333333333334 0.03 0.023333333333333334
0 0.6 0.7166666666666667 0.02 0.023333333333333334
0 0.8133333333333334 0.715 0.02 0.023333333333333334
0 0.9316666666666666 0.7333333333333333 0.023333333333333334 0.023333333333333334
0 0.965 0.795 0.023333333333333334 0.02
0 0.9033333333333333 0.9316666666666666 0.02 0.023333333333333334
0 0.41 0.006666666666666667 0.02666666666666667 0.013333333333333334
0 0.87 0.975 0.023333333333333334 0.02
0 0.9683333333333334 0.7716666666666666 0.02666666666666667 0.02666666666666667
0 0.945 0.7683333333333333 0.016666666666666666 0.021666666666666667
0 0.89 0.9833333333333333 0.02 0.02
0 0.5833333333333334 0.7466666666666667 0.02 0.02
0 0.7066666666666667 0.495 0.021666666666666667 0.023333333333333334
0 0.8483333333333334 0.5333333333333333 0.025 0.025
0 0.84 0.5783333333333334 0.02666666666666667 0.028333333333333332
0 0.8616666666666667 0.45666666666666667 0.03 0.028333333333333332