0 0.8983333333333333 0.35333333333333333 0.03 0.02666666666666667
0 0.875 0.2733333333333333 0.023333333333333334 0.023333333333333334
0 0.05 0.5833333333333334 0.025 0.023333333333333334
0 0.16333333333333333 0.4716666666666667 0.023333333333333334 0.023333333333333334
0 0.21833333333333332 0.52 0.023333333333333334 0.021666666666666667
0 0.245 0.5 0.021666666666666667 0.023333333333333334
0 0.3433333333333333 0.37166666666666665 0.023333333333333334 0.02
0 0.19833333333333333 0.5083333333333333 0.02 0.02
0 0.21666666666666667 0.44166666666666665 0.03 0.02
0 0.08333333333333333 0.4683333333333333 0.023333333333333334 0.023333333333333334
0 0.08 0.5016666666666667 0.02666666666666667 0.023333333333333334