0 0.335 0.02666666666666667 0.02 0.023333333333333334
0 0.31833333333333336 0.03833333333333333 0.02 0.02666666666666667
0 0.385 0.05 0.02 0.02666666666666667
0 0.43 0.095 0.02666666666666667 0.02666666666666667
0 0.4583333333333333 0.07166666666666667 0.02 0.02666666666666667
0 0.10833333333333334 0.35833333333333334 0.02666666666666667 0.023333333333333334
0 0.18 0.32166666666666666 0.023333333333333334 0.023333333333333334
0 0.4716666666666667 0.14666666666666667 0.02666666666666667 0.02666666666666667
0 0.13666666666666666 0.37 0.023333333333333334 0.023333333333333334
0 0.3333333333333333 0.13166666666666665 0.02666666666666667 0.023333333333333334
0 0.33666666666666667 0.043333333333333335 0.023333333333333334 0.02
0 0.31833333333333336 0.39 0.03 0.02666666666666667
0 0.03 0.05333333333333334 0.02666666666666667 0.02666666666666667
0 0.5916666666666667 0.12666666666666668 0.02 0.023333333333333334
0 0.7383333333333333 0.025 0.03 0.023333333333333334
0 0.805 0.255 0.03 0.02
0 0.8116666666666666 0.26666666666666666 0.03333333333333333 0.02
0 0.8566666666666667 0.2733333333333333 0.03 0.023333333333333334
0 0.8383333333333334 0.24666666666666667 0.02666666666666667 0.02
0 0.7783333333333333 0.31666666666666665 0.03 0.03333333333333333
0 0.7133333333333334 0.33166666666666667 0.02 0.02
0 0.7983333333333333 0.46166666666666667 0.028333333333333332 0.028333333333333332
0 0.5916666666666667 0.455 0.02 0.02
0 0.6283333333333333 0.46166666666666667 0.02 0.02
0 0.61 0.36666666666666664 0.02666666666666667 0.02
0 0.8066666666666666 0.43 0.02 0.03
0 0.9266666666666666 0.41 0.02666666666666667 0.02
0 0.6366666666666667 0.18166666666666667 0.03 0.023333333333333334
0 0.6233333333333333 0.21166666666666667 0.03 0.03
0 0.5233333333333333 0.195 0.023333333333333334 0.023333333333333334
0 0.7466666666666667 0.12 0.03 0.03
0 0.7416666666666667 0.265 0.02666666666666667 0.02
0 0.6783333333333333 0.19833333333333333 0.023333333333333334 0.02
0 0.7666666666666667 0.18 0.023333333333333334 0.02
0 0.56 0.17666666666666667 0.023333333333333334 0.03
0 0.5583333333333333 0.12 0.02 0.023333333333333334
0 0.7733333333333333 0.2683333333333333 0.02666666666666667 0.02666666666666667
0 0.6716666666666666 0.14833333333333334 0.03 0.02666666666666667
0 0.5966666666666667 0.14 0.02666666666666667 0.02666666666666667
0 0.7716666666666666 0.13833333333333334 0.03 0.03
0 0.11 0.655 0.02666666666666667 0.023333333333333334
0 0.10333333333333333 0.7466666666666667 0.02666666666666667 0.02
0 0.18666666666666668 0.745 0.02666666666666667 0.02
0 0.11166666666666666 0.6883333333333334 0.02666666666666667 0.023333333333333334
0 0.24166666666666667 0.8416666666666667 0.023333333333333334 0.023333333333333334
0 0.36833333333333335 0.9333333333333333 0.02666666666666667 0.02
0 0.24 0.9566666666666667 0.02 0.023333333333333334
0 0.08833333333333333 0.6766666666666666 0.023333333333333334 0.02666666666666667
0 0.13833333333333334 0.6583333333333333 0.02 0.02
0 0.045 0.7316666666666667 0.023333333333333334 0.02666666666666667
0 0.12333333333333334 0.9483333333333334 0.023333333333333334 0.02666666666666667
0 0.26 0.8033333333333333 0.016666666666666666 0.023333333333333334
0 0.24333333333333335 0.7916666666666666 0.02 0.02
0 0.21666666666666667 0.7366666666666667 0.02 0.02
0 0.425 0.9333333333333333 0.03333333333333333 0.023333333333333334
0 0.39666666666666667 0.9083333333333333 0.023333333333333334 0.023333333333333334
0 0.08 0.6 0.03 0.02666666666666667
0 0.25833333333333336 0.7283333333333334 0.023333333333333334 0.023333333333333334
0 0.15666666666666668 0.8766666666666667 0.02666666666666667 0.02666666666666667
0 0.3 0.965 0.03 0.02666666666666667
0 0.44166666666666665 0.9516666666666667 0.023333333333333334 0.023333333333333334
0 0.48 0.6516666666666666 0.02666666666666667 0.02666666666666667
0 0.14833333333333334 0.7233333333333334 0.023333333333333334 0.023333333333333334
0 0.03666666666666667 0.68 0.023333333333333334 0.023333333333333334
0 0.3566666666666667 0.8966666666666666 0.023333333333333334 0.023333333333333334
0 0.38166666666666665 0.8916666666666667 0.023333333333333334 0.023333333333333334
0 0.305 0.7883333333333333 0.023333333333333334 0.023333333333333334
0 0.04666666666666667 0.5816666666666667 0.023333333333333334 0.023333333333333334
0 0.11666666666666667 0.7366666666666667 0.023333333333333334 0.023333333333333334
0 0.7583333333333333 0.5733333333333334 0.02666666666666667 0.02
0 0.8283333333333334 0.5533333333333333 0.02666666666666667 0.03
0 0.79 0.5633333333333334 0.03 0.023333333333333334
0 0.98 0.5533333333333333 0.028333333333333332 0.02666666666666667
0 0.9766666666666667 0.7166666666666667 0.03 0.023333333333333334
0 0.6266666666666667 0.6233333333333333 0.02666666666666667 0.023333333333333334
0 0.9516666666666667 0.7933333333333333 0.03 0.023333333333333334
0 0.91 0.755 0.02666666666666667 0.02
0 0.91 0.7716666666666666 0.02666666666666667 0.023333333333333334
0 0.885 0.8516666666666667 0.023333333333333334 0.02666666666666667
0 0.8416666666666667 0.82 0.025 0.028333333333333332
0 0.9816666666666667 0.5816666666666667 0.02 0.02
0 0.8366666666666667 0.575 0.023333333333333334 0.023333333333333334
0 0.55 0.8116666666666666 0.03 0.02666666666666667
0 0.9383333333333334 0.7 0.023333333333333334 0.023333333333333334
0 0.975 0.6366666666666667 0.023333333333333334 0.023333333333333334
0 0.8 0.6083333333333333 0.023333333333333334 0.023333333333333334
0 0.765 0.6016666666666667 0.023333333333333334 0.023333333333333334
0 0.5483333333333333 0.83 0.023333333333333334 0.023333333333333334
0 0.7766666666666666 0.7816666666666666 0.023333333333333334 0.023333333333333334
0 0.8683333333333333 0.5983333333333334 0.023333333333333334 0.023333333333333334
0 0.8683333333333333 0.57 0.02666666666666667 0.02666666666666667
0 0.10833333333333334 0.02666666666666667 0.023333333333333334 0.03166666666666667
0 0.9083333333333333 0.5533333333333333 0.03 0.028333333333333332
0 0.95 0.49 0.023333333333333334 0.02666666666666667
0 0.5133333333333333 0.16166666666666665 0.02666666666666667 0.025
0 0.99 0.8516666666666667 0.018333333333333333 0.023333333333333334