0 0.37666666666666665 0.415 0.02666666666666667 0.03
0 0.40166666666666667 0.355 0.03 0.03333333333333333
0 0.335 0.37666666666666665 0.02666666666666667 0.02666666666666667
0 0.21666666666666667 0.26666666666666666 0.02666666666666667 0.02666666666666667
0 0.20166666666666666 0.24666666666666667 0.023333333333333334 0.02666666666666667
0 0.445 0.425 0.02666666666666667 0.03
0 0.4166666666666667 0.2966666666666667 0.02666666666666667 0.02666666666666667
0 0.5866666666666667 0.28833333333333333 0.02 0.02
0 0.13833333333333334 0.043333333333333335 0.023333333333333334 0.02666666666666667
0 0.3983333333333333 0.3933333333333333 0.023333333333333334 0.02
0 0.5133333333333333 0.4266666666666667 0.02 0.02
0 0.6366666666666667 0.4766666666666667 0.02666666666666667 0.02666666666666667
0 0.14333333333333334 0.13 0.02 0.02
0 0.40166666666666667 0.4716666666666667 0.02 0.023333333333333334
0 0.5333333333333333 0.3416666666666667 0.02 0.02
0 0.85 0.495 0.02666666666666667 0.02
0 0.5733333333333334 0.2683333333333333 0.02666666666666667 0.03
0 0.42 0.2633333333333333 0.02 0.023333333333333334
0 0.36333333333333334 0.365 0.02 0.02666666666666667
0 0.48333333333333334 0.485 0.023333333333333334 0.02666666666666667
0 0.3416666666666667 0.49333333333333335 0.023333333333333334 0.016666666666666666
0 0.5716666666666667 0.31666666666666665 0.02 0.023333333333333334
0 0.03666666666666667 0.16166666666666665 0.023333333333333334 0.023333333333333334
0 0.30833333333333335 0.205 0.02666666666666667 0.023333333333333334
0 0.6516666666666666 0.38333333333333336 0.02 0.02
0 0.04 0.11833333333333333 0.023333333333333334 0.023333333333333334
0 0.495 0.3466666666666667 0.023333333333333334 0.023333333333333334
0 0.4766666666666667 0.37333333333333335 0.016666666666666666 0.02
0 0.4866666666666667 0.38333333333333336 0.023333333333333334 0.023333333333333334
0 0.36333333333333334 0.29833333333333334 0.023333333333333334 0.02666666666666667
0 0.5166666666666667 0.37 0.02 0.023333333333333334
0 0.59 0.3466666666666667 0.02 0.023333333333333334
0 0.5383333333333333 0.32666666666666666 0.02 0.023333333333333334
0 0.47 0.6183333333333333 0.02 0.02666666666666667
0 0.34833333333333333 0.6016666666666667 0.02666666666666667 0.02666666666666667
0 0.355 0.5633333333333334 0.02666666666666667 0.02666666666666667
0 0.46 0.5783333333333334 0.02666666666666667 0.02666666666666667
0 0.49166666666666664 0.5816666666666667 0.02 0.02
0 0.6866666666666666 0.655 0.03 0.02666666666666667
0 0.8216666666666667 0.5566666666666666 0.023333333333333334 0.023333333333333334
0 0.78 0.8033333333333333 0.02 0.02666666666666667
0 0.7516666666666667 0.8033333333333333 0.023333333333333334 0.02666666666666667
0 0.8083333333333333 0.66 0.02666666666666667 0.02
0 0.7466666666666667 0.64 0.03 0.023333333333333334
0 0.6616666666666666 0.6216666666666667 0.02666666666666667 0.02
0 0.65 0.5283333333333333 0.023333333333333334 0.02666666666666667
0 0.6383333333333333 0.6766666666666666 0.03 0.02666666666666667
0 0.71 0.6666666666666666 0.023333333333333334 0.023333333333333334
0 0.5566666666666666 0.53 0.03 0.02666666666666667
0 0.8616666666666667 0.5233333333333333 0.03 0.02666666666666667
0 0.5783333333333334 0.5316666666666666 0.02 0.02
0 0.88 0.5583333333333333 0.03 0.02666666666666667
0 0.6866666666666666 0.9083333333333333 0.023333333333333334 0.023333333333333334
0 0.71 0.9116666666666666 0.023333333333333334 0.023333333333333334
0 0.605 0.7216666666666667 0.023333333333333334 0.023333333333333334
0 0.57 0.5083333333333333 0.02 0.023333333333333334
0 0.7366666666666667 0.5283333333333333 0.02 0.02
0 0.8883333333333333 0.5233333333333333 0.02666666666666667 0.02666666666666667
0 0.7133333333333334 0.685 0.023333333333333334 0.02
0 0.7133333333333334 0.5783333333333334 0.023333333333333334 0.02666666666666667
0 0.7716666666666666 0.68 0.02666666666666667 0.02
0 0.9083333333333333 0.6366666666666667 0.023333333333333334 0.023333333333333334
0 0.975 0.6433333333333333 0.023333333333333334 0.023333333333333334
0 0.67 0.7983333333333333 0.023333333333333334 0.023333333333333334
0 0.9766666666666667 0.7833333333333333 0.02666666666666667 0.023333333333333334
0 0.9283333333333333 0.66 0.016666666666666666 0.02
0 0.9416666666666667 0.6716666666666666 0.023333333333333334 0.02
0 0.5366666666666666 0.5633333333333334 0.023333333333333334 0.02
0 0.5116666666666667 0.5716666666666667 0.02666666666666667 0.02
0 0.515 0.505 0.023333333333333334 0.02
0 0.7883333333333333 0.6233333333333333 0.03166666666666667 0.02666666666666667
0 0.8616666666666667 0.62 0.023333333333333334 0.02666666666666667
0 0.075 0.09833333333333333 0.02 0.025
0 0.31666666666666665 0.265 0.023333333333333334 0.025
0 0.7716666666666666 0.71 0.025 0.03166666666666667
0 0.715 0.7316666666666667 0.03 0.02666666666666667