0 0.32666666666666666 0.6816666666666666 0.02666666666666667 0.03
0 0.21666666666666667 0.5816666666666667 0.03 0.023333333333333334
0 0.41833333333333333 0.6466666666666666 0.023333333333333334 0.023333333333333334
0 0.325 0.5116666666666667 0.023333333333333334 0.02
0 0.30666666666666664 0.5266666666666666 0.023333333333333334 0.023333333333333334
0 0.15833333333333333 0.18 0.03 0.023333333333333334
0 0.041666666666666664 0.14333333333333334 0.02666666666666667 0.02
0 0.15666666666666668 0.8866666666666667 0.03 0.02666666666666667
0 0.09166666666666666 0.39166666666666666 0.03 0.02666666666666667
0 0.38333333333333336 0.06666666666666667 0.03 0.025
0 0.37833333333333335 0.21833333333333332 0.02 0.02
0 0.30333333333333334 0.15 0.02 0.023333333333333334
0 0.27166666666666667 0.29833333333333334 0.023333333333333334 0.02666666666666667
0 0.24 0.8433333333333334 0.023333333333333334 0.023333333333333334
0 0.3 0.8133333333333334 0.03 0.03
0 0.25333333333333335 0.8616666666666667 0.02 0.02
0 0.29 0.8883333333333333 0.023333333333333334 0.02666666666666667
0 0.3333333333333333 0.27166666666666667 0.02666666666666667 0.023333333333333334
0 0.18 0.5883333333333334 0.03 0.02666666666666667
0 0.3883333333333333 0.23666666666666666 0.02666666666666667 0.02
0 0.24833333333333332 0.6466666666666666 0.023333333333333334 0.02
0 0.285 0.6283333333333333 0.023333333333333334 0.02
0 0.09666666666666666 0.585 0.02 0.023333333333333334
0 0.20333333333333334 0.8233333333333334 0.023333333333333334 0.02666666666666667
0 0.17166666666666666 0.955 0.023333333333333334 0.023333333333333334
0 0.335 0.36 0.02 0.02
0 0.31666666666666665 0.32666666666666666 0.02 0.023333333333333334
0 0.056666666666666664 0.17833333333333334 0.023333333333333334 0.023333333333333334
0 0.36333333333333334 0.2733333333333333 0.02666666666666667 0.02666666666666667
0 0.36333333333333334 0.25 0.023333333333333334 0.02666666666666667
0 0.18333333333333332 0.115 0.03 0.02666666666666667
0 0.10333333333333333 0.19166666666666668 0.023333333333333334 0.03
0 0.355 0.4816666666666667 0.023333333333333334 0.02666666666666667
0 0.4033333333333333 0.665 0.023333333333333334 0.02666666666666667
0 0.43666666666666665 0.485 0.02666666666666667 0.023333333333333334
0 0.21666666666666667 0.33 0.02666666666666667 0.03
0 0.056666666666666664 0.20166666666666666 0.02 0.02
0 0.07333333333333333 0.21666666666666667 0.023333333333333334 0.023333333333333334
0 0.18 0.17666666666666667 0.023333333333333334 0.02
0 0.17166666666666666 0.16666666666666666 0.023333333333333334 0.023333333333333334
0 0.19833333333333333 0.14833333333333334 0.023333333333333334 0.023333333333333334
0 0.6083333333333333 0.3433333333333333 0.03 0.02
0 0.6466666666666666 0.3283333333333333 0.03 0.03
0 0.5966666666666667 0.735 0.02666666666666667 0.03
0 0.5916666666666667 0.625 0.023333333333333334 0.02666666666666667
0 0.8966666666666666 0.28833333333333333 0.03 0.023333333333333334
0 0.9283333333333333 0.09666666666666666 0.023333333333333334 0.023333333333333334
0 0.9866666666666667 0.3416666666666667 0.02666666666666667 0.02666666666666667
0 0.8266666666666667 0.175 0.03333333333333333 0.023333333333333334
0 0.6333333333333333 0.37166666666666665 0.02 0.023333333333333334
0 0.5783333333333334 0.9 0.02666666666666667 0.023333333333333334
0 0.011666666666666667 0.13833333333333334 0.023333333333333334 0.03
0 0.525 0.6216666666666667 0.025 0.025
0 0.525 0.9216666666666666 0.03 0.03666666666666667
0 0.12333333333333334 0.10666666666666667 0.03 0.03166666666666667
0 0.21666666666666667 0.44666666666666666 0.02666666666666667 0.025
0 0.3333333333333333 0.9433333333333334 0.025 0.023333333333333334
0 0.35833333333333334 0.7766666666666666 0.02666666666666667 0.025
0 0.36833333333333335 0.6766666666666666 0.02 0.02666666666666667
0 0.5616666666666666 0.92 0.025 0.03
0 0.175 0.4683333333333333 0.03166666666666667 0.03
0 0.8183333333333334 0.5266666666666666 0.025 0.028333333333333332
0 0.11666666666666667 0.5433333333333333 0.023333333333333334 0.025
0 0.6333333333333333 0.8316666666666667 0.025 0.02666666666666667