0 0.3933333333333333 0.5466666666666666 0.03 0.03
0 0.6033333333333334 0.6683333333333333 0.02 0.023333333333333334
0 0.6733333333333333 0.6183333333333333 0.028333333333333332 0.03166666666666667
0 0.51 0.66 0.02666666666666667 0.023333333333333334
0 0.48833333333333334 0.5833333333333334 0.023333333333333334 0.03
0 0.5366666666666666 0.64 0.03 0.03
0 0.12833333333333333 0.3516666666666667 0.03 0.02666666666666667
0 0.13 0.33166666666666667 0.03 0.02
0 0.15166666666666667 0.285 0.03 0.023333333333333334
0 0.20833333333333334 0.24333333333333335 0.03 0.016666666666666666
0 0.21333333333333335 0.26166666666666666 0.03 0.023333333333333334
0 0.07 0.13166666666666665 0.03 0.03
0 0.375 0.5 0.03 0.03
0 0.24833333333333332 0.5866666666666667 0.03 0.02666666666666667
0 0.21333333333333335 0.5766666666666667 0.023333333333333334 0.023333333333333334
0 0.09166666666666666 0.5983333333333334 0.02 0.023333333333333334
0 0.36333333333333334 0.5333333333333333 0.023333333333333334 0.025
0 0.43333333333333335 0.565 0.023333333333333334 0.03
0 0.3383333333333333 0.715 0.023333333333333334 0.02666666666666667
0 0.18833333333333332 0.15666666666666668 0.03666666666666667 0.03
0 0.08166666666666667 0.3983333333333333 0.03 0.02666666666666667
0 0.5183333333333333 0.5983333333333334 0.02 0.02
0 0.44166666666666665 0.7083333333333334 0.023333333333333334 0.02666666666666667
0 0.4683333333333333 0.525 0.02 0.023333333333333334
0 0.7616666666666667 0.7116666666666667 0.023333333333333334 0.02
0 0.6583333333333333 0.6583333333333333 0.02 0.02
0 0.5 0.455 0.023333333333333334 0.02666666666666667
0 0.18666666666666668 0.3466666666666667 0.03 0.03
0 0.018333333333333333 0.5533333333333333 0.02666666666666667 0.03
0 0.06666666666666667 0.07666666666666666 0.023333333333333334 0.03
0 0.03166666666666667 0.2633333333333333 0.03 0.02666666666666667
0 0.25833333333333336 0.24666666666666667 0.02666666666666667 0.023333333333333334
0 0.2733333333333333 0.22666666666666666 0.02 0.02
0 0.2833333333333333 0.23833333333333334 0.023333333333333334 0.03
0 0.4116666666666667 0.5166666666666667 0.025 0.02666666666666667
0 0.03333333333333333 0.6183333333333333 0.02666666666666667 0.023333333333333334
0 0.7066666666666667 0.5983333333333334 0.02666666666666667 0.02666666666666667
0 0.4483333333333333 0.62 0.02 0.02
0 0.425 0.4033333333333333 0.023333333333333334 0.023333333333333334
0 0.5 0.4716666666666667 0.023333333333333334 0.023333333333333334
0 0.4066666666666667 0.6816666666666666 0.03 0.03
0 0.6833333333333333 0.72 0.02666666666666667 0.023333333333333334
0 0.016666666666666666 0.3933333333333333 0.02666666666666667 0.02666666666666667
0 0.011666666666666667 0.06333333333333334 0.023333333333333334 0.03333333333333333
0 0.33 0.75 0.023333333333333334 0.023333333333333334
0 0.4816666666666667 0.6283333333333333 0.023333333333333334 0.02666666666666667
0 0.5433333333333333 0.5816666666666667 0.016666666666666666 0.023333333333333334
0 0.5683333333333334 0.5866666666666667 0.023333333333333334 0.023333333333333334
0 0.5633333333333334 0.6766666666666666 0.02 0.023333333333333334
0 0.22 0.18333333333333332 0.02 0.02
0 0.475 0.5566666666666666 0.023333333333333334 0.023333333333333334
0 0.415 0.49333333333333335 0.025 0.021666666666666667