0 0.7233333333333334 0.3983333333333333 0.03 0.02666666666666667
0 0.6783333333333333 0.36333333333333334 0.023333333333333334 0.02
0 0.5666666666666667 0.2816666666666667 0.02666666666666667 0.02666666666666667
0 0.5666666666666667 0.23333333333333334 0.02666666666666667 0.03
0 0.6066666666666667 0.2816666666666667 0.02 0.023333333333333334
0 0.7783333333333333 0.3516666666666667 0.023333333333333334 0.023333333333333334
0 0.8683333333333333 0.38166666666666665 0.02 0.02
0 0.8933333333333333 0.3566666666666667 0.023333333333333334 0.02
0 0.5566666666666666 0.08833333333333333 0.02666666666666667 0.03
0 0.7183333333333334 0.6716666666666666 0.023333333333333334 0.023333333333333334
0 0.7066666666666667 0.365 0.02666666666666667 0.02
0 0.7616666666666667 0.42833333333333334 0.02666666666666667 0.02666666666666667
0 0.7433333333333333 0.7066666666666667 0.023333333333333334 0.023333333333333334
0 0.7383333333333333 0.7816666666666666 0.02666666666666667 0.02666666666666667
0 0.6166666666666667 0.29333333333333333 0.02666666666666667 0.023333333333333334
0 0.125 0.2833333333333333 0.023333333333333334 0.02
0 0.12166666666666667 0.36666666666666664 0.02 0.02
0 0.22833333333333333 0.385 0.023333333333333334 0.023333333333333334
0 0.13666666666666666 0.3516666666666667 0.03 0.02666666666666667
0 0.15666666666666668 0.2966666666666667 0.023333333333333334 0.023333333333333334
0 0.14 0.26 0.02666666666666667 0.023333333333333334
0 0.14833333333333334 0.22833333333333333 0.02 0.02
0 0.40166666666666667 0.24 0.03 0.02
0 0.08166666666666667 0.265 0.023333333333333334 0.02666666666666667
0 0.09166666666666666 0.30666666666666664 0.02 0.02
0 0.03666666666666667 0.20833333333333334 0.02 0.03
0 0.37833333333333335 0.4116666666666667 0.02666666666666667 0.023333333333333334
0 0.44166666666666665 0.3566666666666667 0.03 0.023333333333333334
0 0.435 0.2966666666666667 0.023333333333333334 0.023333333333333334
0 0.33666666666666667 0.2916666666666667 0.023333333333333334 0.02
0 0.4033333333333333 0.22166666666666668 0.02666666666666667 0.02666666666666667
0 0.016666666666666666 0.385 0.02 0.02
0 0.006666666666666667 0.8816666666666667 0.013333333333333334 0.023333333333333334
0 0.495 0.295 0.023333333333333334 0.028333333333333332
0 0.36666666666666664 0.295 0.023333333333333334 0.02666666666666667
0 0.3566666666666667 0.6533333333333333 0.02666666666666667 0.025