0 0.32166666666666666 0.8416666666666667 0.03 0.03
0 0.285 0.9083333333333333 0.02 0.03
0 0.58 0.7666666666666667 0.02666666666666667 0.03333333333333333
0 0.91 0.635 0.028333333333333332 0.03166666666666667
0 0.6816666666666666 0.9666666666666667 0.023333333333333334 0.02666666666666667
0 0.39166666666666666 0.7083333333333334 0.02666666666666667 0.023333333333333334
0 0.37166666666666665 0.07333333333333333 0.03 0.02666666666666667
0 0.4116666666666667 0.12333333333333334 0.02666666666666667 0.02666666666666667
0 0.3416666666666667 0.05333333333333334 0.03 0.03
0 0.5616666666666666 0.17333333333333334 0.02666666666666667 0.03
0 0.7766666666666666 0.18166666666666667 0.023333333333333334 0.02666666666666667
0 0.975 0.35833333333333334 0.028333333333333332 0.03
0 0.9783333333333334 0.3283333333333333 0.023333333333333334 0.03
0 0.76 0.08333333333333333 0.03 0.03
0 0.9016666666666666 0.17166666666666666 0.02 0.03
0 0.8466666666666667 0.185 0.02666666666666667 0.02666666666666667
0 0.5533333333333333 0.018333333333333333 0.02666666666666667 0.02666666666666667
0 0.5666666666666667 0.12166666666666667 0.023333333333333334 0.02
0 0.6616666666666666 0.04833333333333333 0.03666666666666667 0.04
0 0.74 0.22166666666666668 0.023333333333333334 0.03
0 0.78 0.31833333333333336 0.02 0.02666666666666667
0 0.6233333333333333 0.03166666666666667 0.023333333333333334 0.023333333333333334
0 0.675 0.24166666666666667 0.02666666666666667 0.023333333333333334
0 0.7316666666666667 0.08833333333333333 0.02 0.02
0 0.5916666666666667 0.008333333333333333 0.02666666666666667 0.016666666666666666