0 0.6666666666666666 0.5033333333333333 0.03 0.03
0 0.7216666666666667 0.5233333333333333 0.023333333333333334 0.023333333333333334
0 0.7383333333333333 0.5683333333333334 0.03 0.02666666666666667
0 0.695 0.5716666666666667 0.023333333333333334 0.023333333333333334
0 0.5216666666666666 0.6 0.02 0.02
0 0.7116666666666667 0.5933333333333334 0.02666666666666667 0.023333333333333334
0 0.6733333333333333 0.645 0.02 0.03
0 0.715 0.7216666666666667 0.03 0.02
0 0.8233333333333334 0.7216666666666667 0.03 0.03
0 0.6383333333333333 0.7283333333333334 0.023333333333333334 0.02
0 0.6816666666666666 0.73 0.02666666666666667 0.023333333333333334
0 0.7366666666666667 0.78 0.02666666666666667 0.02
0 0.6833333333333333 0.48 0.03 0.02
0 0.5683333333333334 0.48833333333333334 0.02666666666666667 0.02
0 0.14333333333333334 0.68 0.03333333333333333 0.02666666666666667
0 0.7316666666666667 0.46166666666666667 0.02666666666666667 0.02666666666666667
0 0.7583333333333333 0.14833333333333334 0.02666666666666667 0.02666666666666667
0 0.7733333333333333 0.3616666666666667 0.02666666666666667 0.02666666666666667
0 0.7666666666666667 0.03166666666666667 0.02666666666666667 0.023333333333333334
0 0.016666666666666666 0.29333333333333333 0.02666666666666667 0.03
0 0.44666666666666666 0.15333333333333332 0.02 0.02
0 0.7716666666666666 0.6983333333333334 0.02 0.02
0 0.66 0.9316666666666666 0.023333333333333334 0.023333333333333334
0 0.056666666666666664 0.18166666666666667 0.023333333333333334 0.02
0 0.5333333333333333 0.5733333333333334 0.023333333333333334 0.023333333333333334
0 0.02666666666666667 0.7333333333333333 0.02 0.023333333333333334
0 0.17333333333333334 0.7566666666666667 0.023333333333333334 0.023333333333333334
0 0.7516666666666667 0.8366666666666667 0.023333333333333334 0.02
0 0.6566666666666666 0.9133333333333333 0.02 0.02
0 0.71 0.7066666666666667 0.02 0.016666666666666666
0 0.72 0.7466666666666667 0.02 0.023333333333333334
0 0.7216666666666667 0.8183333333333334 0.023333333333333334 0.02
0 0.6816666666666666 0.6783333333333333 0.02 0.02666666666666667
0 0.65 0.545 0.023333333333333334 0.023333333333333334
0 0.8383333333333334 0.01 0.02 0.02
0 0.7183333333333334 0.44166666666666665 0.02666666666666667 0.02666666666666667
0 0.5216666666666666 0.5783333333333334 0.02 0.02
0 0.6866666666666666 0.6383333333333333 0.023333333333333334 0.016666666666666666
0 0.7066666666666667 0.6583333333333333 0.023333333333333334 0.02
0 0.765 0.8283333333333334 0.02 0.016666666666666666
0 0.7533333333333333 0.8033333333333333 0.02 0.016666666666666666
0 0.5633333333333334 0.9116666666666666 0.023333333333333334 0.023333333333333334
0 0.58 0.91 0.023333333333333334 0.02
0 0.8483333333333334 0.72 0.023333333333333334 0.023333333333333334
0 0.965 0.7166666666666667 0.02 0.02
0 0.8266666666666667 0.845 0.023333333333333334 0.021666666666666667