0 0.25166666666666665 0.24 0.03 0.02666666666666667
0 0.345 0.36 0.023333333333333334 0.023333333333333334
0 0.37166666666666665 0.4816666666666667 0.02666666666666667 0.023333333333333334
0 0.21833333333333332 0.021666666666666667 0.03 0.02666666666666667
0 0.36333333333333334 0.34 0.023333333333333334 0.02
0 0.3616666666666667 0.37833333333333335 0.023333333333333334 0.023333333333333334
0 0.3 0.4866666666666667 0.03 0.02666666666666667
0 0.29333333333333333 0.43833333333333335 0.023333333333333334 0.02
0 0.3416666666666667 0.3016666666666667 0.023333333333333334 0.02
0 0.2683333333333333 0.43 0.023333333333333334 0.023333333333333334
0 0.36333333333333334 0.41833333333333333 0.023333333333333334 0.023333333333333334
0 0.35 0.44166666666666665 0.023333333333333334 0.023333333333333334
0 0.335 0.31666666666666665 0.023333333333333334 0.023333333333333334
0 0.4066666666666667 0.4033333333333333 0.023333333333333334 0.023333333333333334
0 0.31833333333333336 0.44166666666666665 0.023333333333333334 0.02
0 0.4483333333333333 0.22333333333333333 0.02666666666666667 0.02666666666666667
0 0.32 0.26166666666666666 0.023333333333333334 0.023333333333333334
0 0.405 0.3283333333333333 0.02 0.02
0 0.18666666666666668 0.5516666666666666 0.02666666666666667 0.023333333333333334
0 0.28 0.645 0.023333333333333334 0.023333333333333334
0 0.2916666666666667 0.53 0.03 0.03
0 0.38666666666666666 0.5816666666666667 0.02666666666666667 0.023333333333333334
0 0.435 0.8133333333333334 0.03333333333333333 0.03
0 0.49 0.8783333333333333 0.03 0.02666666666666667
0 0.38 0.8966666666666666 0.02666666666666667 0.023333333333333334
0 0.42833333333333334 0.8716666666666667 0.02666666666666667 0.023333333333333334
0 0.20166666666666666 0.59 0.02666666666666667 0.02666666666666667
0 0.31333333333333335 0.7316666666666667 0.023333333333333334 0.023333333333333334
0 0.33166666666666667 0.7516666666666667 0.02666666666666667 0.02666666666666667
0 0.33 0.6116666666666667 0.03 0.03
0 0.295 0.6783333333333333 0.02666666666666667 0.02666666666666667
0 0.32666666666666666 0.825 0.02666666666666667 0.02666666666666667
0 0.295 0.5933333333333334 0.02666666666666667 0.02666666666666667
0 0.3466666666666667 0.8983333333333333 0.023333333333333334 0.023333333333333334
0 0.35333333333333333 0.5683333333333334 0.02666666666666667 0.02666666666666667
0 0.43666666666666665 0.7166666666666667 0.03 0.03
0 0.37666666666666665 0.6433333333333333 0.02666666666666667 0.02666666666666667
0 0.41833333333333333 0.7583333333333333 0.02666666666666667 0.023333333333333334
0 0.42333333333333334 0.7416666666666667 0.02666666666666667 0.02666666666666667
0 0.31166666666666665 0.6566666666666666 0.03 0.03
0 0.38166666666666665 0.5383333333333333 0.02666666666666667 0.02666666666666667
0 0.48 0.9016666666666666 0.02666666666666667 0.023333333333333334
0 0.325 0.8516666666666667 0.02666666666666667 0.02666666666666667
0 0.3433333333333333 0.5416666666666666 0.023333333333333334 0.023333333333333334
0 0.34833333333333333 0.7166666666666667 0.02666666666666667 0.02666666666666667
0 0.37333333333333335 0.815 0.02666666666666667 0.02666666666666667
0 0.4866666666666667 0.935 0.03 0.03
0 0.39166666666666666 0.77 0.02666666666666667 0.02666666666666667
0 0.4483333333333333 0.6883333333333334 0.03 0.03
0 0.47 0.7333333333333333 0.03 0.03
0 0.325 0.6966666666666667 0.02666666666666667 0.023333333333333334
0 0.395 0.56 0.03 0.03
0 0.36833333333333335 0.62 0.023333333333333334 0.023333333333333334
0 0.4583333333333333 0.9333333333333333 0.023333333333333334 0.03
0 0.17166666666666666 0.6583333333333333 0.03 0.03
0 0.195 0.765 0.04 0.03
0 0.6416666666666667 0.8733333333333333 0.03 0.02
0 0.62 0.97 0.02666666666666667 0.023333333333333334
0 0.68 0.9283333333333333 0.03 0.02666666666666667
0 0.6333333333333333 0.9816666666666667 0.02666666666666667 0.02666666666666667
0 0.9283333333333333 0.22666666666666666 0.02666666666666667 0.02666666666666667
0 0.5966666666666667 0.023333333333333334 0.02666666666666667 0.02666666666666667
0 0.8883333333333333 0.19833333333333333 0.03 0.02666666666666667
0 0.9616666666666667 0.065 0.023333333333333334 0.02666666666666667
0 0.7616666666666667 0.028333333333333332 0.02666666666666667 0.02666666666666667
0 0.8083333333333333 0.20833333333333334 0.02666666666666667 0.02666666666666667
0 0.8066666666666666 0.24666666666666667 0.023333333333333334 0.023333333333333334
0 0.74 0.15666666666666668 0.023333333333333334 0.023333333333333334
0 0.7016666666666667 0.07 0.021666666666666667 0.025
0 0.765 0.16666666666666666 0.023333333333333334 0.023333333333333334
0 0.8816666666666667 0.215 0.023333333333333334 0.023333333333333334
0 0.52 0.315 0.02666666666666667 0.023333333333333334
0 0.9633333333333334 0.03166666666666667 0.023333333333333334 0.023333333333333334
0 0.68 0.06833333333333333 0.02666666666666667 0.023333333333333334
0 0.7666666666666667 0.14 0.02 0.02
0 0.595 0.8416666666666667 0.023333333333333334 0.02666666666666667