0 0.195 0.59 0.02666666666666667 0.02
0 0.18333333333333332 0.5616666666666666 0.03 0.03
0 0.44333333333333336 0.8783333333333333 0.023333333333333334 0.023333333333333334
0 0.4583333333333333 0.9633333333333334 0.02666666666666667 0.023333333333333334
0 0.21 0.5583333333333333 0.02666666666666667 0.02666666666666667
0 0.135 0.6316666666666667 0.021666666666666667 0.02
0 0.21 0.6183333333333333 0.02666666666666667 0.023333333333333334
0 0.47333333333333333 0.7616666666666667 0.023333333333333334 0.023333333333333334
0 0.5016666666666667 0.7266666666666667 0.03 0.03
0 0.49166666666666664 0.805 0.02666666666666667 0.023333333333333334
0 0.06 0.6016666666666667 0.02666666666666667 0.023333333333333334
0 0.8283333333333334 0.5366666666666666 0.03 0.023333333333333334
0 0.9766666666666667 0.7683333333333333 0.03333333333333333 0.02666666666666667
0 0.7066666666666667 0.81 0.02666666666666667 0.023333333333333334
0 0.7133333333333334 0.7683333333333333 0.023333333333333334 0.03
0 0.5966666666666667 0.6966666666666667 0.02666666666666667 0.02666666666666667
0 0.6783333333333333 0.7133333333333334 0.02666666666666667 0.023333333333333334
0 0.7583333333333333 0.94 0.028333333333333332 0.028333333333333332
0 0.865 0.9216666666666666 0.03 0.023333333333333334
0 0.7183333333333334 0.99 0.023333333333333334 0.02
0 0.9316666666666666 0.5666666666666667 0.028333333333333332 0.02666666666666667
0 0.95 0.7183333333333334 0.023333333333333334 0.023333333333333334
0 0.67 0.9516666666666667 0.02666666666666667 0.03
0 0.665 0.9683333333333334 0.02666666666666667 0.02666666666666667
0 0.6366666666666667 0.9733333333333334 0.03 0.03
0 0.13166666666666665 0.4683333333333333 0.02 0.02
0 0.055 0.38 0.02 0.02666666666666667
0 0.38333333333333336 0.45 0.02 0.023333333333333334
0 0.49833333333333335 0.44333333333333336 0.02666666666666667 0.023333333333333334
0 0.4716666666666667 0.455 0.02 0.023333333333333334
0 0.19333333333333333 0.03333333333333333 0.023333333333333334 0.023333333333333334
0 0.37333333333333335 0.4483333333333333 0.016666666666666666 0.023333333333333334
0 0.8666666666666667 0.03333333333333333 0.03 0.03
0 0.8133333333333334 0.12666666666666668 0.03 0.03
0 0.6166666666666667 0.26666666666666666 0.023333333333333334 0.023333333333333334
0 0.011666666666666667 0.5483333333333333 0.023333333333333334 0.03
0 0.03 0.525 0.02 0.02
0 0.4116666666666667 0.8633333333333333 0.023333333333333334 0.028333333333333332
0 0.42333333333333334 0.8183333333333334 0.02666666666666667 0.023333333333333334
0 0.76 0.5666666666666667 0.021666666666666667 0.025
0 0.675 0.5983333333333334 0.03166666666666667 0.03
0 0.955 0.895 0.025 0.03
0 0.4166666666666667 0.22166666666666668 0.02666666666666667 0.025
0 0.24666666666666667 0.575 0.02666666666666667 0.028333333333333332
0 0.7916666666666666 0.5916666666666667 0.025 0.028333333333333332
0 0.55 0.36 0.023333333333333334 0.03
0 0.5983333333333334 0.7633333333333333 0.021666666666666667 0.02666666666666667
0 0.8333333333333334 0.49666666666666665 0.02 0.023333333333333334