0 0.54 0.4816666666666667 0.02666666666666667 0.02666666666666667
0 0.4716666666666667 0.4166666666666667 0.02 0.023333333333333334
0 0.4066666666666667 0.5633333333333334 0.03 0.023333333333333334
0 0.5583333333333333 0.5416666666666666 0.023333333333333334 0.02
0 0.5633333333333334 0.6033333333333334 0.03 0.023333333333333334
0 0.52 0.21166666666666667 0.023333333333333334 0.02
0 0.43833333333333335 0.15666666666666668 0.023333333333333334 0.02666666666666667
0 0.4216666666666667 0.15166666666666667 0.02 0.02
0 0.4816666666666667 0.14833333333333334 0.03 0.02
0 0.45166666666666666 0.3416666666666667 0.02 0.023333333333333334
0 0.48833333333333334 0.6366666666666667 0.023333333333333334 0.02666666666666667
0 0.4116666666666667 0.06333333333333334 0.02666666666666667 0.023333333333333334
0 0.45666666666666667 0.05 0.023333333333333334 0.023333333333333334
0 0.5016666666666667 0.33166666666666667 0.02666666666666667 0.02666666666666667
0 0.4866666666666667 0.5666666666666667 0.03 0.03
0 0.45166666666666666 0.8316666666666667 0.02666666666666667 0.03
0 0.5183333333333333 0.42333333333333334 0.02 0.023333333333333334
0 0.49166666666666664 0.42333333333333334 0.02 0.02
0 0.4166666666666667 0.6783333333333333 0.02666666666666667 0.023333333333333334
0 0.395 0.3466666666666667 0.02 0.023333333333333334
0 0.43 0.5983333333333334 0.023333333333333334 0.02
0 0.44166666666666665 0.6166666666666667 0.023333333333333334 0.02
0 0.585 0.14333333333333334 0.02 0.02
0 0.6616666666666666 0.4216666666666667 0.023333333333333334 0.02666666666666667
0 0.5516666666666666 0.635 0.03 0.02666666666666667
0 0.5583333333333333 0.18833333333333332 0.03 0.03
0 0.6316666666666667 0.44 0.02 0.023333333333333334
0 0.75 0.225 0.018333333333333333 0.025
0 0.36833333333333335 0.5333333333333333 0.023333333333333334 0.023333333333333334
0 0.49 0.10166666666666667 0.02666666666666667 0.02666666666666667
0 0.52 0.4683333333333333 0.023333333333333334 0.023333333333333334
0 0.4216666666666667 0.3933333333333333 0.02666666666666667 0.02666666666666667
0 0.5183333333333333 0.5183333333333333 0.023333333333333334 0.023333333333333334
0 0.5933333333333334 0.36333333333333334 0.023333333333333334 0.023333333333333334
0 0.42333333333333334 0.03333333333333333 0.023333333333333334 0.023333333333333334
0 0.5833333333333334 0.41 0.03 0.03
0 0.5533333333333333 0.42333333333333334 0.023333333333333334 0.023333333333333334
0 0.6333333333333333 0.4533333333333333 0.03 0.02666666666666667
0 0.5416666666666666 0.18333333333333332 0.023333333333333334 0.023333333333333334
0 0.6033333333333334 0.48333333333333334 0.023333333333333334 0.023333333333333334
0 0.535 0.6616666666666666 0.028333333333333332 0.03