0 0.028333333333333332 0.42 0.02666666666666667 0.02666666666666667
0 0.051666666666666666 0.44166666666666665 0.02666666666666667 0.02666666666666667
0 0.17666666666666667 0.13166666666666665 0.02 0.02
0 0.6233333333333333 0.8766666666666667 0.02666666666666667 0.03
0 0.955 0.9483333333333334 0.03 0.03
0 0.8966666666666666 0.14833333333333334 0.02666666666666667 0.03
0 0.6316666666666667 0.04 0.02666666666666667 0.023333333333333334
0 0.5 0.175 0.03 0.023333333333333334
0 0.9183333333333333 0.15333333333333332 0.02666666666666667 0.02666666666666667
0 0.8833333333333333 0.02666666666666667 0.023333333333333334 0.023333333333333334
0 0.65 0.11 0.02666666666666667 0.02666666666666667
0 0.9633333333333334 0.18166666666666667 0.02666666666666667 0.02666666666666667
0 0.8283333333333334 0.1 0.023333333333333334 0.023333333333333334
0 0.45 0.6716666666666666 0.028333333333333332 0.021666666666666667
0 0.09833333333333333 0.755 0.023333333333333334 0.023333333333333334
0 0.38166666666666665 0.7583333333333333 0.03 0.02
0 0.35 0.8366666666666667 0.03 0.02666666666666667
0 0.37166666666666665 0.7883333333333333 0.02 0.02
0 0.11166666666666666 0.815 0.02666666666666667 0.03333333333333333
0 0.42333333333333334 0.8983333333333333 0.03 0.03
0 0.058333333333333334 0.8983333333333333 0.02 0.02
0 0.07166666666666667 0.8 0.023333333333333334 0.023333333333333334
0 0.6166666666666667 0.011666666666666667 0.02666666666666667 0.023333333333333334
0 0.35333333333333333 0.645 0.03333333333333333 0.02
0 0.2966666666666667 0.5883333333333334 0.03166666666666667 0.02666666666666667