0 0.8216666666666667 0.115 0.02666666666666667 0.02666666666666667
0 0.9066666666666666 0.12333333333333334 0.02666666666666667 0.02666666666666667
0 0.9566666666666667 0.255 0.02666666666666667 0.025
0 0.7733333333333333 0.225 0.02666666666666667 0.02666666666666667
0 0.8983333333333333 0.06333333333333334 0.021666666666666667 0.023333333333333334
0 0.6933333333333334 0.016666666666666666 0.03 0.02666666666666667
0 0.8283333333333334 0.32666666666666666 0.03 0.028333333333333332
0 0.7333333333333333 0.09333333333333334 0.02666666666666667 0.02666666666666667
0 0.87 0.43833333333333335 0.04 0.03666666666666667
0 0.7766666666666666 0.051666666666666666 0.02666666666666667 0.03
0 0.9433333333333334 0.06333333333333334 0.03 0.03
0 0.8283333333333334 0.5516666666666666 0.023333333333333334 0.02666666666666667
0 0.89 0.5616666666666666 0.02666666666666667 0.023333333333333334
0 0.7583333333333333 0.6266666666666667 0.03 0.023333333333333334
0 0.7 0.8816666666666667 0.023333333333333334 0.023333333333333334
0 0.8216666666666667 0.9383333333333334 0.03166666666666667 0.03333333333333333
0 0.8016666666666666 0.5 0.03 0.03
0 0.8566666666666667 0.515 0.023333333333333334 0.023333333333333334
0 0.7333333333333333 0.5016666666666667 0.02666666666666667 0.023333333333333334
0 0.65 0.945 0.02666666666666667 0.02666666666666667
0 0.875 0.6033333333333334 0.02666666666666667 0.03
0 0.7883333333333333 0.65 0.03 0.02666666666666667
0 0.645 0.13 0.025 0.025