0 0.37 0.17 0.02666666666666667 0.02666666666666667
0 0.3333333333333333 0.135 0.03 0.02666666666666667
0 0.38333333333333336 0.32666666666666666 0.03 0.02666666666666667
0 0.58 0.2916666666666667 0.02666666666666667 0.03
0 0.8483333333333334 0.18166666666666667 0.02666666666666667 0.023333333333333334
0 0.6 0.3333333333333333 0.023333333333333334 0.023333333333333334
0 0.705 0.22333333333333333 0.02666666666666667 0.023333333333333334
0 0.6166666666666667 0.49666666666666665 0.025 0.02
0 0.18666666666666668 0.8333333333333334 0.03 0.02666666666666667
0 0.19166666666666668 0.8666666666666667 0.02666666666666667 0.02666666666666667
0 0.19333333333333333 0.9783333333333334 0.03666666666666667 0.023333333333333334
0 0.013333333333333334 0.8 0.025 0.03166666666666667