0 0.051666666666666666 0.9383333333333334 0.02 0.023333333333333334
0 0.085 0.9583333333333334 0.023333333333333334 0.02
0 0.125 0.985 0.023333333333333334 0.023333333333333334
0 0.6483333333333333 0.7583333333333333 0.02666666666666667 0.02666666666666667
0 0.5233333333333333 0.685 0.02 0.023333333333333334
0 0.5083333333333333 0.6183333333333333 0.02666666666666667 0.03333333333333333
0 0.46166666666666667 0.6383333333333333 0.03 0.02666666666666667
0 0.45666666666666667 0.66 0.023333333333333334 0.023333333333333334
0 0.4666666666666667 0.6716666666666666 0.023333333333333334 0.023333333333333334
0 0.8016666666666666 0.7433333333333333 0.023333333333333334 0.02666666666666667
0 0.625 0.795 0.023333333333333334 0.02666666666666667
0 0.48333333333333334 0.7466666666666667 0.03 0.03
0 0.5333333333333333 0.905 0.023333333333333334 0.028333333333333332
0 0.125 0.9116666666666666 0.023333333333333334 0.023333333333333334
0 0.8433333333333334 0.255 0.03666666666666667 0.03333333333333333
0 0.6883333333333334 0.49833333333333335 0.03 0.02666666666666667
0 0.6316666666666667 0.26 0.03 0.03
0 0.7516666666666667 0.11666666666666667 0.02666666666666667 0.02666666666666667
0 0.29333333333333333 0.8333333333333334 0.03 0.03