0 0.4666666666666667 0.6133333333333333 0.02666666666666667 0.02666666666666667
0 0.36666666666666664 0.045 0.023333333333333334 0.023333333333333334
0 0.5666666666666667 0.14333333333333334 0.023333333333333334 0.03
0 0.7766666666666666 0.39 0.03 0.02666666666666667
0 0.6883333333333334 0.19 0.03 0.03
0 0.5833333333333334 0.61 0.02666666666666667 0.02666666666666667
0 0.44 0.8766666666666667 0.028333333333333332 0.03166666666666667
0 0.21833333333333332 0.9433333333333334 0.03 0.023333333333333334
0 0.5683333333333334 0.96 0.02666666666666667 0.028333333333333332
0 0.6933333333333334 0.7466666666666667 0.028333333333333332 0.02
0 0.7266666666666667 0.15 0.03333333333333333 0.02666666666666667
0 0.22166666666666668 0.11333333333333333 0.028333333333333332 0.025
0 0.3516666666666667 0.175 0.025 0.025
0 0.7566666666666667 0.8283333333333334 0.023333333333333334 0.023333333333333334