0 0.08333333333333333 0.8116666666666666 0.03333333333333333 0.03
0 0.06833333333333333 0.7733333333333333 0.03 0.02666666666666667
0 0.07833333333333334 0.7283333333333334 0.02666666666666667 0.03
0 0.21833333333333332 0.7533333333333333 0.03 0.03
0 0.16833333333333333 0.6933333333333334 0.03 0.023333333333333334
0 0.14333333333333334 0.645 0.023333333333333334 0.02
0 0.14333333333333334 0.6616666666666666 0.02666666666666667 0.02
0 0.15166666666666667 0.6216666666666667 0.03 0.03
0 0.15833333333333333 0.5183333333333333 0.02666666666666667 0.02
0 0.10166666666666667 0.8816666666666667 0.023333333333333334 0.03
0 0.3616666666666667 0.9166666666666666 0.03 0.03
0 0.45666666666666667 0.8083333333333333 0.02666666666666667 0.02666666666666667
0 0.42333333333333334 0.8716666666666667 0.03 0.03
0 0.11166666666666666 0.10666666666666667 0.03333333333333333 0.02666666666666667
0 0.21166666666666667 0.17333333333333334 0.02666666666666667 0.02666666666666667
0 0.17666666666666667 0.15 0.03 0.03
0 0.14333333333333334 0.16166666666666665 0.02666666666666667 0.03666666666666667
0 0.22833333333333333 0.25333333333333335 0.028333333333333332 0.02666666666666667
0 0.06 0.29 0.023333333333333334 0.02
0 0.175 0.245 0.023333333333333334 0.02666666666666667
0 0.115 0.48833333333333334 0.02666666666666667 0.023333333333333334
0 0.155 0.4816666666666667 0.02666666666666667 0.02
0 0.18333333333333332 0.49166666666666664 0.023333333333333334 0.023333333333333334
0 0.25666666666666665 0.45166666666666666 0.025 0.023333333333333334
0 0.36333333333333334 0.43333333333333335 0.02666666666666667 0.023333333333333334
0 0.45 0.46166666666666667 0.023333333333333334 0.02666666666666667
0 0.11666666666666667 0.21333333333333335 0.025 0.02666666666666667
0 0.24833333333333332 0.20166666666666666 0.023333333333333334 0.023333333333333334
0 0.575 0.6083333333333333 0.02666666666666667 0.03166666666666667
0 0.6866666666666666 0.685 0.021666666666666667 0.028333333333333332
0 0.21666666666666667 0.5033333333333333 0.025 0.02666666666666667
0 0.02 0.6066666666666667 0.025 0.02666666666666667
0 0.39666666666666667 0.32 0.02666666666666667 0.02666666666666667
0 0.08333333333333333 0.515 0.02666666666666667 0.02666666666666667
0 0.29333333333333333 0.515 0.025 0.023333333333333334
0 0.4033333333333333 0.4666666666666667 0.02 0.02666666666666667
0 0.31333333333333335 0.8816666666666667 0.025 0.02666666666666667
0 0.22666666666666666 0.12333333333333334 0.021666666666666667 0.025