0 0.755 0.6216666666666667 0.03 0.03
0 0.19666666666666666 0.15833333333333333 0.02 0.02666666666666667
0 0.18 0.16 0.023333333333333334 0.023333333333333334
0 0.15833333333333333 0.15 0.03 0.02
0 0.2866666666666667 0.35 0.02 0.023333333333333334
0 0.041666666666666664 0.16666666666666666 0.03 0.02666666666666667
0 0.11333333333333333 0.36333333333333334 0.03 0.03
0 0.2633333333333333 0.43666666666666665 0.023333333333333334 0.03
0 0.26666666666666666 0.3933333333333333 0.03 0.02
0 0.11333333333333333 0.06166666666666667 0.023333333333333334 0.02
0 0.25333333333333335 0.4766666666666667 0.03 0.03
0 0.24166666666666667 0.3466666666666667 0.02666666666666667 0.02666666666666667
0 0.17833333333333334 0.21666666666666667 0.023333333333333334 0.02
0 0.22166666666666668 0.06333333333333334 0.03 0.03