0 0.35833333333333334 0.4766666666666667 0.02666666666666667 0.023333333333333334
0 0.35833333333333334 0.5116666666666667 0.02 0.023333333333333334
0 0.3283333333333333 0.565 0.02666666666666667 0.023333333333333334
0 0.185 0.7833333333333333 0.023333333333333334 0.023333333333333334
0 0.39 0.72 0.02666666666666667 0.02666666666666667
0 0.15166666666666667 0.6733333333333333 0.02666666666666667 0.02666666666666667
0 0.17333333333333334 0.7283333333333334 0.023333333333333334 0.02
0 0.16833333333333333 0.66 0.023333333333333334 0.023333333333333334
0 0.105 0.8633333333333333 0.02666666666666667 0.023333333333333334
0 0.03166666666666667 0.7366666666666667 0.02666666666666667 0.02666666666666667
0 0.21666666666666667 0.6616666666666666 0.023333333333333334 0.023333333333333334
0 0.9533333333333334 0.058333333333333334 0.02 0.02
0 0.8783333333333333 0.15333333333333332 0.03 0.023333333333333334
0 0.7433333333333333 0.3233333333333333 0.03 0.023333333333333334
0 0.9416666666666667 0.11 0.02666666666666667 0.03
0 0.7316666666666667 0.043333333333333335 0.023333333333333334 0.023333333333333334
0 0.7666666666666667 0.02666666666666667 0.02 0.023333333333333334
0 0.8766666666666667 0.35333333333333333 0.03666666666666667 0.03666666666666667
0 0.815 0.25166666666666665 0.02666666666666667 0.02666666666666667
0 0.8333333333333334 0.27666666666666667 0.02666666666666667 0.02666666666666667
0 0.87 0.12166666666666667 0.02666666666666667 0.02666666666666667
0 0.8333333333333334 0.115 0.02666666666666667 0.02666666666666667
0 0.8383333333333334 0.135 0.02666666666666667 0.02666666666666667
0 0.9416666666666667 0.023333333333333334 0.02666666666666667 0.02666666666666667
0 0.9866666666666667 0.12 0.023333333333333334 0.023333333333333334
0 0.8766666666666667 0.185 0.023333333333333334 0.02666666666666667
0 0.795 0.008333333333333333 0.03333333333333333 0.016666666666666666
0 0.9 0.5683333333333334 0.028333333333333332 0.028333333333333332
0 0.99 0.5683333333333334 0.02 0.023333333333333334