0 0.08666666666666667 0.14166666666666666 0.023333333333333334 0.02
0 0.205 0.13 0.03 0.02666666666666667
0 0.21166666666666667 0.08833333333333333 0.023333333333333334 0.023333333333333334
0 0.20166666666666666 0.03166666666666667 0.02666666666666667 0.02
0 0.15833333333333333 0.056666666666666664 0.02 0.023333333333333334
0 0.13833333333333334 0.051666666666666666 0.02 0.02
0 0.30666666666666664 0.3566666666666667 0.023333333333333334 0.02
0 0.3016666666666667 0.016666666666666666 0.03 0.02666666666666667
0 0.25333333333333335 0.05 0.03 0.03
0 0.09333333333333334 0.018333333333333333 0.02666666666666667 0.023333333333333334
0 0.19333333333333333 0.30666666666666664 0.023333333333333334 0.023333333333333334
0 0.13666666666666666 0.23333333333333334 0.023333333333333334 0.023333333333333334
0 0.13333333333333333 0.20166666666666666 0.02666666666666667 0.023333333333333334
0 0.23166666666666666 0.09833333333333333 0.023333333333333334 0.023333333333333334
0 0.15833333333333333 0.38666666666666666 0.023333333333333334 0.023333333333333334
0 0.03666666666666667 0.03833333333333333 0.02666666666666667 0.02666666666666667
0 0.31 0.225 0.02666666666666667 0.02666666666666667
0 0.23333333333333334 0.12166666666666667 0.02666666666666667 0.023333333333333334
0 0.22666666666666666 0.19166666666666668 0.023333333333333334 0.023333333333333334
0 0.42 0.855 0.03 0.023333333333333334
0 0.45666666666666667 0.7516666666666667 0.03 0.023333333333333334
0 0.2683333333333333 0.5316666666666666 0.03 0.02666666666666667
0 0.06666666666666667 0.8133333333333334 0.02 0.02666666666666667
0 0.06833333333333333 0.665 0.023333333333333334 0.02
0 0.26166666666666666 0.6383333333333333 0.02 0.02
0 0.38666666666666666 0.9166666666666666 0.03 0.023333333333333334
0 0.10666666666666667 0.6716666666666666 0.03 0.023333333333333334
0 0.435 0.7816666666666666 0.023333333333333334 0.023333333333333334
0 0.32 0.555 0.02666666666666667 0.02666666666666667
0 0.1 0.57 0.02666666666666667 0.02666666666666667
0 0.008333333333333333 0.8633333333333333 0.016666666666666666 0.02666666666666667
0 0.5166666666666667 0.7666666666666667 0.023333333333333334 0.025
0 0.145 0.7483333333333333 0.02 0.023333333333333334