0 0.6133333333333333 0.6333333333333333 0.03 0.023333333333333334
0 0.6533333333333333 0.6416666666666667 0.03 0.03
0 0.5933333333333334 0.7816666666666666 0.023333333333333334 0.023333333333333334
0 0.8266666666666667 0.9816666666666667 0.03 0.03
0 0.5616666666666666 0.7183333333333334 0.03 0.03
0 0.6233333333333333 0.7 0.03333333333333333 0.023333333333333334
0 0.5783333333333334 0.7683333333333333 0.023333333333333334 0.02
0 0.5483333333333333 0.7583333333333333 0.02 0.023333333333333334
0 0.5433333333333333 0.8266666666666667 0.02666666666666667 0.02
0 0.25833333333333336 0.8116666666666666 0.03 0.03
0 0.49833333333333335 0.8433333333333334 0.03 0.03
0 0.5233333333333333 0.8383333333333334 0.03 0.03
0 0.39 0.5583333333333333 0.023333333333333334 0.03
0 0.36833333333333335 0.5566666666666666 0.02666666666666667 0.02666666666666667
0 0.49333333333333335 0.5633333333333334 0.023333333333333334 0.03
0 0.4666666666666667 0.87 0.02666666666666667 0.023333333333333334
0 0.5083333333333333 0.8883333333333333 0.016666666666666666 0.02666666666666667
0 0.3333333333333333 0.5116666666666667 0.023333333333333334 0.02666666666666667
0 0.06 0.5366666666666666 0.03 0.03
0 0.39166666666666666 0.8216666666666667 0.023333333333333334 0.023333333333333334
0 0.5233333333333333 0.7366666666666667 0.023333333333333334 0.023333333333333334
0 0.17666666666666667 0.91 0.023333333333333334 0.023333333333333334
0 0.245 0.5466666666666666 0.02666666666666667 0.02666666666666667
0 0.425 0.535 0.023333333333333334 0.03
0 0.34 0.5583333333333333 0.02666666666666667 0.023333333333333334
0 0.17 0.4533333333333333 0.023333333333333334 0.03
0 0.15666666666666668 0.3416666666666667 0.02666666666666667 0.02666666666666667
0 0.23 0.305 0.02 0.03
0 0.29333333333333333 0.33166666666666667 0.03 0.02
0 0.3883333333333333 0.39166666666666666 0.023333333333333334 0.02666666666666667
0 0.49666666666666665 0.4633333333333333 0.02666666666666667 0.02666666666666667
0 0.05 0.4866666666666667 0.023333333333333334 0.023333333333333334
0 0.34 0.48833333333333334 0.023333333333333334 0.02666666666666667
0 0.29333333333333333 0.4483333333333333 0.03 0.03