0 0.9483333333333334 0.06833333333333333 0.03166666666666667 0.028333333333333332
0 0.9083333333333333 0.045 0.02666666666666667 0.035
0 0.8516666666666667 0.17 0.02 0.021666666666666667
0 0.6783333333333333 0.2916666666666667 0.023333333333333334 0.023333333333333334
0 0.6866666666666666 0.5616666666666666 0.02666666666666667 0.023333333333333334
0 0.9383333333333334 0.5983333333333334 0.02666666666666667 0.023333333333333334
0 0.605 0.6033333333333334 0.02666666666666667 0.02666666666666667
0 0.53 0.6483333333333333 0.02666666666666667 0.02666666666666667
0 0.9466666666666667 0.14833333333333334 0.03 0.02666666666666667
0 0.945 0.125 0.03166666666666667 0.021666666666666667
0 0.8033333333333333 0.26 0.02666666666666667 0.02666666666666667
0 0.8816666666666667 0.06666666666666667 0.025 0.02666666666666667