0 0.25666666666666665 0.7016666666666667 0.03 0.03
0 0.32166666666666666 0.935 0.03 0.02666666666666667
0 0.35333333333333333 0.7366666666666667 0.02666666666666667 0.023333333333333334
0 0.43333333333333335 0.8483333333333334 0.025 0.021666666666666667
0 0.2733333333333333 0.7166666666666667 0.023333333333333334 0.023333333333333334
0 0.39666666666666667 0.6916666666666667 0.023333333333333334 0.023333333333333334
0 0.305 0.7133333333333334 0.02666666666666667 0.02666666666666667
0 0.07166666666666667 0.97 0.02666666666666667 0.02666666666666667
0 0.43333333333333335 0.9233333333333333 0.02666666666666667 0.02666666666666667
0 0.30666666666666664 0.6433333333333333 0.03 0.02666666666666667
0 0.3983333333333333 0.9366666666666666 0.02666666666666667 0.02666666666666667
0 0.3016666666666667 0.605 0.023333333333333334 0.02
0 0.31833333333333336 0.3383333333333333 0.023333333333333334 0.023333333333333334
0 0.385 0.31833333333333336 0.03166666666666667 0.03
0 0.09833333333333333 0.33666666666666667 0.028333333333333332 0.03166666666666667
0 0.3283333333333333 0.38166666666666665 0.03 0.02666666666666667
0 0.44333333333333336 0.20333333333333334 0.028333333333333332 0.02666666666666667
0 0.24 0.043333333333333335 0.02666666666666667 0.02666666666666667
0 0.41333333333333333 0.5133333333333333 0.028333333333333332 0.025
0 0.2916666666666667 0.7566666666666667 0.028333333333333332 0.03333333333333333
0 0.021666666666666667 0.245 0.03 0.03