0 0.21166666666666667 0.9216666666666666 0.023333333333333334 0.023333333333333334
0 0.07833333333333334 0.016666666666666666 0.02666666666666667 0.02
0 0.6316666666666667 0.21666666666666667 0.023333333333333334 0.02666666666666667
0 0.25166666666666665 0.135 0.03333333333333333 0.02666666666666667
0 0.16 0.03666666666666667 0.03 0.02666666666666667
0 0.17333333333333334 0.05333333333333334 0.02666666666666667 0.02
0 0.055 0.03333333333333333 0.03 0.03
0 0.9816666666666667 0.043333333333333335 0.03 0.03
0 0.9533333333333334 0.3933333333333333 0.02666666666666667 0.03
0 0.5283333333333333 0.13833333333333334 0.023333333333333334 0.02666666666666667
0 0.04 0.09166666666666666 0.02666666666666667 0.02666666666666667
0 0.705 0.24166666666666667 0.023333333333333334 0.023333333333333334
0 0.9316666666666666 0.24833333333333332 0.02666666666666667 0.02666666666666667
0 0.9216666666666666 0.40166666666666667 0.023333333333333334 0.023333333333333334
0 0.7516666666666667 0.9633333333333334 0.02 0.023333333333333334
0 0.6966666666666667 0.8016666666666666 0.023333333333333334 0.02666666666666667
0 0.66 0.008333333333333333 0.02666666666666667 0.016666666666666666
0 0.03666666666666667 0.013333333333333334 0.03 0.02
0 0.03333333333333333 0.11833333333333333 0.025 0.028333333333333332
0 0.22166666666666668 0.06833333333333333 0.03166666666666667 0.03