0 0.16 0.705 0.03666666666666667 0.03
0 0.18 0.74 0.023333333333333334 0.03666666666666667
0 0.06833333333333333 0.7083333333333334 0.03 0.02666666666666667
0 0.11833333333333333 0.7083333333333334 0.03333333333333333 0.02666666666666667
0 0.17 0.7816666666666666 0.023333333333333334 0.02666666666666667
0 0.21666666666666667 0.73 0.02666666666666667 0.02666666666666667
0 0.25 0.725 0.023333333333333334 0.03
0 0.4766666666666667 0.6916666666666667 0.03333333333333333 0.03
0 0.4866666666666667 0.5066666666666667 0.02666666666666667 0.02666666666666667
0 0.065 0.19666666666666666 0.023333333333333334 0.023333333333333334
0 0.37833333333333335 0.5233333333333333 0.023333333333333334 0.023333333333333334
0 0.49333333333333335 0.54 0.02666666666666667 0.02666666666666667
0 0.20666666666666667 0.7766666666666666 0.02666666666666667 0.02666666666666667
0 0.5816666666666667 0.675 0.02666666666666667 0.03
0 0.6816666666666666 0.7433333333333333 0.02666666666666667 0.02
0 0.6216666666666667 0.7066666666666667 0.02666666666666667 0.02666666666666667
0 0.5483333333333333 0.5283333333333333 0.02666666666666667 0.03333333333333333
0 0.7316666666666667 0.6333333333333333 0.03 0.023333333333333334
0 0.7533333333333333 0.6133333333333333 0.03 0.03
0 0.055 0.008333333333333333 0.03666666666666667 0.016666666666666666