0 0.36666666666666664 0.8333333333333334 0.016666666666666666 0.02
0 0.385 0.42833333333333334 0.023333333333333334 0.02666666666666667
0 0.016666666666666666 0.165 0.02666666666666667 0.02666666666666667
0 0.8183333333333334 0.6066666666666667 0.03 0.02666666666666667
0 0.7416666666666667 0.625 0.02 0.016666666666666666
0 0.7533333333333333 0.6116666666666667 0.02 0.023333333333333334
0 0.8983333333333333 0.7333333333333333 0.02 0.02
0 0.5166666666666667 0.5183333333333333 0.02 0.023333333333333334
0 0.8933333333333333 0.3566666666666667 0.023333333333333334 0.02666666666666667
0 0.8466666666666667 0.44166666666666665 0.025 0.025
0 0.7816666666666666 0.5983333333333334 0.02666666666666667 0.02666666666666667
0 0.8 0.49833333333333335 0.02666666666666667 0.02666666666666667
0 0.8166666666666667 0.4766666666666667 0.023333333333333334 0.025
0 0.8433333333333334 0.8066666666666666 0.02666666666666667 0.025
0 0.8416666666666667 0.49666666666666665 0.018333333333333333 0.021666666666666667
0 0.64 0.365 0.021666666666666667 0.023333333333333334