0 0.9083333333333333 0.5466666666666666 0.02666666666666667 0.023333333333333334
0 0.845 0.5383333333333333 0.028333333333333332 0.02
0 0.87 0.5383333333333333 0.02 0.021666666666666667
0 0.7566666666666667 0.19166666666666668 0.03 0.023333333333333334
0 0.9416666666666667 0.62 0.02 0.023333333333333334
0 0.8566666666666667 0.22666666666666666 0.02666666666666667 0.023333333333333334
0 0.9333333333333333 0.3333333333333333 0.021666666666666667 0.023333333333333334
0 0.9766666666666667 0.5916666666666667 0.02666666666666667 0.018333333333333333
0 0.935 0.7233333333333334 0.023333333333333334 0.02
0 0.9416666666666667 0.7983333333333333 0.03 0.021666666666666667
0 0.9333333333333333 0.5733333333333334 0.023333333333333334 0.02666666666666667
0 0.78 0.20333333333333334 0.023333333333333334 0.023333333333333334
0 0.8983333333333333 0.17666666666666667 0.023333333333333334 0.023333333333333334
0 0.8033333333333333 0.20166666666666666 0.02666666666666667 0.02666666666666667
0 0.9066666666666666 0.07333333333333333 0.023333333333333334 0.023333333333333334
0 0.5716666666666667 0.455 0.02666666666666667 0.02666666666666667
0 0.9333333333333333 0.4083333333333333 0.02666666666666667 0.02666666666666667
0 0.8066666666666666 0.13 0.025 0.02666666666666667
0 0.9183333333333333 0.09833333333333333 0.023333333333333334 0.023333333333333334
0 0.31833333333333336 0.2816666666666667 0.02666666666666667 0.03
0 0.19333333333333333 0.9533333333333334 0.023333333333333334 0.02666666666666667
0 0.20333333333333334 0.9083333333333333 0.02666666666666667 0.02666666666666667
0 0.6466666666666666 0.058333333333333334 0.025 0.03
0 0.88 0.8683333333333333 0.025 0.03333333333333333
0 0.89 0.9083333333333333 0.021666666666666667 0.02666666666666667
0 0.8283333333333334 0.42833333333333334 0.028333333333333332 0.03
0 0.8766666666666667 0.5533333333333333 0.016666666666666666 0.018333333333333333
0 0.7916666666666666 0.24 0.02666666666666667 0.025