0 0.11666666666666667 0.3516666666666667 0.03 0.03
0 0.13833333333333334 0.3283333333333333 0.02666666666666667 0.023333333333333334
0 0.36 0.4216666666666667 0.02666666666666667 0.02666666666666667
0 0.2866666666666667 0.275 0.02666666666666667 0.023333333333333334
0 0.19666666666666666 0.46166666666666667 0.02 0.021666666666666667
0 0.15166666666666667 0.23833333333333334 0.03333333333333333 0.028333333333333332
0 0.24666666666666667 0.12666666666666668 0.03 0.02666666666666667
0 0.3233333333333333 0.46166666666666667 0.023333333333333334 0.023333333333333334
0 0.29 0.11833333333333333 0.02666666666666667 0.023333333333333334
0 0.355 0.4866666666666667 0.02666666666666667 0.023333333333333334
0 0.335 0.4166666666666667 0.023333333333333334 0.02666666666666667
0 0.3616666666666667 0.37833333333333335 0.02 0.02
0 0.24 0.42333333333333334 0.02 0.02
0 0.26 0.43333333333333335 0.023333333333333334 0.02666666666666667
0 0.3566666666666667 0.34 0.023333333333333334 0.02
0 0.27 0.08333333333333333 0.02666666666666667 0.02666666666666667
0 0.34833333333333333 0.4583333333333333 0.023333333333333334 0.023333333333333334
0 0.32 0.27666666666666667 0.023333333333333334 0.023333333333333334
0 0.24333333333333335 0.19333333333333333 0.02666666666666667 0.02666666666666667
0 0.22166666666666668 0.07333333333333333 0.023333333333333334 0.023333333333333334
0 0.41333333333333333 0.47833333333333333 0.03 0.03
0 0.10166666666666667 0.31333333333333335 0.03 0.03
0 0.22166666666666668 0.25666666666666665 0.02666666666666667 0.02666666666666667
0 0.2966666666666667 0.4583333333333333 0.023333333333333334 0.023333333333333334
0 0.5416666666666666 0.4583333333333333 0.02666666666666667 0.02666666666666667
0 0.7116666666666667 0.3433333333333333 0.03 0.03
0 0.7433333333333333 0.165 0.025 0.02666666666666667
0 0.06333333333333334 0.855 0.02 0.023333333333333334
0 0.39 0.775 0.023333333333333334 0.02666666666666667
0 0.35 0.52 0.02 0.02
0 0.455 0.5866666666666667 0.03 0.02666666666666667
0 0.44166666666666665 0.615 0.02666666666666667 0.03
0 0.43166666666666664 0.5883333333333334 0.03 0.03
0 0.425 0.5666666666666667 0.02666666666666667 0.023333333333333334
0 0.44666666666666666 0.5633333333333334 0.023333333333333334 0.02
0 0.39166666666666666 0.54 0.02 0.03333333333333333
0 0.395 0.69 0.03 0.02666666666666667
0 0.345 0.6583333333333333 0.02666666666666667 0.02666666666666667
0 0.48833333333333334 0.9783333333333334 0.02666666666666667 0.02666666666666667
0 0.41833333333333333 0.7916666666666666 0.023333333333333334 0.023333333333333334
0 0.5083333333333333 0.6066666666666667 0.023333333333333334 0.02666666666666667
0 0.44666666666666666 0.9616666666666667 0.023333333333333334 0.023333333333333334
0 0.3516666666666667 0.73 0.02666666666666667 0.023333333333333334
0 0.5816666666666667 0.71 0.025 0.023333333333333334
0 0.6816666666666666 0.875 0.02666666666666667 0.021666666666666667
0 0.5533333333333333 0.9533333333333334 0.023333333333333334 0.023333333333333334
0 0.6183333333333333 0.98 0.02 0.023333333333333334
0 0.6483333333333333 0.9316666666666666 0.03 0.023333333333333334
0 0.7133333333333334 0.9666666666666667 0.02666666666666667 0.03