0 0.21166666666666667 0.3983333333333333 0.02666666666666667 0.023333333333333334
0 0.39666666666666667 0.4083333333333333 0.023333333333333334 0.03
0 0.3416666666666667 0.305 0.023333333333333334 0.02666666666666667
0 0.6933333333333334 0.01 0.03333333333333333 0.02
0 0.595 0.01 0.02666666666666667 0.02
0 0.5583333333333333 0.035 0.03 0.02666666666666667
0 0.7033333333333334 0.07166666666666667 0.02666666666666667 0.02666666666666667
0 0.5033333333333333 0.8783333333333333 0.03333333333333333 0.03333333333333333
0 0.008333333333333333 0.22166666666666668 0.016666666666666666 0.02666666666666667
0 0.5466666666666666 0.9483333333333334 0.023333333333333334 0.03333333333333333
0 0.5633333333333334 0.9516666666666667 0.02 0.028333333333333332