0 0.835 0.605 0.025 0.02666666666666667
0 0.7916666666666666 0.5733333333333334 0.021666666666666667 0.025
0 0.905 0.7616666666666667 0.02666666666666667 0.02666666666666667
0 0.13 0.9833333333333333 0.03 0.02666666666666667
0 0.6016666666666667 0.9833333333333333 0.023333333333333334 0.028333333333333332
0 0.9166666666666666 0.5533333333333333 0.02666666666666667 0.02666666666666667
0 0.185 0.6183333333333333 0.023333333333333334 0.02666666666666667
0 0.8683333333333333 0.7166666666666667 0.02666666666666667 0.02666666666666667
0 0.24666666666666667 0.07666666666666666 0.02 0.023333333333333334
0 0.23 0.07833333333333334 0.023333333333333334 0.02666666666666667
0 0.23166666666666666 0.24166666666666667 0.028333333333333332 0.025
0 0.25833333333333336 0.25166666666666665 0.025 0.02666666666666667
0 0.43333333333333335 0.43166666666666664 0.03 0.028333333333333332
0 0.38666666666666666 0.24166666666666667 0.025 0.021666666666666667
0 0.19166666666666668 0.14833333333333334 0.023333333333333334 0.023333333333333334
0 0.23833333333333334 0.10833333333333334 0.02666666666666667 0.02666666666666667
0 0.365 0.018333333333333333 0.02666666666666667 0.023333333333333334
0 0.485 0.255 0.02666666666666667 0.02666666666666667
0 0.9533333333333334 0.5116666666666667 0.023333333333333334 0.02666666666666667
0 0.8866666666666667 0.5033333333333333 0.023333333333333334 0.02666666666666667
0 0.7583333333333333 0.07 0.02666666666666667 0.02666666666666667
0 0.8366666666666667 0.47 0.02666666666666667 0.02666666666666667
0 0.16 0.9016666666666666 0.025 0.025
0 0.5633333333333334 0.63 0.02666666666666667 0.02666666666666667
0 0.19833333333333333 0.9133333333333333 0.021666666666666667 0.025