0 0.6816666666666666 0.10333333333333333 0.02 0.02
0 0.6583333333333333 0.13 0.023333333333333334 0.03333333333333333
0 0.8666666666666667 0.15833333333333333 0.02666666666666667 0.02666666666666667
0 0.9583333333333334 0.21833333333333332 0.03 0.03
0 0.885 0.245 0.03 0.03333333333333333
0 0.8583333333333333 0.24166666666666667 0.02666666666666667 0.03
0 0.7516666666666667 0.2683333333333333 0.023333333333333334 0.023333333333333334
0 0.8216666666666667 0.31 0.02666666666666667 0.023333333333333334
0 0.9383333333333334 0.31666666666666665 0.02 0.02
0 0.7883333333333333 0.3283333333333333 0.03 0.023333333333333334
0 0.8816666666666667 0.32666666666666666 0.02 0.023333333333333334
0 0.7016666666666667 0.3433333333333333 0.02666666666666667 0.02666666666666667
0 0.8733333333333333 0.4 0.023333333333333334 0.02
0 0.7233333333333334 0.10166666666666667 0.02 0.023333333333333334
0 0.9883333333333333 0.23 0.02 0.02666666666666667
0 0.7016666666666667 0.3433333333333333 0.02666666666666667 0.02666666666666667
0 0.7733333333333333 0.41333333333333333 0.03 0.03
0 0.9083333333333333 0.31666666666666665 0.02666666666666667 0.02666666666666667
0 0.955 0.18333333333333332 0.023333333333333334 0.023333333333333334
0 0.6283333333333333 0.14333333333333334 0.023333333333333334 0.023333333333333334
0 0.7066666666666667 0.12 0.023333333333333334 0.023333333333333334
0 0.745 0.28833333333333333 0.02 0.02
0 0.7116666666666667 0.325 0.02 0.02666666666666667
0 0.69 0.11333333333333333 0.02 0.023333333333333334
0 0.8266666666666667 0.39666666666666667 0.023333333333333334 0.023333333333333334
0 0.25333333333333335 0.03333333333333333 0.023333333333333334 0.02666666666666667
0 0.4583333333333333 0.07666666666666666 0.023333333333333334 0.03
0 0.16 0.13166666666666665 0.02666666666666667 0.02666666666666667
0 0.09833333333333333 0.15333333333333332 0.02666666666666667 0.023333333333333334
0 0.18833333333333332 0.17166666666666666 0.03 0.02666666666666667
0 0.11166666666666666 0.23166666666666666 0.02666666666666667 0.03
0 0.14666666666666667 0.25666666666666665 0.02666666666666667 0.03
0 0.41 0.2683333333333333 0.02666666666666667 0.02666666666666667
0 0.105 0.31166666666666665 0.02 0.02
0 0.14833333333333334 0.31166666666666665 0.023333333333333334 0.02666666666666667
0 0.12833333333333333 0.3283333333333333 0.02 0.02
0 0.19833333333333333 0.3433333333333333 0.02 0.02
0 0.38 0.355 0.023333333333333334 0.02666666666666667
0 0.11666666666666667 0.35833333333333334 0.03 0.02
0 0.37333333333333335 0.38333333333333336 0.02666666666666667 0.023333333333333334
0 0.18333333333333332 0.4066666666666667 0.023333333333333334 0.02666666666666667
0 0.12666666666666668 0.43166666666666664 0.02666666666666667 0.02666666666666667
0 0.125 0.28 0.02 0.02
0 0.23166666666666666 0.17166666666666666 0.023333333333333334 0.02666666666666667
0 0.38 0.14666666666666667 0.025 0.02666666666666667
0 0.4216666666666667 0.16833333333333333 0.023333333333333334 0.02666666666666667
0 0.08666666666666667 0.2916666666666667 0.023333333333333334 0.023333333333333334
0 0.20833333333333334 0.15 0.02666666666666667 0.02666666666666667
0 0.21166666666666667 0.028333333333333332 0.02666666666666667 0.02666666666666667
0 0.23166666666666666 0.3466666666666667 0.023333333333333334 0.023333333333333334
0 0.11 0.5516666666666666 0.02666666666666667 0.02666666666666667
0 0.08833333333333333 0.5266666666666666 0.02 0.023333333333333334
0 0.11166666666666666 0.5133333333333333 0.023333333333333334 0.023333333333333334
0 0.15833333333333333 0.5583333333333333 0.021666666666666667 0.023333333333333334
0 0.8616666666666667 0.2866666666666667 0.021666666666666667 0.02666666666666667
0 0.5333333333333333 0.13 0.023333333333333334 0.025
0 0.935 0.3566666666666667 0.02 0.023333333333333334
0 0.74 0.10333333333333333 0.02 0.023333333333333334
0 0.45666666666666667 0.15666666666666668 0.025 0.021666666666666667
0 0.27 0.09666666666666666 0.02 0.021666666666666667