0 0.47 0.435 0.03 0.02666666666666667
0 0.29 0.24166666666666667 0.02666666666666667 0.03
0 0.325 0.26166666666666666 0.03 0.023333333333333334
0 0.4266666666666667 0.15 0.02 0.02
0 0.43833333333333335 0.14833333333333334 0.023333333333333334 0.023333333333333334
0 0.46166666666666667 0.1 0.02 0.02666666666666667
0 0.4266666666666667 0.22 0.02 0.02666666666666667
0 0.21333333333333335 0.05333333333333334 0.02666666666666667 0.02666666666666667
0 0.19333333333333333 0.1 0.03 0.02
0 0.24166666666666667 0.18166666666666667 0.02 0.023333333333333334
0 0.37333333333333335 0.15666666666666668 0.02 0.023333333333333334
0 0.01 0.98 0.02 0.02666666666666667
0 0.15833333333333333 0.7216666666666667 0.03 0.023333333333333334
0 0.505 0.5966666666666667 0.023333333333333334 0.023333333333333334
0 0.22 0.7033333333333334 0.03 0.02
0 0.17333333333333334 0.6483333333333333 0.023333333333333334 0.02
0 0.44666666666666666 0.895 0.02666666666666667 0.02666666666666667
0 0.7183333333333334 0.06666666666666667 0.03 0.02666666666666667
0 0.5483333333333333 0.05333333333333334 0.02666666666666667 0.023333333333333334
0 0.5566666666666666 0.07333333333333333 0.02 0.02666666666666667
0 0.6933333333333334 0.13666666666666666 0.023333333333333334 0.03
0 0.5766666666666667 0.14 0.02666666666666667 0.03
0 0.58 0.165 0.02 0.023333333333333334
0 0.5816666666666667 0.18666666666666668 0.023333333333333334 0.03
0 0.5683333333333334 0.20833333333333334 0.023333333333333334 0.02666666666666667
0 0.685 0.22666666666666666 0.023333333333333334 0.03
0 0.6633333333333333 0.245 0.02 0.023333333333333334
0 0.8383333333333334 0.16333333333333333 0.03 0.03333333333333333
0 0.8733333333333333 0.18 0.02666666666666667 0.03333333333333333
0 0.8183333333333334 0.21333333333333335 0.03 0.03
0 0.7083333333333334 0.23166666666666666 0.02666666666666667 0.03
0 0.7383333333333333 0.245 0.03 0.03666666666666667
0 0.7616666666666667 0.22833333333333333 0.02666666666666667 0.03
0 0.9583333333333334 0.31166666666666665 0.02666666666666667 0.023333333333333334
0 0.9133333333333333 0.36 0.02 0.02666666666666667
0 0.9333333333333333 0.35333333333333333 0.02666666666666667 0.02666666666666667
0 0.7416666666666667 0.12333333333333334 0.023333333333333334 0.02
0 0.7466666666666667 0.03666666666666667 0.02666666666666667 0.023333333333333334
0 0.8466666666666667 0.2916666666666667 0.02666666666666667 0.02666666666666667
0 0.9466666666666667 0.22666666666666666 0.03 0.02666666666666667
0 0.91 0.42333333333333334 0.03 0.03
0 0.805 0.34 0.02666666666666667 0.02666666666666667
0 0.5816666666666667 0.4166666666666667 0.023333333333333334 0.023333333333333334
0 0.7416666666666667 0.5566666666666666 0.03 0.03
0 0.7166666666666667 0.5333333333333333 0.023333333333333334 0.02666666666666667
0 0.7016666666666667 0.5183333333333333 0.023333333333333334 0.023333333333333334
0 0.8383333333333334 0.5966666666666667 0.028333333333333332 0.025
0 0.8316666666666667 0.5566666666666666 0.02666666666666667 0.02666666666666667
0 0.89 0.6116666666666667 0.02666666666666667 0.03
0 0.9283333333333333 0.5983333333333334 0.023333333333333334 0.03
0 0.9683333333333334 0.6433333333333333 0.02666666666666667 0.03
0 0.75 0.6683333333333333 0.023333333333333334 0.02666666666666667
0 0.6916666666666667 0.7333333333333333 0.023333333333333334 0.03
0 0.6383333333333333 0.74 0.03 0.02666666666666667
0 0.5883333333333334 0.73 0.03 0.03333333333333333
0 0.7316666666666667 0.7516666666666667 0.02666666666666667 0.02666666666666667
0 0.645 0.7083333333333334 0.02666666666666667 0.02666666666666667
0 0.77 0.8266666666666667 0.02666666666666667 0.023333333333333334
0 0.9516666666666667 0.6966666666666667 0.02666666666666667 0.02666666666666667
0 0.6616666666666666 0.8333333333333334 0.02 0.02
0 0.7683333333333333 0.925 0.02666666666666667 0.023333333333333334
0 0.8766666666666667 0.9633333333333334 0.03 0.02
0 0.8883333333333333 0.9266666666666666 0.023333333333333334 0.02
0 0.82 0.8983333333333333 0.023333333333333334 0.02
0 0.8466666666666667 0.8233333333333334 0.02 0.02
0 0.9283333333333333 0.8333333333333334 0.03 0.02666666666666667
0 0.8483333333333334 0.6116666666666667 0.02666666666666667 0.02666666666666667
0 0.815 0.7616666666666667 0.02666666666666667 0.023333333333333334
0 0.6483333333333333 0.5916666666666667 0.02666666666666667 0.02666666666666667
0 0.93 0.985 0.02 0.03
0 0.2733333333333333 0.011666666666666667 0.02 0.023333333333333334
0 0.5733333333333334 0.02 0.03 0.028333333333333332
0 0.8416666666666667 0.27 0.028333333333333332 0.023333333333333334
0 0.76 0.5066666666666667 0.025 0.028333333333333332
0 0.645 0.12 0.03166666666666667 0.03333333333333333
0 0.8966666666666666 0.645 0.02666666666666667 0.02666666666666667
0 0.6183333333333333 0.38166666666666665 0.03 0.025
0 0.93 0.3933333333333333 0.023333333333333334 0.023333333333333334
0 0.965 0.44 0.02666666666666667 0.03
0 0.475 0.03666666666666667 0.023333333333333334 0.021666666666666667