0 0.9283333333333333 0.17333333333333334 0.03 0.023333333333333334
0 0.9316666666666666 0.23833333333333334 0.02666666666666667 0.02666666666666667
0 0.98 0.31666666666666665 0.03 0.02
0 0.985 0.26666666666666666 0.03 0.02
0 0.8783333333333333 0.26 0.023333333333333334 0.02
0 0.8916666666666667 0.27166666666666667 0.02 0.02
0 0.8766666666666667 0.36333333333333334 0.03 0.023333333333333334
0 0.84 0.27 0.03 0.023333333333333334
0 0.8166666666666667 0.43 0.02666666666666667 0.023333333333333334
0 0.9316666666666666 0.5616666666666666 0.03333333333333333 0.023333333333333334
0 0.955 0.9083333333333333 0.023333333333333334 0.02
0 0.9466666666666667 0.885 0.03333333333333333 0.023333333333333334
0 0.9666666666666667 0.8566666666666667 0.023333333333333334 0.02
0 0.9583333333333334 0.8666666666666667 0.02666666666666667 0.02
0 0.96 0.8183333333333334 0.02666666666666667 0.023333333333333334
0 0.9433333333333334 0.785 0.02666666666666667 0.02666666666666667
0 0.9116666666666666 0.715 0.023333333333333334 0.02
0 0.8766666666666667 0.83 0.023333333333333334 0.023333333333333334
0 0.8583333333333333 0.8516666666666667 0.02666666666666667 0.023333333333333334
0 0.7983333333333333 0.7816666666666666 0.02666666666666667 0.03
0 0.8116666666666666 0.7633333333333333 0.02666666666666667 0.03
0 0.8616666666666667 0.7316666666666667 0.02666666666666667 0.023333333333333334
0 0.8333333333333334 0.635 0.023333333333333334 0.02
0 0.845 0.5883333333333334 0.023333333333333334 0.023333333333333334
0 0.8516666666666667 0.61 0.023333333333333334 0.023333333333333334
0 0.8716666666666667 0.6766666666666666 0.023333333333333334 0.023333333333333334
0 0.8433333333333334 0.5066666666666667 0.02 0.02
0 0.8166666666666667 0.5083333333333333 0.02666666666666667 0.03
0 0.98 0.485 0.03 0.02
0 0.8783333333333333 0.5183333333333333 0.03 0.023333333333333334
0 0.8333333333333334 0.45666666666666667 0.02666666666666667 0.023333333333333334
0 0.9566666666666667 0.76 0.03 0.02
0 0.9683333333333334 0.7066666666666667 0.023333333333333334 0.023333333333333334
0 0.9166666666666666 0.635 0.03 0.02666666666666667
0 0.8566666666666667 0.635 0.03 0.03
0 0.9283333333333333 0.8466666666666667 0.03 0.02666666666666667
0 0.9016666666666666 0.5783333333333334 0.02 0.02
0 0.8383333333333334 0.42333333333333334 0.02 0.023333333333333334
0 0.9716666666666667 0.36333333333333334 0.02666666666666667 0.02
0 0.9683333333333334 0.34833333333333333 0.03 0.02
0 0.8766666666666667 0.6566666666666666 0.023333333333333334 0.023333333333333334
0 0.9866666666666667 0.4266666666666667 0.02666666666666667 0.02666666666666667
0 0.7033333333333334 0.056666666666666664 0.03 0.03
0 0.8216666666666667 0.94 0.03 0.03
0 0.42 0.9533333333333334 0.02 0.02666666666666667
0 0.22333333333333333 0.6666666666666666 0.03 0.02666666666666667
0 0.23166666666666666 0.7866666666666666 0.03 0.03
0 0.3883333333333333 0.9166666666666666 0.023333333333333334 0.023333333333333334
0 0.03333333333333333 0.25166666666666665 0.02666666666666667 0.02666666666666667
0 0.051666666666666666 0.12166666666666667 0.03 0.02666666666666667
0 0.06833333333333333 0.42333333333333334 0.03 0.023333333333333334
0 0.24 0.5116666666666667 0.03 0.023333333333333334
0 0.16833333333333333 0.31166666666666665 0.023333333333333334 0.02666666666666667
0 0.21333333333333335 0.2866666666666667 0.03 0.03
0 0.41333333333333333 0.023333333333333334 0.03 0.03
0 0.12833333333333333 0.33166666666666667 0.023333333333333334 0.023333333333333334
0 0.9833333333333333 0.7366666666666667 0.025 0.03
0 0.18333333333333332 0.5683333333333334 0.03 0.03166666666666667
0 0.9883333333333333 0.7983333333333333 0.023333333333333334 0.023333333333333334
0 0.8816666666666667 0.6983333333333334 0.03 0.025
0 0.815 0.715 0.023333333333333334 0.02666666666666667
0 0.9283333333333333 0.27 0.02666666666666667 0.025
0 0.8083333333333333 0.13666666666666666 0.03333333333333333 0.03