0 0.17833333333333334 0.34 0.023333333333333334 0.02
0 0.25666666666666665 0.24333333333333335 0.02 0.03
0 0.04833333333333333 0.07833333333333334 0.025 0.025
0 0.06333333333333334 0.09333333333333334 0.025 0.023333333333333334
0 0.23333333333333334 0.03833333333333333 0.023333333333333334 0.023333333333333334
0 0.23666666666666666 0.08 0.023333333333333334 0.02
0 0.21833333333333332 0.125 0.02666666666666667 0.02666666666666667
0 0.07333333333333333 0.7916666666666666 0.03 0.04
0 0.08166666666666667 0.8383333333333334 0.03 0.03666666666666667
0 0.18666666666666668 0.38666666666666666 0.02666666666666667 0.02666666666666667
0 0.2833333333333333 0.07833333333333334 0.02666666666666667 0.03666666666666667
0 0.7716666666666666 0.5483333333333333 0.023333333333333334 0.02666666666666667
0 0.9333333333333333 0.47 0.025 0.02666666666666667
0 0.8716666666666667 0.5483333333333333 0.02666666666666667 0.02666666666666667
0 0.8766666666666667 0.6033333333333334 0.02 0.02666666666666667
0 0.7166666666666667 0.61 0.03 0.023333333333333334
0 0.8483333333333334 0.405 0.02666666666666667 0.02666666666666667
0 0.9183333333333333 0.4116666666666667 0.02666666666666667 0.03
0 0.16333333333333333 0.07166666666666667 0.02666666666666667 0.028333333333333332