0 0.17 0.135 0.03166666666666667 0.03
0 0.6683333333333333 0.45 0.03 0.02
0 0.235 0.28833333333333333 0.03666666666666667 0.03333333333333333
0 0.37833333333333335 0.38333333333333336 0.02666666666666667 0.02666666666666667
0 0.33666666666666667 0.4066666666666667 0.02666666666666667 0.023333333333333334
0 0.6916666666666667 0.4533333333333333 0.03 0.02666666666666667
0 0.23 0.055 0.03 0.02666666666666667
0 0.3433333333333333 0.425 0.02666666666666667 0.023333333333333334
0 0.24666666666666667 0.25833333333333336 0.02666666666666667 0.02666666666666667
0 0.9416666666666667 0.39666666666666667 0.03 0.02666666666666667
0 0.47333333333333333 0.30666666666666664 0.03 0.03
0 0.79 0.5616666666666666 0.023333333333333334 0.023333333333333334
0 0.7266666666666667 0.5666666666666667 0.03 0.02666666666666667
0 0.7616666666666667 0.5783333333333334 0.02666666666666667 0.02666666666666667
0 0.6633333333333333 0.5916666666666667 0.03 0.02666666666666667
0 0.6266666666666667 0.5966666666666667 0.03 0.02666666666666667
0 0.6766666666666666 0.6216666666666667 0.03 0.023333333333333334
0 0.7083333333333334 0.655 0.03 0.023333333333333334
0 0.6366666666666667 0.7233333333333334 0.03333333333333333 0.03
0 0.6833333333333333 0.7466666666666667 0.023333333333333334 0.02
0 0.5883333333333334 0.7916666666666666 0.03 0.023333333333333334
0 0.8466666666666667 0.875 0.02666666666666667 0.023333333333333334
0 0.9066666666666666 0.9516666666666667 0.023333333333333334 0.02666666666666667
0 0.6333333333333333 0.765 0.03 0.02666666666666667
0 0.7816666666666666 0.8733333333333333 0.02 0.02
0 0.9866666666666667 0.9766666666666667 0.02666666666666667 0.03
0 0.6183333333333333 0.8433333333333334 0.02666666666666667 0.023333333333333334
0 0.7916666666666666 0.95 0.02 0.02666666666666667
0 0.8083333333333333 0.9 0.023333333333333334 0.03
0 0.9266666666666666 0.9633333333333334 0.02 0.023333333333333334
0 0.8016666666666666 0.58 0.02 0.02666666666666667
0 0.645 0.53 0.02 0.02
0 0.5283333333333333 0.5333333333333333 0.03 0.03
0 0.555 0.47 0.03666666666666667 0.023333333333333334
0 0.245 0.08666666666666667 0.03333333333333333 0.025
0 0.4816666666666667 0.65 0.02666666666666667 0.025
0 0.5316666666666666 0.6883333333333334 0.025 0.028333333333333332