0 0.26666666666666666 0.6433333333333333 0.02666666666666667 0.023333333333333334
0 0.7883333333333333 0.97 0.02666666666666667 0.02
0 0.021666666666666667 0.19833333333333333 0.03 0.02666666666666667
0 0.05 0.04666666666666667 0.02666666666666667 0.03
0 0.23666666666666666 0.15 0.02666666666666667 0.03
0 0.09333333333333334 0.1 0.02666666666666667 0.02
0 0.051666666666666666 0.18333333333333332 0.023333333333333334 0.03
0 0.24166666666666667 0.07833333333333334 0.03 0.03
0 0.9333333333333333 0.13666666666666666 0.03 0.023333333333333334
0 0.6683333333333333 0.07 0.023333333333333334 0.02
0 0.9016666666666666 0.45 0.02666666666666667 0.023333333333333334
0 0.8183333333333334 0.4816666666666667 0.02666666666666667 0.023333333333333334
0 0.915 0.3566666666666667 0.02 0.02
0 0.975 0.45666666666666667 0.03333333333333333 0.023333333333333334