0 0.6 0.8233333333333334 0.02666666666666667 0.02666666666666667
0 0.5716666666666667 0.8333333333333334 0.023333333333333334 0.02
0 0.4683333333333333 0.93 0.03333333333333333 0.03333333333333333
0 0.4866666666666667 0.7783333333333333 0.023333333333333334 0.03
0 0.4683333333333333 0.6633333333333333 0.023333333333333334 0.03
0 0.3 0.3566666666666667 0.023333333333333334 0.023333333333333334
0 0.2966666666666667 0.2966666666666667 0.023333333333333334 0.023333333333333334
0 0.34833333333333333 0.3516666666666667 0.03 0.02
0 0.39166666666666666 0.37166666666666665 0.02666666666666667 0.02
0 0.39666666666666667 0.35333333333333333 0.02666666666666667 0.02
0 0.44166666666666665 0.455 0.023333333333333334 0.02666666666666667
0 0.2916666666666667 0.47833333333333333 0.023333333333333334 0.023333333333333334
0 0.27 0.21166666666666667 0.02666666666666667 0.02666666666666667
0 0.2833333333333333 0.25333333333333335 0.021666666666666667 0.02
0 0.18666666666666668 0.25833333333333336 0.023333333333333334 0.02666666666666667
0 0.21 0.2733333333333333 0.023333333333333334 0.02
0 0.235 0.3566666666666667 0.023333333333333334 0.03
0 0.24833333333333332 0.37666666666666665 0.02666666666666667 0.03
0 0.3933333333333333 0.33666666666666667 0.02666666666666667 0.03
0 0.115 0.3283333333333333 0.021666666666666667 0.025
0 0.25833333333333336 0.32166666666666666 0.02666666666666667 0.02666666666666667
0 0.85 0.5133333333333333 0.023333333333333334 0.023333333333333334
0 0.54 0.8016666666666666 0.02666666666666667 0.03
0 0.5166666666666667 0.7016666666666667 0.023333333333333334 0.02
0 0.4266666666666667 0.485 0.025 0.025
0 0.25333333333333335 0.3433333333333333 0.02666666666666667 0.021666666666666667