0 0.8283333333333334 0.09333333333333334 0.03 0.02666666666666667
0 0.9216666666666666 0.07833333333333334 0.03 0.03
0 0.5883333333333334 0.335 0.02666666666666667 0.023333333333333334
0 0.5833333333333334 0.35833333333333334 0.03 0.02666666666666667
0 0.7666666666666667 0.13 0.023333333333333334 0.03
0 0.8283333333333334 0.11833333333333333 0.02666666666666667 0.023333333333333334
0 0.61 0.7483333333333333 0.03 0.023333333333333334
0 0.545 0.7416666666666667 0.03 0.02666666666666667
0 0.9633333333333334 0.5533333333333333 0.03 0.02666666666666667
0 0.6316666666666667 0.6516666666666666 0.02666666666666667 0.023333333333333334
0 0.8966666666666666 0.5633333333333334 0.023333333333333334 0.023333333333333334
0 0.6166666666666667 0.6 0.02666666666666667 0.02666666666666667
0 0.3016666666666667 0.008333333333333333 0.03 0.016666666666666666
0 0.3383333333333333 0.21166666666666667 0.023333333333333334 0.023333333333333334
0 0.5066666666666667 0.15666666666666668 0.02 0.02666666666666667
0 0.36666666666666664 0.22666666666666666 0.03 0.023333333333333334
0 0.215 0.17833333333333334 0.02666666666666667 0.02666666666666667
0 0.27166666666666667 0.21166666666666667 0.03 0.02666666666666667
0 0.1 0.8866666666666667 0.023333333333333334 0.023333333333333334
0 0.6183333333333333 0.3283333333333333 0.03 0.03
0 0.705 0.41 0.028333333333333332 0.02666666666666667
0 0.6533333333333333 0.295 0.03833333333333333 0.035
0 0.07666666666666666 0.06 0.03 0.028333333333333332
0 0.755 0.19833333333333333 0.021666666666666667 0.028333333333333332