0 0.7316666666666667 0.23833333333333334 0.02666666666666667 0.02666666666666667
0 0.7133333333333334 0.32666666666666666 0.023333333333333334 0.03
0 0.8533333333333334 0.23 0.02666666666666667 0.023333333333333334
0 0.805 0.5483333333333333 0.03166666666666667 0.02666666666666667
0 0.17833333333333334 0.9716666666666667 0.023333333333333334 0.023333333333333334
0 0.5083333333333333 0.97 0.028333333333333332 0.03333333333333333
0 0.37333333333333335 0.33666666666666667 0.03 0.023333333333333334
0 0.5933333333333334 0.15 0.023333333333333334 0.023333333333333334
0 0.37 0.9766666666666667 0.03 0.02666666666666667
0 0.18166666666666667 0.9366666666666666 0.03333333333333333 0.03
0 0.705 0.13666666666666666 0.023333333333333334 0.023333333333333334
0 0.305 0.88 0.023333333333333334 0.023333333333333334
0 0.13666666666666666 0.5466666666666666 0.03 0.03