0 0.7783333333333333 0.28833333333333333 0.021666666666666667 0.021666666666666667
0 0.9033333333333333 0.44333333333333336 0.02666666666666667 0.02666666666666667
0 0.6783333333333333 0.3016666666666667 0.03 0.02
0 0.665 0.27166666666666667 0.02666666666666667 0.023333333333333334
0 0.57 0.09333333333333334 0.03 0.03666666666666667
0 0.54 0.13 0.02666666666666667 0.035
0 0.5233333333333333 0.08166666666666667 0.03 0.035
0 0.545 0.32666666666666666 0.025 0.02666666666666667
0 0.7733333333333333 0.42 0.03 0.023333333333333334
0 0.82 0.45166666666666666 0.02666666666666667 0.03
0 0.9133333333333333 0.47 0.03666666666666667 0.02666666666666667
0 0.8633333333333333 0.5083333333333333 0.03 0.03
0 0.8066666666666666 0.5183333333333333 0.02666666666666667 0.03333333333333333
0 0.08833333333333333 0.82 0.03 0.02666666666666667
0 0.47 0.24 0.03 0.035
0 0.023333333333333334 0.43833333333333335 0.028333333333333332 0.02666666666666667
0 0.9566666666666667 0.5366666666666666 0.025 0.03
0 0.8033333333333333 0.3283333333333333 0.02666666666666667 0.025
0 0.5883333333333334 0.27666666666666667 0.02666666666666667 0.03
0 0.7566666666666667 0.12333333333333334 0.03 0.028333333333333332
0 0.8983333333333333 0.62 0.035 0.03166666666666667