0 0.9016666666666666 0.7666666666666667 0.023333333333333334 0.023333333333333334
0 0.935 0.8 0.03 0.03
0 0.9066666666666666 0.5716666666666667 0.02666666666666667 0.03
0 0.8516666666666667 0.9133333333333333 0.02666666666666667 0.02666666666666667
0 0.3 0.7783333333333333 0.03 0.03333333333333333
0 0.3333333333333333 0.8716666666666667 0.02 0.02666666666666667
0 0.31 0.8316666666666667 0.023333333333333334 0.02666666666666667
0 0.22333333333333333 0.9383333333333334 0.03 0.03
0 0.3016666666666667 0.9866666666666667 0.023333333333333334 0.023333333333333334
0 0.9816666666666667 0.215 0.023333333333333334 0.023333333333333334
0 0.9716666666666667 0.44 0.02666666666666667 0.023333333333333334
0 0.9816666666666667 0.05333333333333334 0.02 0.02
0 0.9683333333333334 0.325 0.02666666666666667 0.02666666666666667
0 0.9833333333333333 0.31166666666666665 0.023333333333333334 0.023333333333333334
0 0.30333333333333334 0.9866666666666667 0.023333333333333334 0.023333333333333334
0 0.9416666666666667 0.605 0.028333333333333332 0.028333333333333332