0 0.805 0.28 0.03 0.03
0 0.95 0.29333333333333333 0.02666666666666667 0.02666666666666667
0 0.9466666666666667 0.22666666666666666 0.02 0.023333333333333334
0 0.71 0.19166666666666668 0.03 0.02
0 0.7283333333333334 0.26 0.023333333333333334 0.02
0 0.73 0.38166666666666665 0.02666666666666667 0.03
0 0.6816666666666666 0.12333333333333334 0.02 0.023333333333333334
0 0.7133333333333334 0.06166666666666667 0.023333333333333334 0.023333333333333334
0 0.8333333333333334 0.03333333333333333 0.023333333333333334 0.023333333333333334
0 0.9683333333333334 0.23666666666666666 0.023333333333333334 0.023333333333333334
0 0.7183333333333334 0.15333333333333332 0.023333333333333334 0.02
0 0.43666666666666665 0.77 0.02666666666666667 0.023333333333333334
0 0.485 0.975 0.02666666666666667 0.02666666666666667
0 0.4583333333333333 0.7466666666666667 0.02666666666666667 0.023333333333333334
0 0.4583333333333333 0.7016666666666667 0.023333333333333334 0.023333333333333334
0 0.9883333333333333 0.28 0.021666666666666667 0.025
0 0.8083333333333333 0.36 0.023333333333333334 0.023333333333333334
0 0.92 0.07833333333333334 0.03 0.02666666666666667