0 0.7366666666666667 0.755 0.02666666666666667 0.02666666666666667
0 0.745 0.8183333333333334 0.02666666666666667 0.023333333333333334
0 0.7266666666666667 0.8516666666666667 0.023333333333333334 0.02666666666666667
0 0.7766666666666666 0.8016666666666666 0.02 0.02
0 0.6216666666666667 0.8016666666666666 0.02 0.023333333333333334
0 0.7683333333333333 0.9233333333333333 0.023333333333333334 0.02666666666666667
0 0.785 0.7233333333333334 0.03 0.02666666666666667
0 0.6866666666666666 0.6683333333333333 0.02 0.02666666666666667
0 0.6466666666666666 0.8916666666666667 0.02 0.02
0 0.39166666666666666 0.4816666666666667 0.03 0.02666666666666667
0 0.4216666666666667 0.48333333333333334 0.02 0.02
0 0.4583333333333333 0.3283333333333333 0.03 0.03
0 0.4816666666666667 0.37666666666666665 0.03 0.03
0 0.57 0.42 0.023333333333333334 0.028333333333333332