0 0.2816666666666667 0.8183333333333334 0.02666666666666667 0.02666666666666667
0 0.20833333333333334 0.9316666666666666 0.02666666666666667 0.023333333333333334
0 0.6033333333333334 0.9733333333333334 0.023333333333333334 0.023333333333333334
0 0.64 0.8983333333333333 0.02666666666666667 0.02666666666666667
0 0.5533333333333333 0.8833333333333333 0.02666666666666667 0.02666666666666667
0 0.5583333333333333 0.97 0.023333333333333334 0.023333333333333334
0 0.9216666666666666 0.7833333333333333 0.023333333333333334 0.023333333333333334
0 0.6633333333333333 0.8483333333333334 0.023333333333333334 0.02
0 0.7116666666666667 0.7916666666666666 0.023333333333333334 0.023333333333333334
0 0.535 0.5283333333333333 0.023333333333333334 0.023333333333333334
0 0.6533333333333333 0.36 0.02666666666666667 0.023333333333333334
0 0.6083333333333333 0.49166666666666664 0.02666666666666667 0.02
0 0.8366666666666667 0.44666666666666666 0.023333333333333334 0.02
0 0.6216666666666667 0.44333333333333336 0.02 0.02
0 0.6533333333333333 0.41833333333333333 0.02666666666666667 0.02
0 0.6833333333333333 0.38166666666666665 0.02666666666666667 0.023333333333333334
0 0.9216666666666666 0.47833333333333333 0.023333333333333334 0.023333333333333334
0 0.6283333333333333 0.385 0.025 0.02666666666666667
0 0.6283333333333333 0.4666666666666667 0.018333333333333333 0.02