0 0.6566666666666666 0.9383333333333334 0.023333333333333334 0.023333333333333334
0 0.6766666666666666 0.7716666666666666 0.02666666666666667 0.02666666666666667
0 0.6066666666666667 0.7183333333333334 0.02666666666666667 0.023333333333333334
0 0.66 0.675 0.023333333333333334 0.025
0 0.6266666666666667 0.6516666666666666 0.02 0.023333333333333334
0 0.6 0.8433333333333334 0.023333333333333334 0.023333333333333334
0 0.6416666666666667 0.8783333333333333 0.02 0.02666666666666667
0 0.6033333333333334 0.6916666666666667 0.03 0.023333333333333334
0 0.55 0.7183333333333334 0.03166666666666667 0.02666666666666667
0 0.6083333333333333 0.9683333333333334 0.03333333333333333 0.03333333333333333
0 0.6 0.9116666666666666 0.03333333333333333 0.03333333333333333
0 0.11666666666666667 0.9816666666666667 0.023333333333333334 0.023333333333333334
0 0.6433333333333333 0.9866666666666667 0.02666666666666667 0.023333333333333334
0 0.525 0.7233333333333334 0.023333333333333334 0.02
0 0.51 0.675 0.023333333333333334 0.023333333333333334
0 0.02 0.9283333333333333 0.02666666666666667 0.021666666666666667
0 0.01 0.2683333333333333 0.02 0.035