0 0.08833333333333333 0.35833333333333334 0.025 0.028333333333333332
0 0.065 0.34833333333333333 0.023333333333333334 0.02666666666666667
0 0.18 0.03833333333333333 0.025 0.025
0 0.285 0.39666666666666667 0.023333333333333334 0.02
0 0.19166666666666668 0.495 0.025 0.023333333333333334
0 0.37333333333333335 0.4683333333333333 0.016666666666666666 0.02
0 0.38666666666666666 0.4766666666666667 0.023333333333333334 0.021666666666666667
0 0.055 0.83 0.02 0.023333333333333334
0 0.2783333333333333 0.59 0.02666666666666667 0.023333333333333334
0 0.20166666666666666 0.8166666666666667 0.023333333333333334 0.023333333333333334
0 0.27166666666666667 0.52 0.023333333333333334 0.023333333333333334
0 0.04833333333333333 0.95 0.023333333333333334 0.023333333333333334
0 0.44333333333333336 0.5333333333333333 0.023333333333333334 0.023333333333333334
0 0.8933333333333333 0.24166666666666667 0.023333333333333334 0.023333333333333334
0 0.88 0.20333333333333334 0.02666666666666667 0.03333333333333333
0 0.7633333333333333 0.6783333333333333 0.02666666666666667 0.02666666666666667
0 0.6366666666666667 0.5966666666666667 0.03 0.02666666666666667
0 0.7133333333333334 0.8166666666666667 0.028333333333333332 0.03166666666666667
0 0.825 0.6633333333333333 0.03 0.02666666666666667
0 0.685 0.6716666666666666 0.02666666666666667 0.023333333333333334
0 0.6116666666666667 0.935 0.03333333333333333 0.03333333333333333
0 0.5583333333333333 0.8083333333333333 0.02 0.023333333333333334
0 0.7583333333333333 0.9016666666666666 0.02666666666666667 0.023333333333333334
0 0.6333333333333333 0.7233333333333334 0.03 0.023333333333333334
0 0.705 0.57 0.028333333333333332 0.02666666666666667
0 0.8183333333333334 0.5366666666666666 0.02666666666666667 0.02666666666666667
0 0.7816666666666666 0.6383333333333333 0.02666666666666667 0.023333333333333334
0 0.6316666666666667 0.7683333333333333 0.03 0.03
0 0.7333333333333333 0.665 0.028333333333333332 0.02666666666666667
0 0.51 0.5816666666666667 0.023333333333333334 0.028333333333333332
0 0.30333333333333334 0.5183333333333333 0.02 0.02666666666666667
0 0.23 0.435 0.023333333333333334 0.028333333333333332
0 0.41833333333333333 0.53 0.025 0.025
0 0.5966666666666667 0.38333333333333336 0.025 0.02666666666666667
0 0.205 0.4633333333333333 0.03 0.02666666666666667
0 0.21166666666666667 0.4866666666666667 0.02666666666666667 0.023333333333333334