0 0.26166666666666666 0.19 0.02666666666666667 0.025
0 0.12666666666666668 0.235 0.03 0.02666666666666667
0 0.38166666666666665 0.265 0.03 0.023333333333333334
0 0.30833333333333335 0.17833333333333334 0.023333333333333334 0.025
0 0.2 0.16833333333333333 0.02666666666666667 0.02666666666666667
0 0.09166666666666666 0.21333333333333335 0.02666666666666667 0.023333333333333334
0 0.10833333333333334 0.19833333333333333 0.02666666666666667 0.03
0 0.18333333333333332 0.04833333333333333 0.023333333333333334 0.02666666666666667
0 0.21333333333333335 0.06 0.02666666666666667 0.02666666666666667
0 0.2816666666666667 0.4766666666666667 0.02 0.023333333333333334
0 0.16666666666666666 0.09666666666666666 0.023333333333333334 0.02
0 0.17333333333333334 0.13666666666666666 0.023333333333333334 0.02
0 0.235 0.13166666666666665 0.023333333333333334 0.02
0 0.19166666666666668 0.5483333333333333 0.023333333333333334 0.023333333333333334
0 0.043333333333333335 0.9733333333333334 0.025 0.02666666666666667
0 0.065 0.013333333333333334 0.02666666666666667 0.02666666666666667
0 0.48833333333333334 0.2733333333333333 0.02666666666666667 0.02666666666666667
0 0.5083333333333333 0.16333333333333333 0.023333333333333334 0.02666666666666667
0 0.8333333333333334 0.6333333333333333 0.02666666666666667 0.02666666666666667
0 0.7733333333333333 0.7716666666666666 0.023333333333333334 0.023333333333333334
0 0.965 0.37333333333333335 0.025 0.03
0 0.4716666666666667 0.07333333333333333 0.025 0.025