0 0.935 0.75 0.03333333333333333 0.03
0 0.8766666666666667 0.79 0.02666666666666667 0.023333333333333334
0 0.20833333333333334 0.385 0.02666666666666667 0.02666666666666667
0 0.26166666666666666 0.028333333333333332 0.023333333333333334 0.023333333333333334
0 0.03166666666666667 0.20166666666666666 0.02666666666666667 0.02666666666666667
0 0.825 0.045 0.02 0.023333333333333334
0 0.8633333333333333 0.03833333333333333 0.02 0.02
0 0.8883333333333333 0.02666666666666667 0.02 0.03
0 0.85 0.06166666666666667 0.02666666666666667 0.023333333333333334
0 0.8333333333333334 0.07333333333333333 0.02 0.02
0 0.8383333333333334 0.27166666666666667 0.023333333333333334 0.023333333333333334
0 0.845 0.235 0.02 0.02666666666666667
0 0.9 0.20333333333333334 0.023333333333333334 0.023333333333333334
0 0.2833333333333333 0.011666666666666667 0.023333333333333334 0.023333333333333334
0 0.2633333333333333 0.33166666666666667 0.028333333333333332 0.02666666666666667