0 0.32 0.1 0.03 0.02666666666666667
0 0.41333333333333333 0.08666666666666667 0.03 0.03
0 0.08166666666666667 0.3433333333333333 0.02666666666666667 0.023333333333333334
0 0.075 0.36666666666666664 0.03 0.02666666666666667
0 0.25833333333333336 0.13666666666666666 0.02666666666666667 0.03
0 0.32 0.12666666666666668 0.02666666666666667 0.023333333333333334
0 0.7633333333333333 0.175 0.02 0.02666666666666667
0 0.6333333333333333 0.22833333333333333 0.03 0.02666666666666667
0 0.815 0.16666666666666666 0.03 0.02
0 0.7066666666666667 0.16 0.023333333333333334 0.02666666666666667
0 0.5983333333333334 0.20666666666666667 0.02666666666666667 0.023333333333333334
0 0.6166666666666667 0.19166666666666668 0.02666666666666667 0.03
0 0.6916666666666667 0.041666666666666664 0.023333333333333334 0.02666666666666667
0 0.7166666666666667 0.04666666666666667 0.023333333333333334 0.03
0 0.7883333333333333 0.4683333333333333 0.02 0.023333333333333334
0 0.6733333333333333 0.08833333333333333 0.023333333333333334 0.02
0 0.6816666666666666 0.12833333333333333 0.023333333333333334 0.02
0 0.7433333333333333 0.12333333333333334 0.023333333333333334 0.02
0 0.10166666666666667 0.7566666666666667 0.03 0.023333333333333334
0 0.03833333333333333 0.7483333333333333 0.03 0.02666666666666667
0 0.21 0.7833333333333333 0.025 0.03
0 0.12333333333333334 0.6583333333333333 0.02666666666666667 0.023333333333333334
0 0.3933333333333333 0.5716666666666667 0.03333333333333333 0.025
0 0.10833333333333334 0.6083333333333333 0.02666666666666667 0.02666666666666667
0 0.7 0.54 0.023333333333333334 0.023333333333333334
0 0.5466666666666666 0.965 0.03 0.03
0 0.5566666666666666 0.8366666666666667 0.023333333333333334 0.03
0 0.5416666666666666 0.785 0.03 0.02666666666666667
0 0.5733333333333334 0.01 0.02666666666666667 0.02