0 0.19666666666666666 0.8583333333333333 0.02666666666666667 0.03
0 0.10833333333333334 0.8616666666666667 0.02 0.02
0 0.23666666666666666 0.57 0.023333333333333334 0.023333333333333334
0 0.91 0.22 0.02666666666666667 0.02
0 0.9283333333333333 0.255 0.02 0.02
0 0.98 0.3233333333333333 0.023333333333333334 0.02
0 0.7016666666666667 0.42 0.03333333333333333 0.023333333333333334
0 0.8916666666666667 0.23666666666666666 0.023333333333333334 0.023333333333333334
0 0.9283333333333333 0.5683333333333334 0.03333333333333333 0.04
0 0.8583333333333333 0.67 0.03333333333333333 0.03
0 0.8316666666666667 0.7666666666666667 0.02666666666666667 0.03
0 0.8283333333333334 0.6916666666666667 0.03 0.02666666666666667
0 0.7633333333333333 0.6066666666666667 0.02 0.03
0 0.7983333333333333 0.8316666666666667 0.023333333333333334 0.02
0 0.505 0.945 0.023333333333333334 0.025
0 0.41333333333333333 0.95 0.02666666666666667 0.023333333333333334
0 0.9883333333333333 0.5933333333333334 0.023333333333333334 0.03333333333333333
0 0.95 0.275 0.02666666666666667 0.03
0 0.9283333333333333 0.11833333333333333 0.028333333333333332 0.03
0 0.9016666666666666 0.3616666666666667 0.02666666666666667 0.023333333333333334
0 0.5516666666666666 0.84 0.028333333333333332 0.02666666666666667
0 0.2733333333333333 0.7883333333333333 0.023333333333333334 0.023333333333333334