0 0.49833333333333335 0.6133333333333333 0.023333333333333334 0.023333333333333334
0 0.6966666666666667 0.6233333333333333 0.02666666666666667 0.02666666666666667
0 0.36666666666666664 0.7333333333333333 0.03 0.03
0 0.15833333333333333 0.7083333333333334 0.02666666666666667 0.02666666666666667
0 0.13333333333333333 0.7466666666666667 0.02666666666666667 0.02666666666666667
0 0.11 0.6166666666666667 0.023333333333333334 0.02666666666666667
0 0.5916666666666667 0.735 0.023333333333333334 0.02666666666666667
0 0.7566666666666667 0.5433333333333333 0.03 0.03
0 0.5266666666666666 0.5633333333333334 0.02666666666666667 0.02666666666666667
0 0.7933333333333333 0.5783333333333334 0.02666666666666667 0.02666666666666667
0 0.23666666666666666 0.6183333333333333 0.03 0.03
0 0.02666666666666667 0.605 0.023333333333333334 0.02
0 0.33 0.5866666666666667 0.02666666666666667 0.023333333333333334
0 0.43333333333333335 0.5416666666666666 0.02 0.023333333333333334
0 0.75 0.6766666666666666 0.02 0.023333333333333334
0 0.38166666666666665 0.35333333333333333 0.02 0.023333333333333334
0 0.016666666666666666 0.36666666666666664 0.02666666666666667 0.02666666666666667
0 0.03166666666666667 0.4816666666666667 0.02666666666666667 0.023333333333333334
0 0.08666666666666667 0.4683333333333333 0.023333333333333334 0.023333333333333334
0 0.09833333333333333 0.2966666666666667 0.02666666666666667 0.03
0 0.09166666666666666 0.19833333333333333 0.02666666666666667 0.023333333333333334
0 0.03166666666666667 0.21166666666666667 0.03 0.02666666666666667
0 0.6183333333333333 0.45166666666666666 0.03 0.02666666666666667
0 0.018333333333333333 0.5366666666666666 0.02666666666666667 0.03
0 0.02666666666666667 0.23666666666666666 0.023333333333333334 0.023333333333333334
0 0.06333333333333334 0.15833333333333333 0.02666666666666667 0.03
0 0.016666666666666666 0.11166666666666666 0.02666666666666667 0.02666666666666667
0 0.5683333333333334 0.29 0.023333333333333334 0.02666666666666667
0 0.955 0.3883333333333333 0.03 0.02666666666666667
0 0.355 0.125 0.03 0.03
0 0.37833333333333335 0.18166666666666667 0.02 0.023333333333333334
0 0.4216666666666667 0.4766666666666667 0.02666666666666667 0.02666666666666667
0 0.6816666666666666 0.45166666666666666 0.03 0.03
0 0.4083333333333333 0.105 0.02666666666666667 0.023333333333333334
0 0.275 0.11666666666666667 0.03333333333333333 0.03
0 0.06333333333333334 0.35833333333333334 0.023333333333333334 0.023333333333333334
0 0.9783333333333334 0.4116666666666667 0.02666666666666667 0.02666666666666667
0 0.30833333333333335 0.22833333333333333 0.02666666666666667 0.02666666666666667
0 0.5483333333333333 0.29333333333333333 0.023333333333333334 0.023333333333333334
0 0.59 0.27166666666666667 0.03 0.03
0 0.5066666666666667 0.3516666666666667 0.02666666666666667 0.02666666666666667
0 0.5716666666666667 0.45166666666666666 0.023333333333333334 0.023333333333333334
0 0.665 0.31666666666666665 0.02666666666666667 0.02666666666666667
0 0.285 0.06 0.02666666666666667 0.02666666666666667
0 0.01 0.6216666666666667 0.02 0.02
0 0.01 0.6783333333333333 0.02 0.023333333333333334
0 0.5516666666666666 0.5116666666666667 0.023333333333333334 0.02
0 0.33666666666666667 0.18666666666666668 0.02666666666666667 0.02666666666666667
0 0.3883333333333333 0.13666666666666666 0.016666666666666666 0.02
0 0.4066666666666667 0.14333333333333334 0.023333333333333334 0.023333333333333334
0 0.4033333333333333 0.12833333333333333 0.016666666666666666 0.016666666666666666
0 0.5616666666666666 0.14166666666666666 0.023333333333333334 0.023333333333333334
0 0.8083333333333333 0.15333333333333332 0.02666666666666667 0.02666666666666667
0 0.91 0.355 0.02666666666666667 0.03333333333333333