0 0.575 0.35333333333333333 0.03 0.03
0 0.55 0.385 0.023333333333333334 0.023333333333333334
0 0.6366666666666667 0.4866666666666667 0.03166666666666667 0.03333333333333333
0 0.10166666666666667 0.3516666666666667 0.03 0.02
0 0.13833333333333334 0.335 0.03 0.03
0 0.09 0.7416666666666667 0.02666666666666667 0.03
0 0.08333333333333333 0.6316666666666667 0.023333333333333334 0.02666666666666667
0 0.39166666666666666 0.2966666666666667 0.03 0.023333333333333334
0 0.41833333333333333 0.10666666666666667 0.023333333333333334 0.023333333333333334
0 0.47833333333333333 0.355 0.02666666666666667 0.02666666666666667
0 0.31666666666666665 0.18333333333333332 0.03333333333333333 0.023333333333333334
0 0.125 0.37833333333333335 0.02 0.023333333333333334
0 0.07 0.9083333333333333 0.02666666666666667 0.023333333333333334
0 0.53 0.29833333333333334 0.03 0.03
0 0.5183333333333333 0.44166666666666665 0.023333333333333334 0.023333333333333334
0 0.016666666666666666 0.63 0.025 0.02
0 0.018333333333333333 0.93 0.023333333333333334 0.03
0 0.49666666666666665 0.06833333333333333 0.02666666666666667 0.021666666666666667
0 0.59 0.25333333333333335 0.025 0.025
0 0.49833333333333335 0.485 0.03 0.02666666666666667
0 0.30833333333333335 0.535 0.02666666666666667 0.028333333333333332
0 0.125 0.8433333333333334 0.023333333333333334 0.021666666666666667
0 0.12 0.22333333333333333 0.025 0.02666666666666667
0 0.13666666666666666 0.016666666666666666 0.03166666666666667 0.023333333333333334
0 0.15666666666666668 0.045 0.02666666666666667 0.025