0 0.3883333333333333 0.5283333333333333 0.02666666666666667 0.023333333333333334
0 0.24833333333333332 0.10666666666666667 0.02666666666666667 0.02666666666666667
0 0.4533333333333333 0.30333333333333334 0.023333333333333334 0.02
0 0.4066666666666667 0.505 0.02 0.02
0 0.3983333333333333 0.6633333333333333 0.023333333333333334 0.02
0 0.4166666666666667 0.08 0.023333333333333334 0.023333333333333334
0 0.36833333333333335 0.43833333333333335 0.03 0.02666666666666667
0 0.425 0.015 0.02666666666666667 0.02666666666666667
0 0.5066666666666667 0.89 0.03666666666666667 0.03
0 0.9683333333333334 0.5166666666666667 0.02666666666666667 0.02666666666666667
0 0.9383333333333334 0.5133333333333333 0.03 0.023333333333333334
0 0.7866666666666666 0.5133333333333333 0.02666666666666667 0.02666666666666667
0 0.6516666666666666 0.3933333333333333 0.03666666666666667 0.023333333333333334
0 0.6766666666666666 0.745 0.02 0.02
0 0.6466666666666666 0.7516666666666667 0.02666666666666667 0.02
0 0.6583333333333333 0.635 0.02666666666666667 0.02
0 0.5266666666666666 0.5483333333333333 0.023333333333333334 0.02666666666666667
0 0.8366666666666667 0.041666666666666664 0.023333333333333334 0.023333333333333334
0 0.7616666666666667 0.19833333333333333 0.03 0.023333333333333334
0 0.6766666666666666 0.4766666666666667 0.023333333333333334 0.03
0 0.59 0.44666666666666666 0.03 0.02
0 0.6733333333333333 0.805 0.02 0.023333333333333334
0 0.7833333333333333 0.07833333333333334 0.03333333333333333 0.023333333333333334
0 0.7583333333333333 0.5183333333333333 0.03 0.03
0 0.18166666666666667 0.01 0.02 0.02
0 0.9166666666666666 0.10333333333333333 0.03 0.02
0 0.6866666666666666 0.56 0.02666666666666667 0.02666666666666667
0 0.96 0.39166666666666666 0.023333333333333334 0.023333333333333334
0 0.5783333333333334 0.6333333333333333 0.023333333333333334 0.023333333333333334
0 0.6916666666666667 0.32666666666666666 0.023333333333333334 0.023333333333333334
0 0.715 0.043333333333333335 0.02666666666666667 0.02666666666666667
0 0.505 0.5616666666666666 0.02666666666666667 0.02666666666666667
0 0.9 0.5183333333333333 0.023333333333333334 0.02666666666666667
0 0.6666666666666666 0.7333333333333333 0.02666666666666667 0.02666666666666667
0 0.8966666666666666 0.02 0.023333333333333334 0.023333333333333334
0 0.8483333333333334 0.49166666666666664 0.02 0.02
0 0.9316666666666666 0.2916666666666667 0.023333333333333334 0.023333333333333334