0 0.3233333333333333 0.25833333333333336 0.028333333333333332 0.03166666666666667
0 0.2 0.26166666666666666 0.02666666666666667 0.02666666666666667
0 0.3233333333333333 0.15333333333333332 0.02666666666666667 0.03
0 0.4116666666666667 0.24666666666666667 0.02666666666666667 0.02666666666666667
0 0.3983333333333333 0.45666666666666667 0.02666666666666667 0.023333333333333334
0 0.285 0.9383333333333334 0.023333333333333334 0.03333333333333333
0 0.17 0.94 0.02 0.02
0 0.145 0.9216666666666666 0.023333333333333334 0.023333333333333334
0 0.32166666666666666 0.6866666666666666 0.02666666666666667 0.02666666666666667
0 0.33166666666666667 0.7633333333333333 0.02 0.02666666666666667
0 0.15833333333333333 0.9866666666666667 0.03 0.02666666666666667
0 0.051666666666666666 0.94 0.02 0.02666666666666667
0 0.49166666666666664 0.56 0.03 0.03
0 0.4816666666666667 0.5266666666666666 0.03 0.03
0 0.3233333333333333 0.5166666666666667 0.023333333333333334 0.023333333333333334
0 0.3616666666666667 0.5116666666666667 0.02666666666666667 0.023333333333333334
0 0.22 0.5483333333333333 0.02666666666666667 0.03
0 0.3433333333333333 0.6983333333333334 0.023333333333333334 0.023333333333333334
0 0.07166666666666667 0.8483333333333334 0.023333333333333334 0.023333333333333334
0 0.07833333333333334 0.57 0.03 0.03
0 0.028333333333333332 0.9333333333333333 0.02 0.02666666666666667
0 0.41 0.8133333333333334 0.025 0.03
0 0.32166666666666666 0.7133333333333334 0.023333333333333334 0.02666666666666667