0 0.6483333333333333 0.455 0.023333333333333334 0.025
0 0.5883333333333334 0.03166666666666667 0.02666666666666667 0.03
0 0.6216666666666667 0.075 0.023333333333333334 0.02666666666666667
0 0.6683333333333333 0.035 0.02 0.023333333333333334
0 0.8916666666666667 0.915 0.02666666666666667 0.03
0 0.9183333333333333 0.855 0.03 0.03333333333333333
0 0.8516666666666667 0.8733333333333333 0.02666666666666667 0.02
0 0.7316666666666667 0.7666666666666667 0.02666666666666667 0.02666666666666667
0 0.72 0.7516666666666667 0.021666666666666667 0.023333333333333334
0 0.9616666666666667 0.925 0.02666666666666667 0.03
0 0.9316666666666666 0.8 0.028333333333333332 0.03166666666666667
0 0.655 0.545 0.023333333333333334 0.02666666666666667
0 0.9133333333333333 0.8933333333333333 0.023333333333333334 0.02
0 0.6583333333333333 0.6266666666666667 0.02 0.02
0 0.9216666666666666 0.9766666666666667 0.02 0.023333333333333334
0 0.8666666666666667 0.6166666666666667 0.02 0.03
0 0.9366666666666666 0.7633333333333333 0.02 0.023333333333333334
0 0.8783333333333333 0.865 0.02 0.02666666666666667
0 0.5516666666666666 0.66 0.023333333333333334 0.023333333333333334
0 0.8233333333333334 0.7033333333333334 0.02666666666666667 0.023333333333333334
0 0.5566666666666666 0.6116666666666667 0.023333333333333334 0.023333333333333334
0 0.9916666666666667 0.8733333333333333 0.016666666666666666 0.02
0 0.88 0.8033333333333333 0.02666666666666667 0.03333333333333333
0 0.06333333333333334 0.9133333333333333 0.02666666666666667 0.02
0 0.04833333333333333 0.7033333333333334 0.03 0.023333333333333334
0 0.4766666666666667 0.48333333333333334 0.03 0.02666666666666667
0 0.2783333333333333 0.7 0.02 0.02
0 0.47833333333333333 0.5016666666666667 0.02 0.02
0 0.43666666666666665 0.6566666666666666 0.023333333333333334 0.02666666666666667
0 0.4533333333333333 0.6516666666666666 0.02666666666666667 0.02
0 0.025 0.7516666666666667 0.023333333333333334 0.02666666666666667
0 0.8316666666666667 0.7633333333333333 0.025 0.025
0 0.5883333333333334 0.5966666666666667 0.023333333333333334 0.025
0 0.71 0.03166666666666667 0.021666666666666667 0.02
0 0.7066666666666667 0.055 0.023333333333333334 0.02666666666666667
0 0.715 0.015 0.02 0.021666666666666667