0 0.605 0.86 0.02666666666666667 0.025
0 0.58 0.8483333333333334 0.023333333333333334 0.02666666666666667
0 0.08333333333333333 0.5583333333333333 0.023333333333333334 0.02666666666666667
0 0.043333333333333335 0.44333333333333336 0.023333333333333334 0.03
0 0.41333333333333333 0.2966666666666667 0.02666666666666667 0.025
0 0.33 0.26666666666666666 0.023333333333333334 0.02666666666666667
0 0.695 0.5383333333333333 0.021666666666666667 0.02
0 0.8 0.895 0.02 0.02
0 0.8883333333333333 0.9683333333333334 0.018333333333333333 0.021666666666666667
0 0.016666666666666666 0.515 0.023333333333333334 0.02
0 0.9016666666666666 0.9766666666666667 0.023333333333333334 0.021666666666666667
0 0.28833333333333333 0.14666666666666667 0.023333333333333334 0.023333333333333334
0 0.7283333333333334 0.041666666666666664 0.023333333333333334 0.023333333333333334
0 0.4583333333333333 0.2966666666666667 0.018333333333333333 0.023333333333333334
0 0.015 0.9716666666666667 0.021666666666666667 0.02
0 0.7416666666666667 0.9366666666666666 0.02 0.02