0 0.04666666666666667 0.20333333333333334 0.03 0.02666666666666667
0 0.08166666666666667 0.19333333333333333 0.03 0.02666666666666667
0 0.09 0.49333333333333335 0.03 0.023333333333333334
0 0.035 0.25333333333333335 0.023333333333333334 0.03
0 0.058333333333333334 0.2966666666666667 0.023333333333333334 0.03
0 0.7983333333333333 0.06666666666666667 0.023333333333333334 0.023333333333333334
0 0.9716666666666667 0.3883333333333333 0.02666666666666667 0.023333333333333334
0 0.9133333333333333 0.9333333333333333 0.02 0.02
0 0.22166666666666668 0.5266666666666666 0.02666666666666667 0.02
0 0.9566666666666667 0.52 0.03 0.02666666666666667
0 0.8516666666666667 0.10333333333333333 0.023333333333333334 0.028333333333333332