0 0.5433333333333333 0.20333333333333334 0.03333333333333333 0.03
0 0.5316666666666666 0.22166666666666668 0.023333333333333334 0.02
0 0.49333333333333335 0.22166666666666668 0.023333333333333334 0.02666666666666667
0 0.4216666666666667 0.18166666666666667 0.03 0.023333333333333334
0 0.42 0.24166666666666667 0.02666666666666667 0.03
0 0.6166666666666667 0.2683333333333333 0.03 0.02
0 0.5533333333333333 0.25833333333333336 0.03 0.03
0 0.5666666666666667 0.32 0.03 0.028333333333333332
0 0.4716666666666667 0.3233333333333333 0.03 0.02
0 0.4766666666666667 0.275 0.03 0.02
0 0.37 0.2633333333333333 0.03 0.03166666666666667
0 0.38666666666666666 0.275 0.02 0.02
0 0.37 0.37 0.03 0.023333333333333334
0 0.3283333333333333 0.2733333333333333 0.03 0.023333333333333334
0 0.31 0.44166666666666665 0.023333333333333334 0.02666666666666667
0 0.42333333333333334 0.5683333333333334 0.03333333333333333 0.023333333333333334
0 0.41833333333333333 0.27666666666666667 0.03 0.02
0 0.5183333333333333 0.2733333333333333 0.02666666666666667 0.02
0 0.39666666666666667 0.3516666666666667 0.02 0.02
0 0.595 0.975 0.02 0.025
0 0.49833333333333335 0.9633333333333334 0.03333333333333333 0.02666666666666667
0 0.45 0.92 0.023333333333333334 0.02
0 0.49333333333333335 0.89 0.03333333333333333 0.03
0 0.43666666666666665 0.8966666666666666 0.03333333333333333 0.023333333333333334
0 0.4583333333333333 0.8633333333333333 0.023333333333333334 0.02
0 0.45166666666666666 0.8733333333333333 0.02666666666666667 0.02
0 0.485 0.8033333333333333 0.03 0.023333333333333334
0 0.47 0.815 0.023333333333333334 0.023333333333333334
0 0.45166666666666666 0.8266666666666667 0.02666666666666667 0.023333333333333334
0 0.435 0.7916666666666666 0.02666666666666667 0.02666666666666667
0 0.4033333333333333 0.7233333333333334 0.023333333333333334 0.02
0 0.36833333333333335 0.8383333333333334 0.023333333333333334 0.023333333333333334
0 0.35 0.8583333333333333 0.02666666666666667 0.023333333333333334
0 0.2916666666666667 0.7883333333333333 0.02666666666666667 0.03
0 0.30333333333333334 0.7716666666666666 0.02666666666666667 0.03
0 0.35333333333333333 0.7383333333333333 0.02666666666666667 0.023333333333333334
0 0.3016666666666667 0.7183333333333334 0.02 0.023333333333333334
0 0.325 0.6433333333333333 0.023333333333333334 0.02
0 0.33666666666666667 0.5966666666666667 0.023333333333333334 0.023333333333333334
0 0.3433333333333333 0.6166666666666667 0.023333333333333334 0.023333333333333334
0 0.36333333333333334 0.6833333333333333 0.023333333333333334 0.023333333333333334
0 0.33666666666666667 0.5133333333333333 0.02 0.02
0 0.30833333333333335 0.5166666666666667 0.02666666666666667 0.03
0 0.4716666666666667 0.49166666666666664 0.03 0.02
0 0.5666666666666667 0.5533333333333333 0.03333333333333333 0.02
0 0.49 0.5133333333333333 0.025 0.03
0 0.37166666666666665 0.5266666666666666 0.03 0.023333333333333334
0 0.325 0.465 0.02666666666666667 0.023333333333333334
0 0.4216666666666667 0.7583333333333333 0.023333333333333334 0.02
0 0.4483333333333333 0.7616666666666667 0.03 0.02
0 0.475 0.7383333333333333 0.03666666666666667 0.02666666666666667
0 0.46166666666666667 0.7133333333333334 0.023333333333333334 0.023333333333333334
0 0.4066666666666667 0.6783333333333333 0.02 0.02
0 0.42333333333333334 0.6866666666666666 0.023333333333333334 0.02
0 0.44333333333333336 0.6883333333333334 0.03 0.02
0 0.4083333333333333 0.6433333333333333 0.03 0.02666666666666667
0 0.35 0.6416666666666667 0.03 0.03
0 0.5233333333333333 0.6216666666666667 0.02666666666666667 0.03
0 0.54 0.5483333333333333 0.02 0.02
0 0.52 0.5716666666666667 0.023333333333333334 0.023333333333333334
0 0.4216666666666667 0.855 0.03 0.02666666666666667
0 0.48333333333333334 0.6066666666666667 0.02666666666666667 0.02
0 0.33 0.43 0.02 0.023333333333333334
0 0.4633333333333333 0.37 0.02666666666666667 0.02
0 0.46166666666666667 0.355 0.03 0.02
0 0.5766666666666667 0.16666666666666666 0.023333333333333334 0.02666666666666667
0 0.49666666666666665 0.7033333333333334 0.03 0.02666666666666667
0 0.5016666666666667 0.6416666666666667 0.03 0.02666666666666667
0 0.5616666666666666 0.6933333333333334 0.03 0.02666666666666667
0 0.6633333333333333 0.5716666666666667 0.02666666666666667 0.02
0 0.6283333333333333 0.29333333333333333 0.03 0.02666666666666667
0 0.36833333333333335 0.665 0.023333333333333334 0.023333333333333334
0 0.7333333333333333 0.9166666666666666 0.03 0.03
0 0.47833333333333333 0.435 0.02666666666666667 0.02666666666666667
0 0.6083333333333333 0.3983333333333333 0.03 0.02666666666666667
0 0.19666666666666666 0.06333333333333334 0.03 0.025
0 0.305 0.145 0.02666666666666667 0.02666666666666667
0 0.23333333333333334 0.7916666666666666 0.02666666666666667 0.023333333333333334
0 0.5766666666666667 0.8416666666666667 0.02666666666666667 0.02666666666666667
0 0.315 0.9466666666666667 0.03 0.03
0 0.32166666666666666 0.6866666666666666 0.02 0.02
0 0.35833333333333334 0.33166666666666667 0.02666666666666667 0.02666666666666667