0 0.2683333333333333 0.8383333333333334 0.02 0.02666666666666667
0 0.3016666666666667 0.845 0.03333333333333333 0.03
0 0.35 0.9766666666666667 0.03333333333333333 0.023333333333333334
0 0.39166666666666666 0.9666666666666667 0.03 0.02
0 0.15666666666666668 0.775 0.023333333333333334 0.023333333333333334
0 0.37333333333333335 0.6766666666666666 0.02 0.023333333333333334
0 0.39666666666666667 0.6633333333333333 0.023333333333333334 0.023333333333333334
0 0.6333333333333333 0.9633333333333334 0.02666666666666667 0.023333333333333334
0 0.26666666666666666 0.875 0.023333333333333334 0.03
0 0.17333333333333334 0.78 0.023333333333333334 0.023333333333333334
0 0.42 0.23166666666666666 0.03 0.02666666666666667
0 0.41333333333333333 0.7016666666666667 0.023333333333333334 0.023333333333333334
0 0.6983333333333334 0.9733333333333334 0.023333333333333334 0.023333333333333334
0 0.2633333333333333 0.9166666666666666 0.02666666666666667 0.02666666666666667
0 0.45666666666666667 0.97 0.023333333333333334 0.023333333333333334
0 0.17666666666666667 0.8866666666666667 0.03 0.02666666666666667