0 0.875 0.10666666666666667 0.02666666666666667 0.03
0 0.97 0.10833333333333334 0.03 0.03333333333333333
0 0.24333333333333335 0.31333333333333335 0.03 0.02666666666666667
0 0.17166666666666666 0.31166666666666665 0.02 0.023333333333333334
0 0.4116666666666667 0.5833333333333334 0.021666666666666667 0.02
0 0.39666666666666667 0.5516666666666666 0.023333333333333334 0.02
0 0.38666666666666666 0.5366666666666666 0.02 0.02
0 0.44166666666666665 0.5066666666666667 0.023333333333333334 0.02
0 0.41333333333333333 0.3433333333333333 0.035 0.025
0 0.44666666666666666 0.31 0.02 0.02666666666666667
0 0.39166666666666666 0.2866666666666667 0.03 0.02666666666666667
0 0.3983333333333333 0.3233333333333333 0.02 0.02
0 0.9833333333333333 0.20166666666666666 0.02666666666666667 0.02666666666666667
0 0.8516666666666667 0.018333333333333333 0.023333333333333334 0.023333333333333334
0 0.9216666666666666 0.975 0.03 0.03
0 0.9216666666666666 0.105 0.02666666666666667 0.03
0 0.415 0.735 0.021666666666666667 0.023333333333333334
0 0.7466666666666667 0.10833333333333334 0.025 0.02666666666666667