0 0.13333333333333333 0.3383333333333333 0.02 0.023333333333333334
0 0.028333333333333332 0.40166666666666667 0.03 0.03
0 0.9433333333333334 0.5983333333333334 0.02666666666666667 0.02
0 0.6933333333333334 0.17666666666666667 0.03 0.03
0 0.73 0.38 0.03 0.023333333333333334
0 0.95 0.43833333333333335 0.023333333333333334 0.03
0 0.9733333333333334 0.3516666666666667 0.023333333333333334 0.021666666666666667
0 0.9233333333333333 0.42833333333333334 0.02666666666666667 0.023333333333333334
0 0.7416666666666667 0.33 0.023333333333333334 0.023333333333333334
0 0.7033333333333334 0.13833333333333334 0.02 0.02
0 0.84 0.16 0.023333333333333334 0.023333333333333334
0 0.69 0.3433333333333333 0.02666666666666667 0.023333333333333334
0 0.7016666666666667 0.29 0.023333333333333334 0.023333333333333334
0 0.7116666666666667 0.3933333333333333 0.023333333333333334 0.023333333333333334
0 0.6716666666666666 0.265 0.023333333333333334 0.023333333333333334
0 0.99 0.5983333333333334 0.02 0.025
0 0.013333333333333334 0.5333333333333333 0.025 0.018333333333333333
0 0.013333333333333334 0.29833333333333334 0.023333333333333334 0.021666666666666667
0 0.11 0.34 0.03166666666666667 0.03