0 0.6616666666666666 0.035 0.03333333333333333 0.03333333333333333
0 0.5933333333333334 0.025 0.02666666666666667 0.02
0 0.7133333333333334 0.02 0.023333333333333334 0.03
0 0.755 0.011666666666666667 0.02666666666666667 0.02
0 0.7133333333333334 0.095 0.023333333333333334 0.02666666666666667
0 0.8616666666666667 0.11666666666666667 0.03333333333333333 0.035
0 0.7933333333333333 0.16333333333333333 0.02666666666666667 0.02
0 0.785 0.19 0.03166666666666667 0.025
0 0.78 0.3 0.02666666666666667 0.03
0 0.8133333333333334 0.13666666666666666 0.03 0.02666666666666667
0 0.8 0.10833333333333334 0.02 0.02
0 0.865 0.21666666666666667 0.02666666666666667 0.02
0 0.62 0.38 0.02666666666666667 0.03
0 0.635 0.2966666666666667 0.03 0.023333333333333334
0 0.6016666666666667 0.295 0.02666666666666667 0.02666666666666667
0 0.5483333333333333 0.42 0.023333333333333334 0.023333333333333334
0 0.5416666666666666 0.43833333333333335 0.02 0.02
0 0.6716666666666666 0.43666666666666665 0.02666666666666667 0.02666666666666667
0 0.6316666666666667 0.4483333333333333 0.02666666666666667 0.02666666666666667
0 0.6916666666666667 0.4683333333333333 0.023333333333333334 0.023333333333333334
0 0.7266666666666667 0.47833333333333333 0.023333333333333334 0.02
0 0.8033333333333333 0.2833333333333333 0.02 0.02
0 0.7966666666666666 0.20833333333333334 0.02 0.02
0 0.7266666666666667 0.03666666666666667 0.023333333333333334 0.023333333333333334
0 0.5983333333333334 0.3416666666666667 0.023333333333333334 0.023333333333333334
0 0.8933333333333333 0.195 0.02666666666666667 0.02666666666666667
0 0.8666666666666667 0.24666666666666667 0.023333333333333334 0.02666666666666667
0 0.97 0.25666666666666665 0.02666666666666667 0.03
0 0.5983333333333334 0.06833333333333333 0.023333333333333334 0.02666666666666667
0 0.6233333333333333 0.043333333333333335 0.03 0.03666666666666667
0 0.5216666666666666 0.3616666666666667 0.02 0.023333333333333334
0 0.5283333333333333 0.37833333333333335 0.023333333333333334 0.02
0 0.5233333333333333 0.4066666666666667 0.02666666666666667 0.02
0 0.4716666666666667 0.36666666666666664 0.016666666666666666 0.02666666666666667
0 0.4866666666666667 0.43833333333333335 0.02 0.023333333333333334
0 0.4666666666666667 0.42 0.02 0.023333333333333334
0 0.41333333333333333 0.45166666666666666 0.02666666666666667 0.03666666666666667
0 0.12833333333333333 0.4816666666666667 0.03 0.023333333333333334
0 0.19 0.49 0.03 0.023333333333333334
0 0.22166666666666668 0.46166666666666667 0.023333333333333334 0.02
0 0.19333333333333333 0.4216666666666667 0.02 0.02
0 0.22166666666666668 0.3983333333333333 0.02666666666666667 0.023333333333333334
0 0.16666666666666666 0.4 0.023333333333333334 0.023333333333333334
0 0.285 0.33166666666666667 0.02666666666666667 0.03
0 0.32166666666666666 0.2966666666666667 0.023333333333333334 0.03
0 0.31 0.24833333333333332 0.023333333333333334 0.023333333333333334
0 0.29 0.255 0.02 0.02
0 0.33166666666666667 0.20166666666666666 0.02 0.023333333333333334
0 0.355 0.225 0.03 0.03
0 0.10833333333333334 0.23333333333333334 0.02666666666666667 0.03
0 0.16833333333333333 0.22166666666666668 0.03 0.02666666666666667
0 0.18166666666666667 0.12833333333333333 0.02 0.02
0 0.26666666666666666 0.15333333333333332 0.023333333333333334 0.02
0 0.056666666666666664 0.2683333333333333 0.023333333333333334 0.02
0 0.19333333333333333 0.16166666666666665 0.02 0.02666666666666667
0 0.13333333333333333 0.155 0.02666666666666667 0.023333333333333334
0 0.13333333333333333 0.17333333333333334 0.02 0.02
0 0.21166666666666667 0.12 0.02 0.02666666666666667
0 0.24666666666666667 0.08333333333333333 0.03 0.02
0 0.20833333333333334 0.011666666666666667 0.02 0.023333333333333334
0 0.225 0.01 0.03 0.02
0 0.3516666666666667 0.2783333333333333 0.023333333333333334 0.023333333333333334
0 0.16666666666666666 0.36833333333333335 0.02666666666666667 0.02666666666666667
0 0.5333333333333333 0.4716666666666667 0.02666666666666667 0.023333333333333334
0 0.38333333333333336 0.16 0.02666666666666667 0.028333333333333332
0 0.205 0.19333333333333333 0.02666666666666667 0.023333333333333334
0 0.05333333333333334 0.38333333333333336 0.02666666666666667 0.023333333333333334
0 0.24 0.12166666666666667 0.023333333333333334 0.023333333333333334
0 0.041666666666666664 0.37333333333333335 0.02666666666666667 0.02666666666666667
0 0.39166666666666666 0.22333333333333333 0.02 0.02
0 0.515 0.15666666666666668 0.02666666666666667 0.02666666666666667
0 0.04833333333333333 0.14333333333333334 0.03 0.03
0 0.5033333333333333 0.36333333333333334 0.023333333333333334 0.023333333333333334
0 0.27166666666666667 0.045 0.02666666666666667 0.03
0 0.25166666666666665 0.03333333333333333 0.023333333333333334 0.02666666666666667
0 0.12333333333333334 0.28 0.02666666666666667 0.023333333333333334
0 0.12166666666666667 0.24833333333333332 0.023333333333333334 0.02
0 0.12666666666666668 0.43666666666666665 0.02666666666666667 0.023333333333333334
0 0.5183333333333333 0.45 0.02666666666666667 0.02666666666666667
0 0.08333333333333333 0.23333333333333334 0.02666666666666667 0.023333333333333334
0 0.23833333333333334 0.335 0.023333333333333334 0.023333333333333334
0 0.02666666666666667 0.2733333333333333 0.02666666666666667 0.03
0 0.055 0.22833333333333333 0.02666666666666667 0.02666666666666667
0 0.44166666666666665 0.3933333333333333 0.023333333333333334 0.02666666666666667
0 0.49166666666666664 0.48333333333333334 0.02666666666666667 0.02
0 0.2 0.43833333333333335 0.02666666666666667 0.02666666666666667
0 0.04833333333333333 0.34 0.02666666666666667 0.02666666666666667
0 0.20666666666666667 0.4116666666666667 0.02 0.02666666666666667
0 0.21166666666666667 0.3433333333333333 0.02666666666666667 0.03
0 0.30333333333333334 0.14333333333333334 0.02 0.02666666666666667
0 0.06666666666666667 0.2916666666666667 0.023333333333333334 0.02666666666666667
0 0.018333333333333333 0.20333333333333334 0.03 0.03
0 0.21333333333333335 0.36833333333333335 0.02666666666666667 0.02666666666666667
0 0.6116666666666667 0.6066666666666667 0.02 0.023333333333333334
0 0.6316666666666667 0.5616666666666666 0.02 0.02
0 0.6483333333333333 0.5333333333333333 0.02666666666666667 0.023333333333333334
0 0.6333333333333333 0.515 0.02666666666666667 0.02666666666666667
0 0.6533333333333333 0.5583333333333333 0.023333333333333334 0.03
0 0.6033333333333334 0.9783333333333334 0.035 0.03166666666666667
0 0.5916666666666667 0.9283333333333333 0.028333333333333332 0.03166666666666667
0 0.6533333333333333 0.9733333333333334 0.03 0.02666666666666667
0 0.6216666666666667 0.9383333333333334 0.028333333333333332 0.03166666666666667
0 0.6483333333333333 0.83 0.02666666666666667 0.02666666666666667
0 0.6816666666666666 0.865 0.03 0.023333333333333334
0 0.71 0.81 0.023333333333333334 0.02
0 0.7083333333333334 0.7016666666666667 0.023333333333333334 0.02666666666666667
0 0.8483333333333334 0.6016666666666667 0.023333333333333334 0.02666666666666667
0 0.7933333333333333 0.545 0.023333333333333334 0.02666666666666667
0 0.8883333333333333 0.875 0.02666666666666667 0.02666666666666667
0 0.89 0.705 0.03 0.023333333333333334
0 0.7266666666666667 0.7783333333333333 0.02666666666666667 0.02
0 0.775 0.9316666666666666 0.02666666666666667 0.023333333333333334
0 0.7033333333333334 0.935 0.03 0.02666666666666667
0 0.785 0.8883333333333333 0.023333333333333334 0.02666666666666667
0 0.8116666666666666 0.8966666666666666 0.03 0.02
0 0.8483333333333334 0.8216666666666667 0.023333333333333334 0.02666666666666667
0 0.7533333333333333 0.9483333333333334 0.02666666666666667 0.02666666666666667
0 0.8783333333333333 0.6366666666666667 0.023333333333333334 0.023333333333333334
0 0.735 0.7983333333333333 0.023333333333333334 0.023333333333333334
0 0.5766666666666667 0.5783333333333334 0.02666666666666667 0.02666666666666667
0 0.8166666666666667 0.93 0.023333333333333334 0.023333333333333334
0 0.8466666666666667 0.58 0.02666666666666667 0.02666666666666667
0 0.6883333333333334 0.7733333333333333 0.023333333333333334 0.023333333333333334
0 0.6316666666666667 0.9333333333333333 0.02666666666666667 0.023333333333333334
0 0.7083333333333334 0.8283333333333334 0.023333333333333334 0.023333333333333334
0 0.8516666666666667 0.5533333333333333 0.02666666666666667 0.02666666666666667
0 0.5416666666666666 0.7966666666666666 0.023333333333333334 0.02666666666666667
0 0.8016666666666666 0.6283333333333333 0.02666666666666667 0.02666666666666667
0 0.81 0.6033333333333334 0.02666666666666667 0.023333333333333334
0 0.7666666666666667 0.7266666666666667 0.02666666666666667 0.02666666666666667
0 0.8583333333333333 0.9183333333333333 0.03 0.03
0 0.8433333333333334 0.6966666666666667 0.03 0.02666666666666667
0 0.7583333333333333 0.765 0.023333333333333334 0.023333333333333334
0 0.7566666666666667 0.605 0.03 0.03
0 0.8233333333333334 0.5366666666666666 0.016666666666666666 0.02666666666666667
0 0.79 0.7083333333333334 0.02 0.02666666666666667
0 0.8133333333333334 0.5766666666666667 0.02 0.02666666666666667
0 0.8816666666666667 0.6616666666666666 0.02666666666666667 0.023333333333333334
0 0.86 0.6616666666666666 0.023333333333333334 0.023333333333333334
0 0.7433333333333333 0.71 0.02 0.02666666666666667
0 0.7233333333333334 0.72 0.023333333333333334 0.03
0 0.7383333333333333 0.8266666666666667 0.02666666666666667 0.03333333333333333
0 0.8083333333333333 0.6933333333333334 0.023333333333333334 0.023333333333333334
0 0.8233333333333334 0.7066666666666667 0.02 0.023333333333333334
0 0.83 0.6716666666666666 0.02666666666666667 0.023333333333333334
0 0.7116666666666667 0.7633333333333333 0.023333333333333334 0.023333333333333334
0 0.8 0.7466666666666667 0.023333333333333334 0.023333333333333334
0 0.8016666666666666 0.7633333333333333 0.02666666666666667 0.023333333333333334
0 0.86 0.7133333333333334 0.02666666666666667 0.023333333333333334
0 0.6266666666666667 0.8633333333333333 0.03 0.02
0 0.545 0.6566666666666666 0.03 0.02666666666666667
0 0.6133333333333333 0.5316666666666666 0.023333333333333334 0.023333333333333334
0 0.37333333333333335 0.5416666666666666 0.02666666666666667 0.03
0 0.3983333333333333 0.5833333333333334 0.03 0.02666666666666667
0 0.3933333333333333 0.605 0.02666666666666667 0.023333333333333334
0 0.4533333333333333 0.5633333333333334 0.02666666666666667 0.03
0 0.29 0.6366666666666667 0.023333333333333334 0.02
0 0.43333333333333335 0.5216666666666666 0.023333333333333334 0.023333333333333334
0 0.5 0.61 0.03 0.023333333333333334
0 0.49833333333333335 0.5233333333333333 0.023333333333333334 0.023333333333333334
0 0.4483333333333333 0.6666666666666666 0.02666666666666667 0.02
0 0.54 0.6333333333333333 0.03 0.02
0 0.4716666666666667 0.7033333333333334 0.023333333333333334 0.023333333333333334
0 0.47 0.7383333333333333 0.03 0.03
0 0.29 0.6816666666666666 0.02666666666666667 0.02666666666666667
0 0.2833333333333333 0.7033333333333334 0.02 0.02666666666666667
0 0.4766666666666667 0.845 0.03333333333333333 0.03
0 0.4633333333333333 0.8983333333333333 0.03666666666666667 0.02666666666666667
0 0.5066666666666667 0.7916666666666666 0.03 0.023333333333333334
0 0.485 0.7866666666666666 0.02 0.023333333333333334
0 0.43666666666666665 0.81 0.03 0.023333333333333334
0 0.34833333333333333 0.5966666666666667 0.02 0.023333333333333334
0 0.31333333333333335 0.7933333333333333 0.02666666666666667 0.03
0 0.38 0.7983333333333333 0.023333333333333334 0.02666666666666667
0 0.415 0.94 0.02666666666666667 0.02
0 0.3416666666666667 0.67 0.02 0.02
0 0.985 0.9783333333333334 0.03 0.03
0 0.31333333333333335 0.665 0.02666666666666667 0.02666666666666667
0 0.4866666666666667 0.6366666666666667 0.02666666666666667 0.02666666666666667
0 0.4533333333333333 0.775 0.02666666666666667 0.02666666666666667
0 0.45166666666666666 0.5283333333333333 0.023333333333333334 0.023333333333333334
0 0.46166666666666667 0.92 0.03 0.03
0 0.5283333333333333 0.8366666666666667 0.02666666666666667 0.02666666666666667
0 0.445 0.6316666666666667 0.03333333333333333 0.023333333333333334
0 0.42 0.9016666666666666 0.023333333333333334 0.023333333333333334
0 0.43666666666666665 0.505 0.023333333333333334 0.016666666666666666
0 0.49666666666666665 0.5033333333333333 0.02666666666666667 0.016666666666666666
0 0.38166666666666665 0.9433333333333334 0.02666666666666667 0.023333333333333334
0 0.1 0.5266666666666666 0.016666666666666666 0.023333333333333334
0 0.13833333333333334 0.5383333333333333 0.023333333333333334 0.023333333333333334
0 0.16833333333333333 0.5233333333333333 0.023333333333333334 0.02666666666666667
0 0.17833333333333334 0.5433333333333333 0.02666666666666667 0.02
0 0.395 0.5266666666666666 0.023333333333333334 0.02
0 0.4066666666666667 0.5133333333333333 0.023333333333333334 0.02
0 0.11833333333333333 0.5083333333333333 0.03 0.028333333333333332
0 0.1 0.06166666666666667 0.025 0.03
0 0.6416666666666667 0.6283333333333333 0.023333333333333334 0.03
0 0.015 0.43833333333333335 0.028333333333333332 0.03333333333333333
0 0.68 0.08166666666666667 0.02666666666666667 0.02666666666666667
0 0.5 0.9016666666666666 0.03166666666666667 0.035
0 0.5266666666666666 0.505 0.02666666666666667 0.023333333333333334
0 0.6866666666666666 0.5016666666666667 0.02666666666666667 0.02666666666666667
0 0.5633333333333334 0.6983333333333334 0.03166666666666667 0.025