0 0.9616666666666667 0.865 0.02666666666666667 0.02666666666666667
0 0.955 0.8916666666666667 0.02666666666666667 0.025
0 0.84 0.9183333333333333 0.025 0.025
0 0.6966666666666667 0.9 0.023333333333333334 0.023333333333333334
0 0.755 0.9316666666666666 0.02666666666666667 0.02666666666666667
0 0.7066666666666667 0.7216666666666667 0.023333333333333334 0.02666666666666667
0 0.7333333333333333 0.7316666666666667 0.023333333333333334 0.023333333333333334
0 0.8066666666666666 0.9466666666666667 0.02666666666666667 0.023333333333333334
0 0.815 0.76 0.023333333333333334 0.023333333333333334
0 0.8833333333333333 0.7433333333333333 0.02666666666666667 0.023333333333333334
0 0.8516666666666667 0.9666666666666667 0.023333333333333334 0.023333333333333334
0 0.6133333333333333 0.65 0.02666666666666667 0.02666666666666667
0 0.615 0.7083333333333334 0.02666666666666667 0.02666666666666667
0 0.9266666666666666 0.79 0.023333333333333334 0.023333333333333334
0 0.8216666666666667 0.7766666666666666 0.02 0.03666666666666667