0 0.4116666666666667 0.18 0.03666666666666667 0.025
0 0.40166666666666667 0.085 0.03 0.023333333333333334
0 0.6016666666666667 0.39166666666666666 0.03 0.02666666666666667
0 0.19666666666666666 0.03833333333333333 0.03 0.023333333333333334
0 0.04666666666666667 0.12666666666666668 0.02666666666666667 0.02666666666666667
0 0.41333333333333333 0.12166666666666667 0.023333333333333334 0.03
0 0.6716666666666666 0.23666666666666666 0.02666666666666667 0.03
0 0.7 0.38666666666666666 0.02666666666666667 0.023333333333333334
0 0.515 0.15833333333333333 0.03 0.023333333333333334
0 0.24166666666666667 0.043333333333333335 0.023333333333333334 0.02
0 0.74 0.30666666666666664 0.02666666666666667 0.02666666666666667
0 0.4583333333333333 0.07166666666666667 0.02666666666666667 0.02
0 0.8066666666666666 0.465 0.03 0.023333333333333334
0 0.785 0.4683333333333333 0.023333333333333334 0.02666666666666667
0 0.5566666666666666 0.285 0.025 0.025
0 0.6433333333333333 0.21166666666666667 0.02 0.02666666666666667
0 0.5183333333333333 0.395 0.023333333333333334 0.02
0 0.03666666666666667 0.14666666666666667 0.023333333333333334 0.02666666666666667
0 0.49666666666666665 0.07 0.023333333333333334 0.023333333333333334
0 0.39666666666666667 0.11333333333333333 0.025 0.02666666666666667
0 0.32666666666666666 0.4766666666666667 0.02666666666666667 0.03
0 0.29333333333333333 0.4816666666666667 0.03 0.03
0 0.6583333333333333 0.415 0.02666666666666667 0.02666666666666667
0 0.44166666666666665 0.095 0.023333333333333334 0.02
0 0.4066666666666667 0.20333333333333334 0.02666666666666667 0.023333333333333334
0 0.5216666666666666 0.01 0.023333333333333334 0.02
0 0.6966666666666667 0.4683333333333333 0.023333333333333334 0.023333333333333334
0 0.8566666666666667 0.22166666666666668 0.02666666666666667 0.02666666666666667
0 0.15833333333333333 0.735 0.03 0.02666666666666667
0 0.16333333333333333 0.645 0.023333333333333334 0.023333333333333334
0 0.175 0.6066666666666667 0.02666666666666667 0.03
0 0.24 0.5266666666666666 0.02666666666666667 0.023333333333333334
0 0.8516666666666667 0.7416666666666667 0.03666666666666667 0.04
0 0.9416666666666667 0.7833333333333333 0.03 0.02666666666666667
0 0.93 0.5983333333333334 0.03 0.03
0 0.9433333333333334 0.5733333333333334 0.02666666666666667 0.023333333333333334
0 0.82 0.6333333333333333 0.02666666666666667 0.023333333333333334
0 0.8733333333333333 0.55 0.023333333333333334 0.02666666666666667
0 0.5766666666666667 0.5366666666666666 0.02666666666666667 0.02666666666666667
0 0.85 0.665 0.025 0.03666666666666667
0 0.8733333333333333 0.5216666666666666 0.03 0.02666666666666667
0 0.775 0.5316666666666666 0.03 0.02666666666666667
0 0.6533333333333333 0.945 0.02666666666666667 0.02666666666666667
0 0.85 0.5666666666666667 0.023333333333333334 0.023333333333333334
0 0.795 0.5733333333333334 0.023333333333333334 0.023333333333333334
0 0.6083333333333333 0.5283333333333333 0.023333333333333334 0.023333333333333334
0 0.8483333333333334 0.6 0.03333333333333333 0.02666666666666667
0 0.9083333333333333 0.6233333333333333 0.03333333333333333 0.023333333333333334
0 0.9216666666666666 0.56 0.02666666666666667 0.02666666666666667
0 0.6966666666666667 0.5083333333333333 0.03 0.03833333333333333
0 0.6816666666666666 0.94 0.021666666666666667 0.028333333333333332
0 0.47333333333333333 0.31333333333333335 0.02666666666666667 0.02666666666666667