0 0.6283333333333333 0.03166666666666667 0.02 0.02
0 0.545 0.4483333333333333 0.023333333333333334 0.02666666666666667
0 0.6616666666666666 0.3283333333333333 0.02666666666666667 0.023333333333333334
0 0.7033333333333334 0.3616666666666667 0.02666666666666667 0.02
0 0.8583333333333333 0.4116666666666667 0.02666666666666667 0.023333333333333334
0 0.9733333333333334 0.37833333333333335 0.03 0.02666666666666667
0 0.895 0.31666666666666665 0.02 0.02
0 0.8266666666666667 0.37333333333333335 0.02 0.02
0 0.9416666666666667 0.37 0.023333333333333334 0.02666666666666667
0 0.8016666666666666 0.13 0.03 0.03
0 0.6366666666666667 0.24666666666666667 0.03 0.03
0 0.6 0.03666666666666667 0.02666666666666667 0.02666666666666667
0 0.555 0.051666666666666666 0.03 0.02666666666666667
0 0.6983333333333334 0.31166666666666665 0.02666666666666667 0.02666666666666667
0 0.6716666666666666 0.14833333333333334 0.03 0.03
0 0.6816666666666666 0.17833333333333334 0.023333333333333334 0.023333333333333334
0 0.675 0.43666666666666665 0.023333333333333334 0.023333333333333334
0 0.8483333333333334 0.3283333333333333 0.02666666666666667 0.02666666666666667
0 0.7266666666666667 0.4483333333333333 0.023333333333333334 0.02
0 0.8483333333333334 0.37833333333333335 0.02 0.02
0 0.9766666666666667 0.3416666666666667 0.023333333333333334 0.023333333333333334
0 0.5533333333333333 0.16333333333333333 0.023333333333333334 0.02666666666666667
0 0.5466666666666666 0.18666666666666668 0.023333333333333334 0.03
0 0.76 0.42833333333333334 0.013333333333333334 0.023333333333333334
0 0.95 0.6383333333333333 0.03 0.02666666666666667
0 0.6466666666666666 0.7333333333333333 0.023333333333333334 0.02666666666666667
0 0.6183333333333333 0.9866666666666667 0.02666666666666667 0.023333333333333334
0 0.9683333333333334 0.5783333333333334 0.02666666666666667 0.023333333333333334
0 0.9816666666666667 0.5566666666666666 0.023333333333333334 0.02
0 0.5766666666666667 0.5483333333333333 0.03 0.02666666666666667
0 0.8766666666666667 0.795 0.02666666666666667 0.02666666666666667
0 0.7583333333333333 0.7866666666666666 0.023333333333333334 0.023333333333333334
0 0.5466666666666666 0.5 0.02 0.02666666666666667
0 0.52 0.5133333333333333 0.013333333333333334 0.023333333333333334
0 0.6883333333333334 0.5 0.023333333333333334 0.023333333333333334
0 0.5266666666666666 0.17833333333333334 0.02666666666666667 0.02
0 0.66 0.5116666666666667 0.023333333333333334 0.023333333333333334
0 0.5783333333333334 0.5083333333333333 0.023333333333333334 0.023333333333333334
0 0.2783333333333333 0.6066666666666667 0.02666666666666667 0.02666666666666667
0 0.2783333333333333 0.6866666666666666 0.023333333333333334 0.02666666666666667
0 0.32666666666666666 0.6733333333333333 0.02666666666666667 0.03
0 0.33666666666666667 0.8516666666666667 0.023333333333333334 0.03
0 0.27666666666666667 0.9816666666666667 0.02666666666666667 0.02666666666666667
0 0.3933333333333333 0.7183333333333334 0.02666666666666667 0.02
0 0.25 0.7916666666666666 0.023333333333333334 0.023333333333333334
0 0.31 0.7116666666666667 0.02 0.02
0 0.23333333333333334 0.6683333333333333 0.02666666666666667 0.023333333333333334
0 0.47333333333333333 0.6333333333333333 0.023333333333333334 0.023333333333333334
0 0.34 0.7966666666666666 0.03 0.03
0 0.2833333333333333 0.94 0.03 0.03
0 0.40166666666666667 0.76 0.023333333333333334 0.023333333333333334
0 0.3516666666666667 0.7516666666666667 0.02666666666666667 0.02666666666666667
0 0.285 0.54 0.02666666666666667 0.02666666666666667
0 0.33666666666666667 0.7316666666666667 0.02666666666666667 0.023333333333333334
0 0.37666666666666665 0.6083333333333333 0.02666666666666667 0.023333333333333334
0 0.245 0.8816666666666667 0.023333333333333334 0.023333333333333334
0 0.49166666666666664 0.9733333333333334 0.02666666666666667 0.02666666666666667
0 0.32666666666666666 0.7683333333333333 0.02666666666666667 0.02666666666666667
0 0.27666666666666667 0.65 0.023333333333333334 0.023333333333333334
0 0.3416666666666667 0.57 0.03 0.03
0 0.37833333333333335 0.9633333333333334 0.023333333333333334 0.02666666666666667
0 0.38333333333333336 0.6966666666666667 0.023333333333333334 0.02666666666666667
0 0.35333333333333333 0.6666666666666666 0.02666666666666667 0.02666666666666667
0 0.31333333333333335 0.9333333333333333 0.02666666666666667 0.023333333333333334
0 0.31333333333333335 0.023333333333333334 0.03 0.02666666666666667
0 0.27666666666666667 0.175 0.02666666666666667 0.023333333333333334
0 0.31166666666666665 0.15833333333333333 0.03 0.02666666666666667
0 0.3416666666666667 0.035 0.02666666666666667 0.02666666666666667
0 0.13166666666666665 0.3233333333333333 0.02666666666666667 0.02666666666666667
0 0.21333333333333335 0.465 0.02666666666666667 0.02666666666666667
0 0.4216666666666667 0.13333333333333333 0.03 0.023333333333333334
0 0.06333333333333334 0.3016666666666667 0.03 0.02666666666666667
0 0.10166666666666667 0.275 0.02666666666666667 0.023333333333333334
0 0.245 0.23666666666666666 0.02666666666666667 0.02666666666666667
0 0.2866666666666667 0.11166666666666666 0.02666666666666667 0.02666666666666667
0 0.17333333333333334 0.16333333333333333 0.03333333333333333 0.03
0 0.47 0.06 0.03 0.023333333333333334
0 0.25666666666666665 0.4116666666666667 0.023333333333333334 0.02
0 0.3 0.49166666666666664 0.02666666666666667 0.023333333333333334
0 0.41833333333333333 0.19333333333333333 0.02 0.02666666666666667
0 0.3 0.21833333333333332 0.02666666666666667 0.023333333333333334
0 0.16666666666666666 0.395 0.02666666666666667 0.02666666666666667
0 0.2783333333333333 0.47833333333333333 0.02666666666666667 0.02666666666666667
0 0.15166666666666667 0.29 0.02 0.02
0 0.31666666666666665 0.4583333333333333 0.03 0.03
0 0.47 0.38333333333333336 0.03 0.03
0 0.455 0.21833333333333332 0.02666666666666667 0.023333333333333334
0 0.26666666666666666 0.255 0.03 0.03
0 0.48333333333333334 0.435 0.02666666666666667 0.02666666666666667