0 0.30666666666666664 0.14666666666666667 0.03333333333333333 0.02666666666666667
0 0.27666666666666667 0.33166666666666667 0.03166666666666667 0.025
0 0.20166666666666666 0.17166666666666666 0.02666666666666667 0.021666666666666667
0 0.31666666666666665 0.21333333333333335 0.023333333333333334 0.023333333333333334
0 0.17666666666666667 0.22833333333333333 0.03 0.023333333333333334
0 0.33 0.27 0.03 0.023333333333333334
0 0.7233333333333334 0.42833333333333334 0.03 0.03333333333333333
0 0.6616666666666666 0.315 0.02666666666666667 0.021666666666666667
0 0.3516666666666667 0.18833333333333332 0.02 0.03
0 0.92 0.14166666666666666 0.02666666666666667 0.02666666666666667
0 0.8833333333333333 0.965 0.03 0.023333333333333334
0 0.8783333333333333 0.8933333333333333 0.02666666666666667 0.02
0 0.6666666666666666 0.9216666666666666 0.02666666666666667 0.02666666666666667
0 0.7483333333333333 0.8983333333333333 0.023333333333333334 0.02
0 0.975 0.7983333333333333 0.025 0.023333333333333334
0 0.9466666666666667 0.965 0.03 0.03
0 0.9416666666666667 0.64 0.023333333333333334 0.023333333333333334
0 0.38666666666666666 0.78 0.02666666666666667 0.023333333333333334
0 0.39 0.6866666666666666 0.023333333333333334 0.023333333333333334
0 0.465 0.6633333333333333 0.02666666666666667 0.03
0 0.695 0.24833333333333332 0.02666666666666667 0.03
0 0.185 0.49833333333333335 0.028333333333333332 0.03333333333333333
0 0.22 0.315 0.03166666666666667 0.03
0 0.43833333333333335 0.6983333333333334 0.03166666666666667 0.025
0 0.305 0.3983333333333333 0.028333333333333332 0.028333333333333332
0 0.5216666666666666 0.91 0.028333333333333332 0.03333333333333333
0 0.52 0.95 0.03166666666666667 0.03666666666666667
0 0.4866666666666667 0.8633333333333333 0.02666666666666667 0.023333333333333334