0 0.44666666666666666 0.20833333333333334 0.02666666666666667 0.02666666666666667
0 0.4066666666666667 0.04833333333333333 0.03 0.02666666666666667
0 0.4 0.16333333333333333 0.03 0.02666666666666667
0 0.5616666666666666 0.16166666666666665 0.03 0.02666666666666667
0 0.6383333333333333 0.425 0.02666666666666667 0.02666666666666667
0 0.66 0.18666666666666668 0.023333333333333334 0.02666666666666667
0 0.6966666666666667 0.48833333333333334 0.03 0.02666666666666667
0 0.6716666666666666 0.6716666666666666 0.03 0.03
0 0.7183333333333334 0.7216666666666667 0.03 0.03333333333333333
0 0.7066666666666667 0.6833333333333333 0.02666666666666667 0.03
0 0.7483333333333333 0.625 0.02666666666666667 0.02666666666666667