0 0.6716666666666666 0.36666666666666664 0.03 0.03
0 0.6433333333333333 0.18 0.03 0.03
0 0.6533333333333333 0.13166666666666665 0.02666666666666667 0.03
0 0.71 0.2833333333333333 0.02 0.02666666666666667
0 0.6983333333333334 0.04 0.03 0.02666666666666667
0 0.8016666666666666 0.4116666666666667 0.02666666666666667 0.023333333333333334
0 0.06666666666666667 0.2833333333333333 0.03 0.023333333333333334
0 0.715 0.21 0.02666666666666667 0.02
0 0.7633333333333333 0.31 0.023333333333333334 0.02
0 0.9816666666666667 0.305 0.02 0.02
0 0.6816666666666666 0.021666666666666667 0.023333333333333334 0.02666666666666667
0 0.7116666666666667 0.016666666666666666 0.03 0.02666666666666667
0 0.6816666666666666 0.11 0.028333333333333332 0.025
0 0.7666666666666667 0.19 0.02 0.03
0 0.82 0.69 0.03 0.02
0 0.8033333333333333 0.805 0.02 0.023333333333333334
0 0.83 0.82 0.02666666666666667 0.025
0 0.7733333333333333 0.9133333333333333 0.02666666666666667 0.02
0 0.8016666666666666 0.9483333333333334 0.02 0.02666666666666667
0 0.6016666666666667 0.86 0.02 0.023333333333333334
0 0.9016666666666666 0.8633333333333333 0.02 0.02
0 0.7133333333333334 0.645 0.023333333333333334 0.02
0 0.9016666666666666 0.6666666666666666 0.02666666666666667 0.03
0 0.9366666666666666 0.6783333333333333 0.03 0.023333333333333334
0 0.6383333333333333 0.5216666666666666 0.02666666666666667 0.02666666666666667
0 0.7483333333333333 0.6116666666666667 0.03 0.03
0 0.9433333333333334 0.7716666666666666 0.02666666666666667 0.02666666666666667
0 0.645 0.5483333333333333 0.023333333333333334 0.023333333333333334
0 0.8933333333333333 0.8166666666666667 0.023333333333333334 0.02666666666666667
0 0.9266666666666666 0.6416666666666667 0.03 0.03
0 0.8133333333333334 0.8916666666666667 0.02666666666666667 0.023333333333333334
0 0.7383333333333333 0.5033333333333333 0.028333333333333332 0.035
0 0.016666666666666666 0.6216666666666667 0.02666666666666667 0.02666666666666667
0 0.21166666666666667 0.5333333333333333 0.025 0.021666666666666667
0 0.37833333333333335 0.4533333333333333 0.023333333333333334 0.025