0 0.021666666666666667 0.67 0.03333333333333333 0.03
0 0.058333333333333334 0.4216666666666667 0.02 0.02
0 0.13333333333333333 0.3333333333333333 0.023333333333333334 0.023333333333333334
0 0.06666666666666667 0.36666666666666664 0.023333333333333334 0.023333333333333334
0 0.115 0.31333333333333335 0.02666666666666667 0.023333333333333334
0 0.3433333333333333 0.056666666666666664 0.02666666666666667 0.02666666666666667
0 0.01 0.25666666666666665 0.02 0.023333333333333334
0 0.835 0.3566666666666667 0.03 0.023333333333333334
0 0.6916666666666667 0.43 0.02 0.023333333333333334
0 0.6416666666666667 0.4583333333333333 0.02666666666666667 0.023333333333333334
0 0.9383333333333334 0.02666666666666667 0.023333333333333334 0.02666666666666667
0 0.6616666666666666 0.05333333333333334 0.02 0.023333333333333334
0 0.6983333333333334 0.06666666666666667 0.03 0.03
0 0.8766666666666667 0.2633333333333333 0.023333333333333334 0.023333333333333334
0 0.635 0.4816666666666667 0.03 0.02
0 0.985 0.6816666666666666 0.025 0.02666666666666667