0 0.3016666666666667 0.2916666666666667 0.023333333333333334 0.02666666666666667
0 0.7633333333333333 0.42333333333333334 0.03 0.02666666666666667
0 0.7783333333333333 0.4033333333333333 0.02666666666666667 0.023333333333333334
0 0.66 0.43333333333333335 0.025 0.028333333333333332
0 0.5983333333333334 0.3283333333333333 0.02666666666666667 0.023333333333333334
0 0.09 0.8066666666666666 0.02 0.02
0 0.015 0.9483333333333334 0.02 0.02
0 0.13666666666666666 0.9866666666666667 0.02666666666666667 0.02666666666666667
0 0.03333333333333333 0.8566666666666667 0.02 0.02
0 0.07333333333333333 0.7833333333333333 0.023333333333333334 0.028333333333333332
0 0.07166666666666667 0.8316666666666667 0.023333333333333334 0.021666666666666667
0 0.018333333333333333 0.89 0.02 0.023333333333333334
0 0.09 0.8616666666666667 0.02 0.023333333333333334
0 0.9216666666666666 0.95 0.023333333333333334 0.02
0 0.6416666666666667 0.26 0.025 0.03333333333333333
0 0.18 0.9816666666666667 0.023333333333333334 0.023333333333333334
0 0.8983333333333333 0.075 0.02666666666666667 0.03166666666666667