0 0.6266666666666667 0.01 0.023333333333333334 0.02
0 0.595 0.056666666666666664 0.03 0.02666666666666667
0 0.7416666666666667 0.335 0.03 0.03
0 0.5516666666666666 0.39166666666666666 0.03 0.02666666666666667
0 0.5716666666666667 0.09833333333333333 0.02 0.03
0 0.6483333333333333 0.07333333333333333 0.023333333333333334 0.02
0 0.6616666666666666 0.5766666666666667 0.023333333333333334 0.023333333333333334
0 0.8966666666666666 0.6 0.02 0.023333333333333334
0 0.875 0.5133333333333333 0.03 0.03
0 0.8666666666666667 0.595 0.02666666666666667 0.02666666666666667
0 0.19833333333333333 0.016666666666666666 0.03 0.03
0 0.2816666666666667 0.22666666666666666 0.02 0.02
0 0.20166666666666666 0.38333333333333336 0.023333333333333334 0.02666666666666667
0 0.35 0.4583333333333333 0.028333333333333332 0.021666666666666667
0 0.13666666666666666 0.43166666666666664 0.03333333333333333 0.023333333333333334
0 0.47833333333333333 0.13333333333333333 0.023333333333333334 0.02666666666666667
0 0.08333333333333333 0.45166666666666666 0.03 0.02666666666666667
0 0.23666666666666666 0.15833333333333333 0.03666666666666667 0.023333333333333334
0 0.02666666666666667 0.44 0.023333333333333334 0.023333333333333334
0 0.015 0.48833333333333334 0.02 0.02666666666666667
0 0.25833333333333336 0.47833333333333333 0.02666666666666667 0.02666666666666667
0 0.23833333333333334 0.4033333333333333 0.02666666666666667 0.02666666666666667
0 0.4633333333333333 0.32166666666666666 0.023333333333333334 0.023333333333333334
0 0.49166666666666664 0.31 0.023333333333333334 0.023333333333333334
0 0.36666666666666664 0.5483333333333333 0.03 0.03
0 0.30833333333333335 0.6333333333333333 0.03 0.03
0 0.12 0.7766666666666666 0.023333333333333334 0.023333333333333334
0 0.215 0.5066666666666667 0.028333333333333332 0.03333333333333333
0 0.051666666666666666 0.875 0.025 0.02666666666666667
0 0.36666666666666664 0.145 0.021666666666666667 0.025
0 0.10666666666666667 0.45166666666666666 0.016666666666666666 0.025
0 0.6633333333333333 0.35 0.03 0.028333333333333332