0 0.041666666666666664 0.15666666666666668 0.02666666666666667 0.02666666666666667
0 0.2783333333333333 0.28 0.03 0.03
0 0.08666666666666667 0.15166666666666667 0.02666666666666667 0.03
0 0.535 0.18833333333333332 0.023333333333333334 0.02666666666666667
0 0.6016666666666667 0.175 0.023333333333333334 0.02666666666666667
0 0.6933333333333334 0.16666666666666666 0.03 0.03
0 0.6283333333333333 0.14666666666666667 0.03 0.03
0 0.6183333333333333 0.21666666666666667 0.02666666666666667 0.02666666666666667
0 0.6483333333333333 0.22833333333333333 0.03 0.03
0 0.5183333333333333 0.32666666666666666 0.02666666666666667 0.023333333333333334
0 0.7466666666666667 0.18333333333333332 0.035 0.025