0 0.9383333333333334 0.07166666666666667 0.02666666666666667 0.02
0 0.9616666666666667 0.18666666666666668 0.023333333333333334 0.03
0 0.8216666666666667 0.31 0.02666666666666667 0.02666666666666667
0 0.8033333333333333 0.435 0.02666666666666667 0.02
0 0.9266666666666666 0.10833333333333334 0.02666666666666667 0.023333333333333334
0 0.9233333333333333 0.17833333333333334 0.02666666666666667 0.02666666666666667
0 0.7733333333333333 0.45666666666666667 0.023333333333333334 0.02
0 0.5483333333333333 0.37666666666666665 0.03 0.03
0 0.785 0.35333333333333333 0.023333333333333334 0.023333333333333334
0 0.955 0.12 0.023333333333333334 0.023333333333333334
0 0.29333333333333333 0.24666666666666667 0.03666666666666667 0.02666666666666667
0 0.9266666666666666 0.7183333333333334 0.03333333333333333 0.03
0 0.9533333333333334 0.7216666666666667 0.03 0.03
0 0.8766666666666667 0.7383333333333333 0.03 0.03
0 0.6816666666666666 0.7716666666666666 0.03 0.023333333333333334
0 0.9733333333333334 0.7016666666666667 0.023333333333333334 0.02
0 0.9466666666666667 0.6866666666666666 0.03 0.03
0 0.705 0.7833333333333333 0.02666666666666667 0.02666666666666667
0 0.6 0.51 0.025 0.028333333333333332
0 0.9583333333333334 0.38 0.021666666666666667 0.023333333333333334
0 0.6766666666666666 0.49 0.02666666666666667 0.025
0 0.9733333333333334 0.21166666666666667 0.02 0.02666666666666667
0 0.51 0.35 0.02666666666666667 0.025
0 0.7316666666666667 0.27666666666666667 0.02666666666666667 0.02666666666666667
0 0.635 0.3333333333333333 0.02666666666666667 0.023333333333333334
0 0.7616666666666667 0.2833333333333333 0.02666666666666667 0.025