0 0.20666666666666667 0.43833333333333335 0.03666666666666667 0.03166666666666667
0 0.18166666666666667 0.455 0.02666666666666667 0.023333333333333334
0 0.15333333333333332 0.4083333333333333 0.02 0.02
0 0.30333333333333334 0.44666666666666666 0.02 0.02
0 0.2683333333333333 0.43333333333333335 0.02666666666666667 0.023333333333333334
0 0.21333333333333335 0.29833333333333334 0.02666666666666667 0.02
0 0.21833333333333332 0.4266666666666667 0.016666666666666666 0.02
0 0.5016666666666667 0.44166666666666665 0.025 0.023333333333333334
0 0.935 0.31333333333333335 0.023333333333333334 0.02
0 0.8766666666666667 0.2783333333333333 0.03 0.02
0 0.905 0.26166666666666666 0.023333333333333334 0.02666666666666667
0 0.68 0.23166666666666666 0.023333333333333334 0.02
0 0.7416666666666667 0.16333333333333333 0.023333333333333334 0.02
0 0.39166666666666666 0.43833333333333335 0.02666666666666667 0.02666666666666667
0 0.35333333333333333 0.4666666666666667 0.028333333333333332 0.028333333333333332
0 0.7666666666666667 0.13333333333333333 0.023333333333333334 0.02
0 0.03833333333333333 0.375 0.018333333333333333 0.02666666666666667
0 0.44333333333333336 0.3616666666666667 0.028333333333333332 0.03
0 0.7633333333333333 0.38333333333333336 0.02 0.023333333333333334
0 0.7616666666666667 0.235 0.02666666666666667 0.03
0 0.38666666666666666 0.36666666666666664 0.016666666666666666 0.023333333333333334
0 0.31333333333333335 0.485 0.023333333333333334 0.02
0 0.12 0.49166666666666664 0.02666666666666667 0.023333333333333334
0 0.17166666666666666 0.3416666666666667 0.023333333333333334 0.02
0 0.18833333333333332 0.42333333333333334 0.02666666666666667 0.023333333333333334
0 0.18833333333333332 0.48833333333333334 0.02666666666666667 0.02666666666666667
0 0.22666666666666666 0.49166666666666664 0.02666666666666667 0.023333333333333334
0 0.21333333333333335 0.4683333333333333 0.02666666666666667 0.023333333333333334
0 0.47 0.5533333333333333 0.02 0.02
0 0.47833333333333333 0.5383333333333333 0.023333333333333334 0.016666666666666666
0 0.5766666666666667 0.9616666666666667 0.023333333333333334 0.02666666666666667
0 0.5466666666666666 0.5266666666666666 0.023333333333333334 0.023333333333333334
0 0.8733333333333333 0.8433333333333334 0.02666666666666667 0.02666666666666667
0 0.6066666666666667 0.9333333333333333 0.023333333333333334 0.023333333333333334
0 0.6316666666666667 0.8583333333333333 0.025 0.028333333333333332
0 0.5383333333333333 0.5483333333333333 0.03 0.03166666666666667
0 0.435 0.435 0.02666666666666667 0.02666666666666667
0 0.835 0.8233333333333334 0.023333333333333334 0.03166666666666667
0 0.945 0.8083333333333333 0.02666666666666667 0.028333333333333332
0 0.38166666666666665 0.8816666666666667 0.02666666666666667 0.025