0 0.6933333333333334 0.7266666666666667 0.03 0.023333333333333334
0 0.7866666666666666 0.8766666666666667 0.03333333333333333 0.02666666666666667
0 0.8566666666666667 0.785 0.02 0.02
0 0.8933333333333333 0.76 0.03 0.03333333333333333
0 0.8066666666666666 0.7883333333333333 0.023333333333333334 0.02666666666666667
0 0.7933333333333333 0.8116666666666666 0.02 0.023333333333333334
0 0.7316666666666667 0.945 0.02666666666666667 0.02
0 0.7366666666666667 0.92 0.03 0.016666666666666666
0 0.965 0.8816666666666667 0.03333333333333333 0.03
0 0.9366666666666666 0.9166666666666666 0.025 0.023333333333333334
0 0.6983333333333334 0.8833333333333333 0.02666666666666667 0.02666666666666667
0 0.8616666666666667 0.8066666666666666 0.02666666666666667 0.02666666666666667
0 0.7266666666666667 0.705 0.023333333333333334 0.023333333333333334
0 0.7833333333333333 0.8533333333333334 0.03 0.02666666666666667
0 0.7533333333333333 0.8516666666666667 0.023333333333333334 0.02
0 0.7166666666666667 0.8866666666666667 0.023333333333333334 0.023333333333333334
0 0.7783333333333333 0.9033333333333333 0.023333333333333334 0.023333333333333334
0 0.925 0.945 0.023333333333333334 0.02666666666666667
0 0.44166666666666665 0.08333333333333333 0.02666666666666667 0.02666666666666667
0 0.12166666666666667 0.3283333333333333 0.023333333333333334 0.02666666666666667
0 0.24833333333333332 0.45166666666666666 0.03 0.02666666666666667
0 0.4083333333333333 0.43333333333333335 0.02666666666666667 0.023333333333333334
0 0.42833333333333334 0.04833333333333333 0.03 0.02666666666666667
0 0.4766666666666667 0.4866666666666667 0.02666666666666667 0.02666666666666667
0 0.5166666666666667 0.44666666666666666 0.03666666666666667 0.025
0 0.2633333333333333 0.4083333333333333 0.02666666666666667 0.02666666666666667
0 0.32666666666666666 0.9333333333333333 0.02666666666666667 0.023333333333333334
0 0.49166666666666664 0.8633333333333333 0.03 0.023333333333333334
0 0.47 0.8316666666666667 0.02666666666666667 0.023333333333333334
0 0.505 0.9083333333333333 0.023333333333333334 0.023333333333333334
0 0.48833333333333334 0.7933333333333333 0.03 0.023333333333333334
0 0.4633333333333333 0.815 0.02666666666666667 0.02
0 0.285 0.69 0.023333333333333334 0.023333333333333334
0 0.44333333333333336 0.5866666666666667 0.03 0.02
0 0.47333333333333333 0.5733333333333334 0.03333333333333333 0.02
0 0.21166666666666667 0.5983333333333334 0.03 0.02666666666666667
0 0.685 0.9816666666666667 0.02666666666666667 0.03333333333333333
0 0.72 0.9833333333333333 0.02666666666666667 0.03166666666666667