0 0.8133333333333334 0.7766666666666666 0.03333333333333333 0.02666666666666667
0 0.71 0.6883333333333334 0.02 0.02
0 0.6683333333333333 0.7383333333333333 0.03 0.03333333333333333
0 0.7016666666666667 0.9016666666666666 0.02666666666666667 0.02
0 0.725 0.7616666666666667 0.02666666666666667 0.02666666666666667
0 0.945 0.5316666666666666 0.023333333333333334 0.02
0 0.7533333333333333 0.8066666666666666 0.03166666666666667 0.03
0 0.705 0.9333333333333333 0.023333333333333334 0.02
0 0.9566666666666667 0.5 0.023333333333333334 0.02
0 0.9433333333333334 0.8033333333333333 0.03 0.023333333333333334
0 0.71 0.96 0.023333333333333334 0.023333333333333334
0 0.665 0.9283333333333333 0.025 0.025
0 0.3616666666666667 0.14 0.02666666666666667 0.023333333333333334
0 0.4633333333333333 0.305 0.02666666666666667 0.02
0 0.02666666666666667 0.14333333333333334 0.02666666666666667 0.02666666666666667
0 0.06666666666666667 0.11166666666666666 0.02666666666666667 0.023333333333333334
0 0.06 0.13166666666666665 0.02666666666666667 0.02666666666666667
0 0.26166666666666666 0.9116666666666666 0.023333333333333334 0.023333333333333334
0 0.29333333333333333 0.85 0.03 0.02666666666666667
0 0.085 0.7433333333333333 0.02666666666666667 0.02666666666666667
0 0.17833333333333334 0.91 0.03 0.04
0 0.5866666666666667 0.11833333333333333 0.02666666666666667 0.02
0 0.9116666666666666 0.4683333333333333 0.02666666666666667 0.023333333333333334
0 0.9033333333333333 0.2816666666666667 0.02666666666666667 0.02
0 0.8333333333333334 0.01 0.03 0.02
0 0.5683333333333334 0.20666666666666667 0.023333333333333334 0.02
0 0.9666666666666667 0.24333333333333335 0.023333333333333334 0.023333333333333334
0 0.021666666666666667 0.8166666666666667 0.02666666666666667 0.02666666666666667
0 0.7533333333333333 0.15666666666666668 0.02666666666666667 0.035
0 0.9533333333333334 0.6583333333333333 0.02666666666666667 0.025