0 0.7683333333333333 0.04666666666666667 0.023333333333333334 0.023333333333333334
0 0.7016666666666667 0.06666666666666667 0.02 0.02
0 0.7433333333333333 0.16833333333333333 0.02666666666666667 0.023333333333333334
0 0.795 0.03833333333333333 0.02 0.02
0 0.72 0.1 0.023333333333333334 0.025
0 0.95 0.3516666666666667 0.02666666666666667 0.023333333333333334
0 0.7566666666666667 0.11333333333333333 0.02666666666666667 0.02666666666666667
0 0.6283333333333333 0.315 0.02666666666666667 0.02666666666666667
0 0.06333333333333334 0.155 0.023333333333333334 0.03
0 0.27166666666666667 0.4033333333333333 0.02666666666666667 0.021666666666666667
0 0.18166666666666667 0.20166666666666666 0.023333333333333334 0.03
0 0.9333333333333333 0.49666666666666665 0.028333333333333332 0.035
0 0.21833333333333332 0.15666666666666668 0.03166666666666667 0.023333333333333334
0 0.25166666666666665 0.835 0.023333333333333334 0.02
0 0.5483333333333333 0.7666666666666667 0.025 0.02666666666666667
0 0.63 0.8066666666666666 0.023333333333333334 0.021666666666666667
0 0.18666666666666668 0.75 0.023333333333333334 0.021666666666666667
0 0.45 0.49 0.02666666666666667 0.025