0 0.44166666666666665 0.22666666666666666 0.02666666666666667 0.03
0 0.455 0.49666666666666665 0.023333333333333334 0.023333333333333334
0 0.49833333333333335 0.47 0.016666666666666666 0.02
0 0.4816666666666667 0.4533333333333333 0.02 0.02
0 0.6816666666666666 0.08 0.023333333333333334 0.02666666666666667
0 0.6966666666666667 0.056666666666666664 0.023333333333333334 0.03
0 0.5466666666666666 0.4166666666666667 0.02666666666666667 0.02666666666666667
0 0.8516666666666667 0.29333333333333333 0.02666666666666667 0.02666666666666667
0 0.715 0.26666666666666666 0.023333333333333334 0.023333333333333334
0 0.57 0.18166666666666667 0.023333333333333334 0.02666666666666667
0 0.6733333333333333 0.18833333333333332 0.023333333333333334 0.02666666666666667
0 0.7383333333333333 0.013333333333333334 0.023333333333333334 0.02666666666666667
0 0.6066666666666667 0.3416666666666667 0.023333333333333334 0.023333333333333334
0 0.795 0.16833333333333333 0.02 0.03
0 0.7616666666666667 0.4166666666666667 0.02666666666666667 0.023333333333333334
0 0.7116666666666667 0.42833333333333334 0.023333333333333334 0.023333333333333334
0 0.7833333333333333 0.13666666666666666 0.02 0.02666666666666667
0 0.8533333333333334 0.20333333333333334 0.02 0.02666666666666667
0 0.54 0.23833333333333334 0.02 0.02
0 0.5983333333333334 0.38166666666666665 0.023333333333333334 0.02
0 0.7533333333333333 0.07666666666666666 0.023333333333333334 0.023333333333333334
0 0.5866666666666667 0.37 0.02 0.02666666666666667
0 0.7533333333333333 0.3983333333333333 0.02666666666666667 0.02666666666666667
0 0.7483333333333333 0.20166666666666666 0.03 0.03
0 0.855 0.16333333333333333 0.02666666666666667 0.03333333333333333
0 0.5016666666666667 0.385 0.023333333333333334 0.023333333333333334
0 0.7733333333333333 0.12833333333333333 0.023333333333333334 0.023333333333333334
0 0.7216666666666667 0.07166666666666667 0.02666666666666667 0.02666666666666667
0 0.5516666666666666 0.43166666666666664 0.023333333333333334 0.023333333333333334
0 0.6466666666666666 0.2 0.02 0.02
0 0.83 0.14166666666666666 0.023333333333333334 0.023333333333333334
0 0.9166666666666666 0.44166666666666665 0.023333333333333334 0.023333333333333334
0 0.9233333333333333 0.42333333333333334 0.023333333333333334 0.02666666666666667
0 0.8433333333333334 0.04666666666666667 0.023333333333333334 0.023333333333333334
0 0.5816666666666667 0.2783333333333333 0.023333333333333334 0.023333333333333334
0 0.8033333333333333 0.21833333333333332 0.023333333333333334 0.02
0 0.8316666666666667 0.22333333333333333 0.023333333333333334 0.016666666666666666
0 0.8116666666666666 0.41833333333333333 0.016666666666666666 0.02
0 0.83 0.4266666666666667 0.023333333333333334 0.023333333333333334
0 0.9133333333333333 0.4716666666666667 0.023333333333333334 0.02666666666666667
0 0.7816666666666666 0.185 0.02666666666666667 0.023333333333333334
0 0.37166666666666665 0.8216666666666667 0.023333333333333334 0.02
0 0.2833333333333333 0.8183333333333334 0.02666666666666667 0.023333333333333334
0 0.4166666666666667 0.8866666666666667 0.02666666666666667 0.02
0 0.5383333333333333 0.95 0.02666666666666667 0.02666666666666667
0 0.55 0.7283333333333334 0.03 0.03
0 0.315 0.9633333333333334 0.023333333333333334 0.02666666666666667
0 0.5583333333333333 0.8366666666666667 0.03 0.023333333333333334
0 0.4166666666666667 0.8333333333333334 0.02666666666666667 0.02
0 0.42333333333333334 0.5233333333333333 0.02666666666666667 0.02666666666666667
0 0.3983333333333333 0.6333333333333333 0.03 0.02666666666666667
0 0.6166666666666667 0.6616666666666666 0.02666666666666667 0.02666666666666667
0 0.695 0.7533333333333333 0.023333333333333334 0.023333333333333334
0 0.4166666666666667 0.75 0.02666666666666667 0.02666666666666667
0 0.4216666666666667 0.5616666666666666 0.023333333333333334 0.023333333333333334
0 0.49166666666666664 0.5916666666666667 0.023333333333333334 0.023333333333333334
0 0.9466666666666667 0.5266666666666666 0.02666666666666667 0.02666666666666667
0 0.5033333333333333 0.5483333333333333 0.023333333333333334 0.023333333333333334
0 0.5383333333333333 0.8116666666666666 0.023333333333333334 0.023333333333333334
0 0.6533333333333333 0.7066666666666667 0.023333333333333334 0.02
0 0.6716666666666666 0.725 0.023333333333333334 0.02
0 0.6833333333333333 0.505 0.02666666666666667 0.023333333333333334
0 0.4816666666666667 0.535 0.02 0.023333333333333334
0 0.47333333333333333 0.6983333333333334 0.02666666666666667 0.03166666666666667
0 0.43 0.605 0.025 0.028333333333333332
0 0.665 0.31666666666666665 0.025 0.025
0 0.9116666666666666 0.49833333333333335 0.025 0.025