0 0.42333333333333334 0.7616666666666667 0.028333333333333332 0.02666666666666667
0 0.4683333333333333 0.69 0.02666666666666667 0.02
0 0.435 0.6833333333333333 0.023333333333333334 0.02
0 0.49 0.5883333333333334 0.02 0.02666666666666667
0 0.36333333333333334 0.7983333333333333 0.02666666666666667 0.023333333333333334
0 0.31666666666666665 0.051666666666666666 0.02 0.023333333333333334
0 0.355 0.04666666666666667 0.02 0.02
0 0.38 0.035 0.02 0.03
0 0.3416666666666667 0.07 0.02666666666666667 0.023333333333333334
0 0.32666666666666666 0.08166666666666667 0.02 0.02
0 0.33166666666666667 0.285 0.023333333333333334 0.023333333333333334
0 0.6833333333333333 0.175 0.023333333333333334 0.025
0 0.545 0.6566666666666666 0.021666666666666667 0.023333333333333334