0 0.6933333333333334 0.9566666666666667 0.03666666666666667 0.03666666666666667
0 0.6183333333333333 0.9766666666666667 0.03 0.02666666666666667
0 0.585 0.14666666666666667 0.023333333333333334 0.02
0 0.9633333333333334 0.13333333333333333 0.02666666666666667 0.02
0 0.7366666666666667 0.19666666666666666 0.03333333333333333 0.03333333333333333
0 0.8466666666666667 0.08 0.03333333333333333 0.03333333333333333
0 0.5666666666666667 0.20833333333333334 0.02666666666666667 0.02
0 0.5583333333333333 0.03166666666666667 0.023333333333333334 0.023333333333333334
0 0.9016666666666666 0.44166666666666665 0.03 0.023333333333333334
0 0.5566666666666666 0.17833333333333334 0.02666666666666667 0.02666666666666667
0 0.24833333333333332 0.041666666666666664 0.03 0.023333333333333334
0 0.45 0.08166666666666667 0.023333333333333334 0.023333333333333334
0 0.435 0.245 0.023333333333333334 0.03
0 0.1 0.16666666666666666 0.03333333333333333 0.023333333333333334
0 0.20666666666666667 0.22666666666666666 0.02666666666666667 0.03
0 0.18 0.22333333333333333 0.02666666666666667 0.03
0 0.4683333333333333 0.31833333333333336 0.02 0.03333333333333333
0 0.3333333333333333 0.12166666666666667 0.03 0.03
0 0.23333333333333334 0.3016666666666667 0.02 0.02
0 0.16 0.2683333333333333 0.03 0.023333333333333334
0 0.48333333333333334 0.14166666666666666 0.03 0.02666666666666667
0 0.5016666666666667 0.33 0.02 0.03
0 0.135 0.15833333333333333 0.02 0.02
0 0.4766666666666667 0.03666666666666667 0.02 0.02
0 0.008333333333333333 0.37166666666666665 0.016666666666666666 0.023333333333333334
0 0.013333333333333334 0.67 0.02 0.03
0 0.041666666666666664 0.7066666666666667 0.02 0.02
0 0.056666666666666664 0.6916666666666667 0.02 0.03
0 0.018333333333333333 0.74 0.03 0.03
0 0.02666666666666667 0.7766666666666666 0.02 0.02
0 0.5516666666666666 0.2733333333333333 0.023333333333333334 0.025
0 0.9416666666666667 0.33166666666666667 0.02666666666666667 0.02666666666666667
0 0.375 0.37333333333333335 0.02666666666666667 0.02666666666666667
0 0.06166666666666667 0.11166666666666666 0.03 0.03
0 0.09833333333333333 0.105 0.03166666666666667 0.03166666666666667
0 0.515 0.20666666666666667 0.035 0.03
0 0.8216666666666667 0.37333333333333335 0.023333333333333334 0.02666666666666667
0 0.9416666666666667 0.22 0.023333333333333334 0.023333333333333334