0 0.09833333333333333 0.25166666666666665 0.025 0.023333333333333334
0 0.20333333333333334 0.2733333333333333 0.02 0.02
0 0.45 0.058333333333333334 0.02666666666666667 0.021666666666666667
0 0.38 0.06333333333333334 0.023333333333333334 0.023333333333333334
0 0.6916666666666667 0.03333333333333333 0.023333333333333334 0.023333333333333334
0 0.5416666666666666 0.45666666666666667 0.03 0.03
0 0.5483333333333333 0.3283333333333333 0.023333333333333334 0.03
0 0.5333333333333333 0.2783333333333333 0.03 0.02666666666666667
0 0.018333333333333333 0.7966666666666666 0.02666666666666667 0.02666666666666667
0 0.24 0.6333333333333333 0.023333333333333334 0.025
0 0.10333333333333333 0.105 0.023333333333333334 0.02
0 0.19166666666666668 0.7333333333333333 0.02 0.025