0 0.5083333333333333 0.41833333333333333 0.02666666666666667 0.02666666666666667
0 0.6433333333333333 0.46 0.02666666666666667 0.02666666666666667
0 0.6566666666666666 0.14833333333333334 0.023333333333333334 0.02
0 0.5766666666666667 0.04666666666666667 0.03 0.02666666666666667
0 0.6066666666666667 0.22 0.02666666666666667 0.02666666666666667
0 0.09333333333333334 0.14833333333333334 0.02666666666666667 0.02666666666666667
0 0.11833333333333333 0.023333333333333334 0.03 0.02
0 0.025 0.16 0.03 0.02666666666666667
0 0.48 0.41833333333333333 0.02666666666666667 0.02666666666666667
0 0.11833333333333333 0.07 0.02666666666666667 0.02666666666666667
0 0.03666666666666667 0.22666666666666666 0.023333333333333334 0.023333333333333334
0 0.85 0.245 0.023333333333333334 0.023333333333333334
0 0.9266666666666666 0.35833333333333334 0.02 0.02
0 0.5433333333333333 0.46166666666666667 0.023333333333333334 0.02
0 0.06666666666666667 0.115 0.02666666666666667 0.023333333333333334
0 0.06833333333333333 0.055 0.023333333333333334 0.02666666666666667
0 0.5583333333333333 0.11 0.023333333333333334 0.02666666666666667
0 0.01 0.04833333333333333 0.02 0.02666666666666667
0 0.6566666666666666 0.8933333333333333 0.03 0.02666666666666667
0 0.6616666666666666 0.7833333333333333 0.02666666666666667 0.02
0 0.6016666666666667 0.7983333333333333 0.02 0.021666666666666667
0 0.63 0.7733333333333333 0.02 0.023333333333333334
0 0.5333333333333333 0.6666666666666666 0.023333333333333334 0.023333333333333334
0 0.8416666666666667 0.635 0.02 0.02
0 0.38333333333333336 0.6633333333333333 0.03 0.02666666666666667
0 0.4533333333333333 0.6633333333333333 0.02 0.02
0 0.4666666666666667 0.6733333333333333 0.02 0.02
0 0.7166666666666667 0.8316666666666667 0.025 0.025
0 0.8766666666666667 0.98 0.02 0.02
0 0.8966666666666666 0.7016666666666667 0.023333333333333334 0.023333333333333334
0 0.8083333333333333 0.97 0.023333333333333334 0.02
0 0.06833333333333333 0.6083333333333333 0.02666666666666667 0.023333333333333334
0 0.8383333333333334 0.9883333333333333 0.023333333333333334 0.023333333333333334
0 0.5516666666666666 0.87 0.023333333333333334 0.023333333333333334
0 0.4716666666666667 0.6566666666666666 0.023333333333333334 0.02666666666666667
0 0.058333333333333334 0.6633333333333333 0.023333333333333334 0.03
0 0.028333333333333332 0.6033333333333334 0.02666666666666667 0.02666666666666667
0 0.7916666666666666 0.5233333333333333 0.02666666666666667 0.02666666666666667
0 0.615 0.8966666666666666 0.023333333333333334 0.023333333333333334
0 0.745 0.8433333333333334 0.023333333333333334 0.023333333333333334
0 0.75 0.9233333333333333 0.023333333333333334 0.023333333333333334
0 0.8383333333333334 0.6083333333333333 0.03 0.03
0 0.7983333333333333 0.5983333333333334 0.02 0.02
0 0.53 0.6866666666666666 0.02 0.02
0 0.555 0.6533333333333333 0.023333333333333334 0.02666666666666667
0 0.9066666666666666 0.8016666666666666 0.018333333333333333 0.016666666666666666
0 0.9283333333333333 0.8033333333333333 0.02 0.023333333333333334
0 0.9566666666666667 0.795 0.016666666666666666 0.023333333333333334
0 0.47 0.61 0.02 0.023333333333333334