0 0.8466666666666667 0.23 0.023333333333333334 0.023333333333333334
0 0.325 0.36333333333333334 0.03 0.03333333333333333
0 0.18333333333333332 0.43833333333333335 0.02 0.023333333333333334
0 0.13333333333333333 0.465 0.02666666666666667 0.023333333333333334
0 0.43166666666666664 0.03833333333333333 0.023333333333333334 0.02666666666666667
0 0.6316666666666667 0.05333333333333334 0.03 0.02666666666666667
0 0.15166666666666667 0.06333333333333334 0.02 0.023333333333333334
0 0.8983333333333333 0.155 0.02 0.023333333333333334
0 0.19333333333333333 0.08 0.03 0.03
0 0.36833333333333335 0.27166666666666667 0.023333333333333334 0.023333333333333334
0 0.23 0.45 0.023333333333333334 0.02
0 0.12333333333333334 0.495 0.021666666666666667 0.02
0 0.7416666666666667 0.20166666666666666 0.03166666666666667 0.02666666666666667
0 0.8083333333333333 0.19666666666666666 0.023333333333333334 0.02666666666666667