0 0.7883333333333333 0.7483333333333333 0.023333333333333334 0.02666666666666667
0 0.635 0.36833333333333335 0.02 0.02
0 0.7316666666666667 0.72 0.02666666666666667 0.028333333333333332
0 0.84 0.38666666666666666 0.02 0.02666666666666667
0 0.8183333333333334 0.38 0.023333333333333334 0.03
0 0.8616666666666667 0.43666666666666665 0.023333333333333334 0.02666666666666667
0 0.6333333333333333 0.8983333333333333 0.023333333333333334 0.023333333333333334
0 0.7216666666666667 0.445 0.023333333333333334 0.023333333333333334
0 0.8083333333333333 0.7916666666666666 0.025 0.025
0 0.21666666666666667 0.9533333333333334 0.03166666666666667 0.03
0 0.5166666666666667 0.89 0.021666666666666667 0.02666666666666667
0 0.45666666666666667 0.9416666666666667 0.023333333333333334 0.025
0 0.265 0.6166666666666667 0.02666666666666667 0.025
0 0.255 0.5833333333333334 0.02666666666666667 0.03
0 0.7083333333333334 0.82 0.023333333333333334 0.02666666666666667
0 0.88 0.8383333333333334 0.02666666666666667 0.028333333333333332