0 0.5783333333333334 0.29833333333333334 0.023333333333333334 0.023333333333333334
0 0.5783333333333334 0.36833333333333335 0.023333333333333334 0.023333333333333334
0 0.6216666666666667 0.17666666666666667 0.028333333333333332 0.02666666666666667
0 0.675 0.135 0.023333333333333334 0.023333333333333334
0 0.5916666666666667 0.11333333333333333 0.023333333333333334 0.023333333333333334
0 0.5416666666666666 0.10166666666666667 0.023333333333333334 0.023333333333333334
0 0.6566666666666666 0.2683333333333333 0.02666666666666667 0.02666666666666667
0 0.6 0.36666666666666664 0.02 0.023333333333333334
0 0.5633333333333334 0.3333333333333333 0.023333333333333334 0.023333333333333334
0 0.6266666666666667 0.07833333333333334 0.023333333333333334 0.02666666666666667
0 0.5983333333333334 0.2783333333333333 0.023333333333333334 0.03
0 0.58 0.14333333333333334 0.025 0.03166666666666667
0 0.8533333333333334 0.08166666666666667 0.023333333333333334 0.023333333333333334
0 0.6616666666666666 0.4066666666666667 0.023333333333333334 0.023333333333333334
0 0.5766666666666667 0.45666666666666667 0.023333333333333334 0.023333333333333334
0 0.7566666666666667 0.08166666666666667 0.023333333333333334 0.02
0 0.6566666666666666 0.24666666666666667 0.02 0.02
0 0.7016666666666667 0.3466666666666667 0.023333333333333334 0.02
0 0.5683333333333334 0.53 0.023333333333333334 0.02666666666666667
0 0.6583333333333333 0.51 0.02666666666666667 0.025
0 0.6133333333333333 0.5083333333333333 0.02666666666666667 0.02
0 0.7266666666666667 0.8266666666666667 0.02 0.023333333333333334
0 0.58 0.48833333333333334 0.02 0.02
0 0.6266666666666667 0.9833333333333333 0.023333333333333334 0.025
0 0.6616666666666666 0.8733333333333333 0.02666666666666667 0.02666666666666667
0 0.5183333333333333 0.9433333333333334 0.023333333333333334 0.025
0 0.42833333333333334 0.8133333333333334 0.023333333333333334 0.02666666666666667
0 0.5116666666666667 0.9766666666666667 0.02 0.02
0 0.8633333333333333 0.31 0.03 0.028333333333333332