0 0.7883333333333333 0.8116666666666666 0.03 0.03
0 0.7666666666666667 0.8433333333333334 0.03 0.03
0 0.6283333333333333 0.14333333333333334 0.023333333333333334 0.02666666666666667
0 0.8333333333333334 0.9283333333333333 0.02 0.02
0 0.6516666666666666 0.9266666666666666 0.02666666666666667 0.02
0 0.6433333333333333 0.97 0.02666666666666667 0.023333333333333334
0 0.7766666666666666 0.9483333333333334 0.023333333333333334 0.02
0 0.705 0.38666666666666666 0.023333333333333334 0.023333333333333334
0 0.5616666666666666 0.018333333333333333 0.02 0.03
0 0.44333333333333336 0.37166666666666665 0.03333333333333333 0.02
0 0.35333333333333333 0.10166666666666667 0.023333333333333334 0.03
0 0.31166666666666665 0.35333333333333333 0.02666666666666667 0.02666666666666667
0 0.42 0.06333333333333334 0.02 0.02666666666666667
0 0.041666666666666664 0.8483333333333334 0.023333333333333334 0.023333333333333334
0 0.09 0.8 0.023333333333333334 0.02
0 0.07166666666666667 0.8083333333333333 0.03 0.023333333333333334
0 0.07666666666666666 0.8816666666666667 0.02666666666666667 0.02
0 0.13666666666666666 0.8883333333333333 0.02 0.02
0 0.04833333333333333 0.9866666666666667 0.02 0.02666666666666667
0 0.008333333333333333 0.825 0.016666666666666666 0.02
0 0.14666666666666667 0.5816666666666667 0.02666666666666667 0.023333333333333334
0 0.9916666666666667 0.27166666666666667 0.015 0.02666666666666667
0 0.535 0.21833333333333332 0.023333333333333334 0.02666666666666667
0 0.11333333333333333 0.8566666666666667 0.023333333333333334 0.025
0 0.8033333333333333 0.8983333333333333 0.02666666666666667 0.02666666666666667
0 0.125 0.81 0.03 0.023333333333333334
0 0.94 0.39166666666666666 0.02666666666666667 0.025