0 0.6466666666666666 0.9016666666666666 0.03 0.023333333333333334
0 0.265 0.88 0.03333333333333333 0.03
0 0.295 0.8033333333333333 0.03 0.03
0 0.08833333333333333 0.8366666666666667 0.03 0.03
0 0.04 0.9316666666666666 0.023333333333333334 0.03
0 0.175 0.8616666666666667 0.02666666666666667 0.03
0 0.07833333333333334 0.975 0.023333333333333334 0.03
0 0.07166666666666667 0.9233333333333333 0.023333333333333334 0.02
0 0.3233333333333333 0.9183333333333333 0.03 0.02666666666666667
0 0.12833333333333333 0.8816666666666667 0.023333333333333334 0.023333333333333334
0 0.26166666666666666 0.8333333333333334 0.02666666666666667 0.023333333333333334
0 0.058333333333333334 0.9566666666666667 0.023333333333333334 0.023333333333333334
0 0.4216666666666667 0.55 0.03 0.02666666666666667
0 0.6683333333333333 0.9816666666666667 0.02666666666666667 0.02666666666666667