0 0.3933333333333333 0.135 0.02666666666666667 0.023333333333333334
0 0.34833333333333333 0.205 0.02666666666666667 0.02666666666666667
0 0.37166666666666665 0.33166666666666667 0.023333333333333334 0.023333333333333334
0 0.35333333333333333 0.34833333333333333 0.02666666666666667 0.023333333333333334
0 0.405 0.34833333333333333 0.02 0.02666666666666667
0 0.3566666666666667 0.23666666666666666 0.023333333333333334 0.023333333333333334
0 0.6083333333333333 0.7116666666666667 0.02666666666666667 0.025
0 0.8816666666666667 0.9733333333333334 0.02666666666666667 0.02666666666666667
0 0.5133333333333333 0.5283333333333333 0.025 0.025
0 0.08666666666666667 0.5416666666666666 0.02666666666666667 0.02666666666666667
0 0.22833333333333333 0.57 0.023333333333333334 0.03
0 0.16666666666666666 0.6083333333333333 0.02 0.02
0 0.22333333333333333 0.8 0.02666666666666667 0.02666666666666667
0 0.25833333333333336 0.8233333333333334 0.023333333333333334 0.02
0 0.2683333333333333 0.7666666666666667 0.023333333333333334 0.023333333333333334
0 0.21166666666666667 0.595 0.023333333333333334 0.02
0 0.25666666666666665 0.58 0.02 0.023333333333333334
0 0.14666666666666667 0.7 0.02 0.023333333333333334