0 0.6566666666666666 0.725 0.03 0.023333333333333334
0 0.7233333333333334 0.77 0.02666666666666667 0.02
0 0.9433333333333334 0.905 0.03 0.03
0 0.8466666666666667 0.6916666666666667 0.025 0.023333333333333334
0 0.7883333333333333 0.605 0.02666666666666667 0.023333333333333334
0 0.8583333333333333 0.7816666666666666 0.03 0.02666666666666667
0 0.8633333333333333 0.75 0.03 0.023333333333333334
0 0.8816666666666667 0.6666666666666666 0.03 0.023333333333333334
0 0.7383333333333333 0.8683333333333333 0.02666666666666667 0.02666666666666667
0 0.845 0.8433333333333334 0.03 0.03
0 0.76 0.6 0.02666666666666667 0.023333333333333334
0 0.6666666666666666 0.8883333333333333 0.02666666666666667 0.02666666666666667
0 0.7883333333333333 0.85 0.023333333333333334 0.023333333333333334
0 0.57 0.35833333333333334 0.03 0.03
0 0.041666666666666664 0.8433333333333334 0.025 0.02666666666666667
0 0.37166666666666665 0.6233333333333333 0.03 0.02666666666666667
0 0.4116666666666667 0.855 0.023333333333333334 0.023333333333333334
0 0.025 0.03833333333333333 0.03 0.02666666666666667
0 0.83 0.55 0.02666666666666667 0.021666666666666667
0 0.8483333333333334 0.5916666666666667 0.03 0.028333333333333332
0 0.85 0.805 0.02666666666666667 0.02666666666666667
0 0.30333333333333334 0.9183333333333333 0.028333333333333332 0.023333333333333334
0 0.5833333333333334 0.87 0.02 0.021666666666666667