0 0.16333333333333333 0.6733333333333333 0.023333333333333334 0.023333333333333334
0 0.27666666666666667 0.805 0.02 0.02
0 0.028333333333333332 0.6033333333333334 0.03 0.02666666666666667
0 0.10166666666666667 0.9483333333333334 0.02666666666666667 0.02666666666666667
0 0.18166666666666667 0.6583333333333333 0.02666666666666667 0.02666666666666667
0 0.8016666666666666 0.6433333333333333 0.02 0.02666666666666667
0 0.8 0.6633333333333333 0.023333333333333334 0.023333333333333334
0 0.7433333333333333 0.885 0.023333333333333334 0.023333333333333334
0 0.7133333333333334 0.76 0.023333333333333334 0.023333333333333334
0 0.5033333333333333 0.65 0.02666666666666667 0.02666666666666667
0 0.6033333333333334 0.6733333333333333 0.023333333333333334 0.023333333333333334
0 0.3616666666666667 0.21 0.02666666666666667 0.023333333333333334
0 0.34 0.3016666666666667 0.02 0.02
0 0.33166666666666667 0.2683333333333333 0.03 0.02666666666666667
0 0.5416666666666666 0.40166666666666667 0.02666666666666667 0.02
0 0.49666666666666665 0.4166666666666667 0.02666666666666667 0.02
0 0.7533333333333333 0.49166666666666664 0.023333333333333334 0.02666666666666667
0 0.7 0.11333333333333333 0.03 0.03
0 0.655 0.05333333333333334 0.02666666666666667 0.02666666666666667
0 0.6016666666666667 0.35333333333333333 0.023333333333333334 0.023333333333333334
0 0.8383333333333334 0.07166666666666667 0.02666666666666667 0.02666666666666667
0 0.6316666666666667 0.03666666666666667 0.02666666666666667 0.02666666666666667
0 0.14833333333333334 0.69 0.023333333333333334 0.025
0 0.4816666666666667 0.17666666666666667 0.025 0.02666666666666667