0 0.7016666666666667 0.5333333333333333 0.03 0.023333333333333334
0 0.75 0.56 0.02666666666666667 0.023333333333333334
0 0.755 0.5816666666666667 0.02 0.02
0 0.7733333333333333 0.5566666666666666 0.02 0.02
0 0.7916666666666666 0.8983333333333333 0.03333333333333333 0.02666666666666667
0 0.75 0.5616666666666666 0.02666666666666667 0.02666666666666667
0 0.4533333333333333 0.155 0.03 0.023333333333333334
0 0.15166666666666667 0.3566666666666667 0.02666666666666667 0.03
0 0.06333333333333334 0.435 0.03 0.02666666666666667
0 0.22833333333333333 0.445 0.02 0.02666666666666667
0 0.965 0.08333333333333333 0.03333333333333333 0.03333333333333333
0 0.6883333333333334 0.21833333333333332 0.03333333333333333 0.02666666666666667
0 0.635 0.225 0.02666666666666667 0.02
0 0.71 0.4533333333333333 0.03 0.02666666666666667
0 0.675 0.27 0.023333333333333334 0.02
0 0.745 0.24 0.023333333333333334 0.02666666666666667
0 0.8416666666666667 0.19333333333333333 0.02666666666666667 0.03333333333333333
0 0.5416666666666666 0.27166666666666667 0.023333333333333334 0.02666666666666667
0 0.8366666666666667 0.3983333333333333 0.03 0.03
0 0.7183333333333334 0.4683333333333333 0.02 0.023333333333333334
0 0.83 0.16666666666666666 0.02 0.03
0 0.8466666666666667 0.455 0.02666666666666667 0.02666666666666667
0 0.7433333333333333 0.38 0.023333333333333334 0.023333333333333334
0 0.9466666666666667 0.22166666666666668 0.03 0.03
0 0.015 0.44666666666666666 0.03 0.03666666666666667
0 0.025 0.22 0.021666666666666667 0.023333333333333334
0 0.81 0.09666666666666666 0.03 0.028333333333333332