0 0.075 0.14666666666666667 0.023333333333333334 0.023333333333333334
0 0.11333333333333333 0.15333333333333332 0.02666666666666667 0.023333333333333334
0 0.2633333333333333 0.7116666666666667 0.02666666666666667 0.02
0 0.42833333333333334 0.8066666666666666 0.03 0.02
0 0.48333333333333334 0.63 0.02666666666666667 0.02
0 0.8016666666666666 0.6416666666666667 0.02 0.02
0 0.8083333333333333 0.7633333333333333 0.023333333333333334 0.02666666666666667
0 0.7716666666666666 0.8033333333333333 0.023333333333333334 0.02
0 0.6133333333333333 0.8633333333333333 0.02 0.02
0 0.9216666666666666 0.8783333333333333 0.02666666666666667 0.02
0 0.93 0.9133333333333333 0.02666666666666667 0.02666666666666667
0 0.8616666666666667 0.5633333333333334 0.02666666666666667 0.02666666666666667
0 0.9 0.7933333333333333 0.023333333333333334 0.02
0 0.7383333333333333 0.8533333333333334 0.023333333333333334 0.023333333333333334
0 0.8683333333333333 0.61 0.02 0.02
0 0.955 0.8666666666666667 0.023333333333333334 0.023333333333333334
0 0.7733333333333333 0.7566666666666667 0.02666666666666667 0.02666666666666667
0 0.7716666666666666 0.7316666666666667 0.023333333333333334 0.023333333333333334
0 0.5366666666666666 0.74 0.02666666666666667 0.025