0 0.255 0.011666666666666667 0.02666666666666667 0.023333333333333334
0 0.9766666666666667 0.37333333333333335 0.023333333333333334 0.02
0 0.965 0.33666666666666667 0.02666666666666667 0.023333333333333334
0 0.9833333333333333 0.39666666666666667 0.02 0.023333333333333334
0 0.81 0.33166666666666667 0.021666666666666667 0.03
0 0.9383333333333334 0.4766666666666667 0.02666666666666667 0.02666666666666667
0 0.665 0.043333333333333335 0.03166666666666667 0.03333333333333333
0 0.38 0.7333333333333333 0.02666666666666667 0.023333333333333334
0 0.4083333333333333 0.72 0.03 0.02666666666666667
0 0.43333333333333335 0.6166666666666667 0.02 0.02
0 0.5383333333333333 0.8583333333333333 0.023333333333333334 0.023333333333333334
0 0.7166666666666667 0.9383333333333334 0.02666666666666667 0.02
0 0.4683333333333333 0.7333333333333333 0.02666666666666667 0.023333333333333334
0 0.925 0.8666666666666667 0.023333333333333334 0.023333333333333334
0 0.6683333333333333 0.8583333333333333 0.023333333333333334 0.023333333333333334
0 0.9233333333333333 0.7266666666666667 0.02666666666666667 0.02
0 0.9583333333333334 0.5033333333333333 0.025 0.028333333333333332
0 0.018333333333333333 0.69 0.025 0.03333333333333333
0 0.008333333333333333 0.7783333333333333 0.016666666666666666 0.03
0 0.9883333333333333 0.49333333333333335 0.023333333333333334 0.02666666666666667
0 0.9866666666666667 0.7766666666666666 0.025 0.03333333333333333
0 0.94 0.69 0.02666666666666667 0.023333333333333334
0 0.13166666666666665 0.5533333333333333 0.028333333333333332 0.03
0 0.8483333333333334 0.30833333333333335 0.03 0.02666666666666667