0 0.965 0.5566666666666666 0.02666666666666667 0.02666666666666667
0 0.7566666666666667 0.5383333333333333 0.023333333333333334 0.023333333333333334
0 0.7683333333333333 0.5566666666666666 0.016666666666666666 0.02
0 0.55 0.12 0.03 0.03
0 0.2633333333333333 0.09333333333333334 0.023333333333333334 0.023333333333333334
0 0.30666666666666664 0.04666666666666667 0.023333333333333334 0.02666666666666667
0 0.26166666666666666 0.051666666666666666 0.023333333333333334 0.02
0 0.041666666666666664 0.08666666666666667 0.02 0.02
0 0.09 0.06 0.02666666666666667 0.023333333333333334
0 0.21166666666666667 0.01 0.03 0.02
0 0.2916666666666667 0.018333333333333333 0.02666666666666667 0.03
0 0.24666666666666667 0.03333333333333333 0.02666666666666667 0.02
0 0.03 0.485 0.023333333333333334 0.023333333333333334
0 0.305 0.015 0.023333333333333334 0.02
0 0.041666666666666664 0.16333333333333333 0.023333333333333334 0.023333333333333334
0 0.19833333333333333 0.058333333333333334 0.023333333333333334 0.023333333333333334
0 0.08666666666666667 0.11833333333333333 0.02666666666666667 0.023333333333333334
0 0.4583333333333333 0.07 0.023333333333333334 0.023333333333333334
0 0.2816666666666667 0.06666666666666667 0.023333333333333334 0.02
0 0.09666666666666666 0.3983333333333333 0.02 0.02666666666666667
0 0.145 0.44 0.02 0.023333333333333334
0 0.17166666666666666 0.44 0.023333333333333334 0.023333333333333334
0 0.15166666666666667 0.465 0.023333333333333334 0.023333333333333334
0 0.018333333333333333 0.45166666666666666 0.02 0.023333333333333334
0 0.44666666666666666 0.18333333333333332 0.03166666666666667 0.03