0 0.3233333333333333 0.4666666666666667 0.02 0.02
0 0.30833333333333335 0.44666666666666666 0.023333333333333334 0.023333333333333334
0 0.33166666666666667 0.44166666666666665 0.02 0.02
0 0.33166666666666667 0.41333333333333333 0.023333333333333334 0.02
0 0.37166666666666665 0.43833333333333335 0.023333333333333334 0.02
0 0.3433333333333333 0.3466666666666667 0.02666666666666667 0.023333333333333334
0 0.3416666666666667 0.29833333333333334 0.02666666666666667 0.03
0 0.10833333333333334 0.3983333333333333 0.02666666666666667 0.023333333333333334
0 0.06333333333333334 0.395 0.02666666666666667 0.025
0 0.24666666666666667 0.39 0.023333333333333334 0.02666666666666667
0 0.2866666666666667 0.31166666666666665 0.023333333333333334 0.02666666666666667
0 0.45 0.39666666666666667 0.02 0.02
0 0.455 0.27166666666666667 0.03 0.03
0 0.1 0.28 0.025 0.025
0 0.013333333333333334 0.4066666666666667 0.016666666666666666 0.02
0 0.04666666666666667 0.19166666666666668 0.02666666666666667 0.023333333333333334
0 0.6883333333333334 0.425 0.023333333333333334 0.02
0 0.6116666666666667 0.42 0.023333333333333334 0.02666666666666667
0 0.655 0.44666666666666666 0.021666666666666667 0.02666666666666667
0 0.62 0.35333333333333333 0.023333333333333334 0.025
0 0.5933333333333334 0.4716666666666667 0.023333333333333334 0.023333333333333334
0 0.5216666666666666 0.345 0.02 0.023333333333333334
0 0.505 0.30333333333333334 0.03 0.03
0 0.245 0.9683333333333334 0.028333333333333332 0.023333333333333334
0 0.20166666666666666 0.91 0.023333333333333334 0.02
0 0.16833333333333333 0.9266666666666666 0.02666666666666667 0.023333333333333334
0 0.22166666666666668 0.9266666666666666 0.023333333333333334 0.02666666666666667
0 0.09666666666666666 0.7933333333333333 0.023333333333333334 0.02
0 0.06333333333333334 0.58 0.023333333333333334 0.023333333333333334
0 0.15 0.625 0.025 0.025
0 0.1 0.91 0.03 0.028333333333333332
0 0.3016666666666667 0.9316666666666666 0.023333333333333334 0.021666666666666667
0 0.305 0.6883333333333334 0.02 0.023333333333333334
0 0.06666666666666667 0.7316666666666667 0.021666666666666667 0.02666666666666667
0 0.03666666666666667 0.5616666666666666 0.03 0.03
0 0.06666666666666667 0.8066666666666666 0.025 0.025
0 0.09833333333333333 0.7783333333333333 0.023333333333333334 0.02
0 0.085 0.8516666666666667 0.028333333333333332 0.023333333333333334
0 0.09 0.5866666666666667 0.023333333333333334 0.02
0 0.58 0.6083333333333333 0.02 0.02
0 0.058333333333333334 0.7833333333333333 0.025 0.025
0 0.015 0.7816666666666666 0.02 0.023333333333333334
0 0.715 0.48333333333333334 0.023333333333333334 0.025
0 0.755 0.51 0.023333333333333334 0.025
0 0.6366666666666667 0.405 0.023333333333333334 0.023333333333333334
0 0.2866666666666667 0.48 0.023333333333333334 0.023333333333333334