0 0.25666666666666665 0.88 0.023333333333333334 0.023333333333333334
0 0.47333333333333333 0.415 0.03333333333333333 0.02666666666666667
0 0.405 0.18 0.03 0.02666666666666667
0 0.41333333333333333 0.24333333333333335 0.02666666666666667 0.02666666666666667
0 0.06333333333333334 0.38333333333333336 0.023333333333333334 0.023333333333333334
0 0.11333333333333333 0.08 0.023333333333333334 0.023333333333333334
0 0.4583333333333333 0.10333333333333333 0.023333333333333334 0.023333333333333334
0 0.46166666666666667 0.08666666666666667 0.02 0.02
0 0.11166666666666666 0.445 0.03 0.023333333333333334
0 0.5533333333333333 0.44666666666666666 0.023333333333333334 0.023333333333333334
0 0.9166666666666666 0.2683333333333333 0.02666666666666667 0.02666666666666667
0 0.6166666666666667 0.40166666666666667 0.023333333333333334 0.03
0 0.9183333333333333 0.06666666666666667 0.023333333333333334 0.02666666666666667
0 0.95 0.27666666666666667 0.023333333333333334 0.023333333333333334
0 0.5766666666666667 0.24666666666666667 0.02666666666666667 0.03
0 0.6566666666666666 0.16166666666666665 0.02666666666666667 0.02666666666666667
0 0.6133333333333333 0.46 0.02666666666666667 0.03
0 0.6266666666666667 0.7783333333333333 0.03 0.03
0 0.7166666666666667 0.8016666666666666 0.02666666666666667 0.02666666666666667
0 0.7516666666666667 0.9583333333333334 0.03 0.03
0 0.6683333333333333 0.9416666666666667 0.03 0.023333333333333334
0 0.6216666666666667 0.935 0.03 0.023333333333333334
0 0.6633333333333333 0.9066666666666666 0.02 0.02
0 0.7766666666666666 0.6983333333333334 0.02666666666666667 0.02666666666666667
0 0.6516666666666666 0.7183333333333334 0.02666666666666667 0.02
0 0.7316666666666667 0.5916666666666667 0.03 0.02666666666666667
0 0.6983333333333334 0.7566666666666667 0.023333333333333334 0.02
0 0.7666666666666667 0.6316666666666667 0.02666666666666667 0.02666666666666667
0 0.7783333333333333 0.5816666666666667 0.03 0.03
0 0.775 0.8166666666666667 0.02 0.02
0 0.7933333333333333 0.81 0.02 0.02666666666666667
0 0.7383333333333333 0.85 0.02666666666666667 0.023333333333333334
0 0.7833333333333333 0.9566666666666667 0.02 0.023333333333333334
0 0.6216666666666667 0.6716666666666666 0.02666666666666667 0.02
0 0.7183333333333334 0.715 0.03 0.03
0 0.7933333333333333 0.915 0.02666666666666667 0.023333333333333334
0 0.6666666666666666 0.6433333333333333 0.023333333333333334 0.023333333333333334
0 0.7083333333333334 0.895 0.023333333333333334 0.023333333333333334
0 0.6833333333333333 0.7183333333333334 0.03 0.03
0 0.6383333333333333 0.5966666666666667 0.023333333333333334 0.023333333333333334
0 0.7533333333333333 0.5516666666666666 0.03 0.02666666666666667
0 0.09 0.045 0.02666666666666667 0.018333333333333333
0 0.6733333333333333 0.5516666666666666 0.025 0.023333333333333334
0 0.73 0.4683333333333333 0.02666666666666667 0.02666666666666667
0 0.7383333333333333 0.255 0.02666666666666667 0.023333333333333334