0 0.27166666666666667 0.18166666666666667 0.03 0.03
0 0.38666666666666666 0.185 0.03333333333333333 0.03
0 0.4583333333333333 0.40166666666666667 0.023333333333333334 0.023333333333333334
0 0.2816666666666667 0.14833333333333334 0.03 0.02666666666666667
0 0.4033333333333333 0.38 0.03 0.03
0 0.2816666666666667 0.13 0.02666666666666667 0.02666666666666667
0 0.21 0.955 0.03 0.02
0 0.69 0.03666666666666667 0.03 0.03
0 0.7333333333333333 0.06833333333333333 0.03333333333333333 0.02666666666666667
0 0.7316666666666667 0.4633333333333333 0.03 0.023333333333333334
0 0.8416666666666667 0.17 0.02666666666666667 0.02666666666666667
0 0.5333333333333333 0.30333333333333334 0.02666666666666667 0.02666666666666667
0 0.7383333333333333 0.29833333333333334 0.02666666666666667 0.02666666666666667
0 0.7033333333333334 0.125 0.03 0.03
0 0.5466666666666666 0.34 0.03 0.03
0 0.5083333333333333 0.29833333333333334 0.03 0.02666666666666667
0 0.23166666666666666 0.7633333333333333 0.023333333333333334 0.023333333333333334
0 0.8133333333333334 0.15666666666666668 0.023333333333333334 0.023333333333333334
0 0.95 0.37833333333333335 0.023333333333333334 0.023333333333333334
0 0.5183333333333333 0.19666666666666666 0.02666666666666667 0.02666666666666667
0 0.6233333333333333 0.16666666666666666 0.02666666666666667 0.023333333333333334
0 0.34833333333333333 0.03833333333333333 0.028333333333333332 0.028333333333333332