0 0.5133333333333333 0.545 0.03 0.02666666666666667
0 0.5166666666666667 0.7 0.02666666666666667 0.03
0 0.5483333333333333 0.7083333333333334 0.02666666666666667 0.023333333333333334
0 0.765 0.735 0.023333333333333334 0.02666666666666667
0 0.8283333333333334 0.6033333333333334 0.03333333333333333 0.02666666666666667
0 0.795 0.6383333333333333 0.023333333333333334 0.023333333333333334
0 0.6633333333333333 0.5466666666666666 0.02 0.02666666666666667
0 0.5716666666666667 0.5633333333333334 0.02666666666666667 0.023333333333333334
0 0.5833333333333334 0.5183333333333333 0.02666666666666667 0.02
0 0.5916666666666667 0.45666666666666667 0.02666666666666667 0.02666666666666667
0 0.5766666666666667 0.3 0.02 0.023333333333333334
0 0.5533333333333333 0.315 0.02 0.02
0 0.6283333333333333 0.29833333333333334 0.03 0.023333333333333334
0 0.7166666666666667 0.13166666666666665 0.03 0.03
0 0.6383333333333333 0.09666666666666666 0.02666666666666667 0.02666666666666667
0 0.6533333333333333 0.115 0.03 0.023333333333333334
0 0.55 0.805 0.023333333333333334 0.03
0 0.45666666666666667 0.88 0.028333333333333332 0.02666666666666667
0 0.20166666666666666 0.3433333333333333 0.03333333333333333 0.03
0 0.48833333333333334 0.27166666666666667 0.02666666666666667 0.03
0 0.67 0.16833333333333333 0.02 0.02666666666666667
0 0.6966666666666667 0.20333333333333334 0.02666666666666667 0.02666666666666667
0 0.7533333333333333 0.043333333333333335 0.03 0.03
0 0.58 0.4033333333333333 0.025 0.028333333333333332
0 0.41333333333333333 0.96 0.02666666666666667 0.023333333333333334
0 0.42333333333333334 0.9433333333333334 0.02 0.02
0 0.5733333333333334 0.9033333333333333 0.023333333333333334 0.023333333333333334
0 0.6 0.8616666666666667 0.03 0.023333333333333334
0 0.5316666666666666 0.7333333333333333 0.02 0.02
0 0.6016666666666667 0.7166666666666667 0.02666666666666667 0.023333333333333334
0 0.56 0.3433333333333333 0.02 0.02
0 0.7516666666666667 0.13666666666666666 0.02666666666666667 0.023333333333333334
0 0.79 0.13166666666666665 0.028333333333333332 0.028333333333333332
0 0.755 0.9 0.023333333333333334 0.023333333333333334
0 0.7466666666666667 0.9666666666666667 0.021666666666666667 0.016666666666666666
0 0.16833333333333333 0.08333333333333333 0.02 0.023333333333333334
0 0.14333333333333334 0.085 0.023333333333333334 0.023333333333333334
0 0.49 0.5883333333333334 0.02666666666666667 0.02666666666666667
0 0.7766666666666666 0.09833333333333333 0.023333333333333334 0.03
0 0.5116666666666667 0.815 0.023333333333333334 0.023333333333333334
0 0.5616666666666666 0.9366666666666666 0.03 0.03
0 0.44333333333333336 0.5666666666666667 0.03 0.03
0 0.5 0.5216666666666666 0.03 0.03333333333333333
0 0.8016666666666666 0.06333333333333334 0.03 0.023333333333333334
0 0.36 0.9816666666666667 0.02666666666666667 0.023333333333333334
0 0.565 0.49666666666666665 0.03333333333333333 0.023333333333333334
0 0.18666666666666668 0.06666666666666667 0.023333333333333334 0.02
0 0.5266666666666666 0.35833333333333334 0.023333333333333334 0.02666666666666667
0 0.5833333333333334 0.5483333333333333 0.02666666666666667 0.023333333333333334
0 0.5583333333333333 0.5516666666666666 0.023333333333333334 0.02
0 0.8616666666666667 0.31666666666666665 0.02666666666666667 0.02666666666666667
0 0.755 0.7633333333333333 0.02666666666666667 0.023333333333333334
0 0.9233333333333333 0.9083333333333333 0.02666666666666667 0.023333333333333334
0 0.8033333333333333 0.36833333333333335 0.023333333333333334 0.023333333333333334
0 0.96 0.3016666666666667 0.02666666666666667 0.02666666666666667
0 0.7383333333333333 0.17833333333333334 0.023333333333333334 0.023333333333333334
0 0.66 0.5866666666666667 0.023333333333333334 0.023333333333333334
0 0.36666666666666664 0.12166666666666667 0.023333333333333334 0.023333333333333334
0 0.67 0.5033333333333333 0.023333333333333334 0.023333333333333334
0 0.7516666666666667 0.23333333333333334 0.023333333333333334 0.023333333333333334
0 0.7166666666666667 0.16833333333333333 0.02666666666666667 0.02666666666666667
0 0.6833333333333333 0.4483333333333333 0.023333333333333334 0.023333333333333334
0 0.3233333333333333 0.9533333333333334 0.023333333333333334 0.023333333333333334
0 0.5733333333333334 0.06833333333333333 0.023333333333333334 0.023333333333333334
0 0.5166666666666667 0.041666666666666664 0.02666666666666667 0.02666666666666667
0 0.655 0.5266666666666666 0.023333333333333334 0.023333333333333334
0 0.9333333333333333 0.34833333333333333 0.023333333333333334 0.023333333333333334
0 0.5483333333333333 0.8566666666666667 0.021666666666666667 0.021666666666666667
0 0.4483333333333333 0.9666666666666667 0.023333333333333334 0.023333333333333334
0 0.7083333333333334 0.8783333333333333 0.02666666666666667 0.023333333333333334
0 0.7716666666666666 0.6583333333333333 0.023333333333333334 0.023333333333333334
0 0.725 0.2783333333333333 0.023333333333333334 0.02666666666666667
0 0.6433333333333333 0.5466666666666666 0.023333333333333334 0.023333333333333334
0 0.5216666666666666 0.5683333333333334 0.023333333333333334 0.023333333333333334
0 0.7033333333333334 0.10666666666666667 0.023333333333333334 0.02
0 0.6616666666666666 0.47 0.03166666666666667 0.023333333333333334
0 0.5866666666666667 0.355 0.021666666666666667 0.02666666666666667