0 0.7433333333333333 0.45166666666666666 0.02 0.02666666666666667
0 0.7216666666666667 0.445 0.02 0.02
0 0.6933333333333334 0.44 0.03 0.02666666666666667
0 0.6716666666666666 0.385 0.023333333333333334 0.02
0 0.7683333333333333 0.31166666666666665 0.02 0.02666666666666667
0 0.5433333333333333 0.3883333333333333 0.02666666666666667 0.02666666666666667
0 0.245 0.175 0.02666666666666667 0.02666666666666667
0 0.12166666666666667 0.09666666666666666 0.03 0.02666666666666667
0 0.19333333333333333 0.31166666666666665 0.02 0.02
0 0.31 0.16333333333333333 0.03 0.02666666666666667
0 0.17 0.17166666666666666 0.02666666666666667 0.023333333333333334
0 0.09333333333333334 0.43333333333333335 0.025 0.03
0 0.04 0.30333333333333334 0.028333333333333332 0.03166666666666667
0 0.24166666666666667 0.395 0.02666666666666667 0.023333333333333334
0 0.11666666666666667 0.23166666666666666 0.03 0.023333333333333334
0 0.185 0.06333333333333334 0.03 0.03
0 0.3016666666666667 0.03166666666666667 0.02666666666666667 0.02666666666666667
0 0.29333333333333333 0.09833333333333333 0.023333333333333334 0.023333333333333334
0 0.26666666666666666 0.13833333333333334 0.02666666666666667 0.023333333333333334
0 0.12333333333333334 0.28 0.03 0.03
0 0.52 0.14666666666666667 0.02666666666666667 0.02666666666666667
0 0.44333333333333336 0.7366666666666667 0.03 0.02666666666666667
0 0.43833333333333335 0.8833333333333333 0.023333333333333334 0.023333333333333334
0 0.41833333333333333 0.7716666666666666 0.023333333333333334 0.023333333333333334
0 0.38166666666666665 0.5383333333333333 0.03 0.02666666666666667
0 0.565 0.8633333333333333 0.02666666666666667 0.02666666666666667
0 0.5883333333333334 0.8833333333333333 0.023333333333333334 0.02666666666666667
0 0.5716666666666667 0.6683333333333333 0.023333333333333334 0.02
0 0.6066666666666667 0.655 0.023333333333333334 0.023333333333333334
0 0.9733333333333334 0.75 0.02666666666666667 0.03
0 0.5116666666666667 0.8433333333333334 0.03 0.02
0 0.69 0.4766666666666667 0.03 0.023333333333333334
0 0.6316666666666667 0.675 0.023333333333333334 0.02666666666666667
0 0.7616666666666667 0.8433333333333334 0.03 0.02666666666666667
0 0.5266666666666666 0.8716666666666667 0.023333333333333334 0.023333333333333334
0 0.9516666666666667 0.38666666666666666 0.03 0.03333333333333333
0 0.9416666666666667 0.48833333333333334 0.023333333333333334 0.03
0 0.21833333333333332 0.165 0.023333333333333334 0.02666666666666667