0 0.21666666666666667 0.345 0.02666666666666667 0.03333333333333333
0 0.13166666666666665 0.475 0.03 0.03
0 0.28 0.4066666666666667 0.023333333333333334 0.02666666666666667
0 0.5016666666666667 0.43166666666666664 0.025 0.02666666666666667
0 0.07333333333333333 0.23 0.02666666666666667 0.02666666666666667
0 0.18666666666666668 0.2683333333333333 0.02666666666666667 0.02666666666666667
0 0.15333333333333332 0.18 0.02666666666666667 0.023333333333333334
0 0.7816666666666666 0.09166666666666666 0.03666666666666667 0.03
0 0.7366666666666667 0.3566666666666667 0.03 0.023333333333333334
0 0.57 0.3933333333333333 0.03 0.02666666666666667
0 0.5566666666666666 0.4483333333333333 0.02666666666666667 0.02666666666666667
0 0.08666666666666667 0.8133333333333334 0.03 0.02666666666666667
0 0.075 0.83 0.023333333333333334 0.02
0 0.4166666666666667 0.5983333333333334 0.02666666666666667 0.023333333333333334
0 0.37333333333333335 0.8083333333333333 0.025 0.028333333333333332
0 0.44 0.8816666666666667 0.021666666666666667 0.023333333333333334
0 0.295 0.76 0.023333333333333334 0.023333333333333334
0 0.4583333333333333 0.9033333333333333 0.023333333333333334 0.023333333333333334
0 0.4 0.6583333333333333 0.02666666666666667 0.028333333333333332
0 0.12333333333333334 0.8933333333333333 0.02666666666666667 0.02666666666666667
0 0.13666666666666666 0.6166666666666667 0.03 0.03
0 0.565 0.5983333333333334 0.03 0.02666666666666667
0 0.59 0.5516666666666666 0.023333333333333334 0.02666666666666667
0 0.5816666666666667 0.8133333333333334 0.023333333333333334 0.02666666666666667
0 0.6416666666666667 0.9033333333333333 0.03 0.03
0 0.5183333333333333 0.5083333333333333 0.023333333333333334 0.021666666666666667