0 0.43833333333333335 0.31166666666666665 0.03333333333333333 0.03
0 0.28833333333333333 0.46166666666666667 0.02666666666666667 0.03
0 0.33666666666666667 0.5933333333333334 0.03 0.03666666666666667
0 0.37333333333333335 0.5966666666666667 0.03 0.03
0 0.035 0.975 0.04 0.03166666666666667
0 0.12666666666666668 0.46166666666666667 0.023333333333333334 0.02666666666666667
0 0.21 0.47833333333333333 0.03666666666666667 0.03
0 0.2966666666666667 0.16166666666666665 0.03 0.03333333333333333
0 0.125 0.15666666666666668 0.03 0.03
0 0.14833333333333334 0.26666666666666666 0.03 0.02666666666666667
0 0.38 0.5316666666666666 0.023333333333333334 0.02
0 0.37666666666666665 0.5533333333333333 0.02666666666666667 0.023333333333333334
0 0.4033333333333333 0.6116666666666667 0.03 0.03
0 0.3466666666666667 0.19 0.03 0.02666666666666667
0 0.14 0.11166666666666666 0.03 0.03333333333333333
0 0.2866666666666667 0.37166666666666665 0.02666666666666667 0.03
0 0.14666666666666667 0.7533333333333333 0.02 0.02666666666666667
0 0.6966666666666667 0.06833333333333333 0.03333333333333333 0.03
0 0.6133333333333333 0.03166666666666667 0.03666666666666667 0.023333333333333334
0 0.6083333333333333 0.08666666666666667 0.03 0.03
0 0.64 0.021666666666666667 0.02666666666666667 0.02666666666666667
0 0.5583333333333333 0.36 0.02 0.02
0 0.5833333333333334 0.37 0.02 0.02
0 0.8566666666666667 0.395 0.023333333333333334 0.023333333333333334
0 0.6966666666666667 0.11166666666666666 0.023333333333333334 0.023333333333333334
0 0.18166666666666667 0.25333333333333335 0.03666666666666667 0.03666666666666667
0 0.165 0.225 0.03 0.02666666666666667