0 0.16666666666666666 0.42333333333333334 0.02666666666666667 0.02666666666666667
0 0.4483333333333333 0.51 0.02666666666666667 0.023333333333333334
0 0.3383333333333333 0.37333333333333335 0.023333333333333334 0.023333333333333334
0 0.14333333333333334 0.12666666666666668 0.02666666666666667 0.02666666666666667
0 0.12333333333333334 0.3933333333333333 0.023333333333333334 0.02
0 0.9366666666666666 0.30666666666666664 0.02666666666666667 0.02666666666666667
0 0.9433333333333334 0.7633333333333333 0.02666666666666667 0.023333333333333334
0 0.855 0.7116666666666667 0.03333333333333333 0.03
0 0.8866666666666667 0.5166666666666667 0.03 0.02666666666666667
0 0.95 0.7133333333333334 0.02666666666666667 0.02
0 0.9416666666666667 0.6116666666666667 0.02666666666666667 0.02
0 0.9533333333333334 0.8266666666666667 0.02666666666666667 0.02666666666666667
0 0.9816666666666667 0.8933333333333333 0.023333333333333334 0.02666666666666667
0 0.6333333333333333 0.285 0.02 0.02
0 0.9316666666666666 0.17833333333333334 0.03 0.03
0 0.9633333333333334 0.23666666666666666 0.02666666666666667 0.02666666666666667
0 0.9666666666666667 0.10333333333333333 0.02666666666666667 0.023333333333333334
0 0.8116666666666666 0.9666666666666667 0.02666666666666667 0.02666666666666667
0 0.9283333333333333 0.7816666666666666 0.02666666666666667 0.023333333333333334
0 0.9266666666666666 0.8183333333333334 0.023333333333333334 0.023333333333333334
0 0.9133333333333333 0.6866666666666666 0.02666666666666667 0.02666666666666667
0 0.9183333333333333 0.5933333333333334 0.023333333333333334 0.023333333333333334
0 0.96 0.96 0.023333333333333334 0.023333333333333334
0 0.7033333333333334 0.9016666666666666 0.023333333333333334 0.023333333333333334
0 0.865 0.9766666666666667 0.023333333333333334 0.023333333333333334
0 0.835 0.8966666666666666 0.023333333333333334 0.02
0 0.8583333333333333 0.8916666666666667 0.02 0.023333333333333334
0 0.85 0.9233333333333333 0.02 0.023333333333333334
0 0.8933333333333333 0.9216666666666666 0.02 0.016666666666666666
0 0.9666666666666667 0.8033333333333333 0.023333333333333334 0.02666666666666667
0 0.9566666666666667 0.8933333333333333 0.02 0.023333333333333334
0 0.8766666666666667 0.7283333333333334 0.023333333333333334 0.023333333333333334
0 0.9166666666666666 0.7166666666666667 0.02666666666666667 0.02666666666666667
0 0.9666666666666667 0.63 0.023333333333333334 0.023333333333333334
0 0.9466666666666667 0.6716666666666666 0.023333333333333334 0.02666666666666667
0 0.9683333333333334 0.29833333333333334 0.02666666666666667 0.02666666666666667
0 0.8683333333333333 0.9466666666666667 0.02666666666666667 0.02666666666666667
0 0.9683333333333334 0.275 0.02 0.02
0 0.9883333333333333 0.36833333333333335 0.02 0.02
0 0.25666666666666665 0.7033333333333334 0.018333333333333333 0.021666666666666667