0 0.6216666666666667 0.065 0.03 0.03
0 0.7466666666666667 0.15333333333333332 0.02666666666666667 0.023333333333333334
0 0.79 0.19833333333333333 0.02666666666666667 0.02666666666666667
0 0.6933333333333334 0.23166666666666666 0.03 0.02666666666666667
0 0.8733333333333333 0.22666666666666666 0.023333333333333334 0.03
0 0.8766666666666667 0.15666666666666668 0.023333333333333334 0.03
0 0.8266666666666667 0.19166666666666668 0.03 0.023333333333333334
0 0.83 0.21166666666666667 0.02666666666666667 0.02
0 0.965 0.19333333333333333 0.023333333333333334 0.03333333333333333
0 0.8983333333333333 0.19333333333333333 0.023333333333333334 0.03
0 0.825 0.31666666666666665 0.02666666666666667 0.023333333333333334
0 0.9683333333333334 0.37166666666666665 0.03 0.02666666666666667
0 0.8616666666666667 0.18333333333333332 0.02666666666666667 0.023333333333333334
0 0.8583333333333333 0.21666666666666667 0.023333333333333334 0.02666666666666667
0 0.8666666666666667 0.19833333333333333 0.03 0.023333333333333334
0 0.7033333333333334 0.21833333333333332 0.02666666666666667 0.02
0 0.9233333333333333 0.22333333333333333 0.02666666666666667 0.02666666666666667
0 0.2633333333333333 0.6133333333333333 0.03 0.03
0 0.16333333333333333 0.6683333333333333 0.02666666666666667 0.02666666666666667
0 0.175 0.6816666666666666 0.03 0.03
0 0.3016666666666667 0.7783333333333333 0.023333333333333334 0.023333333333333334
0 0.32666666666666666 0.7916666666666666 0.023333333333333334 0.02
0 0.13666666666666666 0.9816666666666667 0.02666666666666667 0.02
0 0.4216666666666667 0.7516666666666667 0.02 0.023333333333333334
0 0.2683333333333333 0.7933333333333333 0.023333333333333334 0.023333333333333334
0 0.018333333333333333 0.9116666666666666 0.03 0.03
0 0.03166666666666667 0.135 0.03 0.03333333333333333
0 0.13666666666666666 0.2783333333333333 0.03 0.03
0 0.10166666666666667 0.2916666666666667 0.023333333333333334 0.023333333333333334
0 0.10333333333333333 0.30833333333333335 0.02666666666666667 0.03
0 0.19166666666666668 0.29333333333333333 0.03 0.02666666666666667
0 0.20166666666666666 0.31 0.03333333333333333 0.02666666666666667
0 0.305 0.3616666666666667 0.03 0.023333333333333334
0 0.8183333333333334 0.54 0.02666666666666667 0.023333333333333334
0 0.9883333333333333 0.5916666666666667 0.023333333333333334 0.025
0 0.011666666666666667 0.12833333333333333 0.023333333333333334 0.03333333333333333
0 0.011666666666666667 0.18 0.023333333333333334 0.03
0 0.9833333333333333 0.14333333333333334 0.025 0.03166666666666667
0 0.2783333333333333 0.36 0.03166666666666667 0.03166666666666667
0 0.9466666666666667 0.29833333333333334 0.025 0.028333333333333332