0 0.07666666666666666 0.12333333333333334 0.023333333333333334 0.02666666666666667
0 0.06333333333333334 0.4 0.02666666666666667 0.023333333333333334
0 0.3016666666666667 0.86 0.023333333333333334 0.023333333333333334
0 0.30333333333333334 0.8033333333333333 0.023333333333333334 0.023333333333333334
0 0.355 0.8583333333333333 0.03 0.02
0 0.3983333333333333 0.8783333333333333 0.02666666666666667 0.02
0 0.405 0.8616666666666667 0.02666666666666667 0.02
0 0.4483333333333333 0.9633333333333334 0.023333333333333334 0.02666666666666667
0 0.29833333333333334 0.9866666666666667 0.023333333333333334 0.023333333333333334
0 0.27666666666666667 0.7183333333333334 0.02666666666666667 0.02666666666666667
0 0.2866666666666667 0.7566666666666667 0.02666666666666667 0.023333333333333334
0 0.09166666666666666 0.7666666666666667 0.02666666666666667 0.02666666666666667
0 0.19333333333333333 0.7683333333333333 0.025 0.03
0 0.21666666666666667 0.7783333333333333 0.023333333333333334 0.02
0 0.24666666666666667 0.865 0.023333333333333334 0.03
0 0.255 0.8833333333333333 0.02666666666666667 0.03
0 0.40166666666666667 0.8433333333333334 0.02666666666666667 0.03
0 0.11666666666666667 0.8316666666666667 0.03 0.02666666666666667
0 0.26666666666666666 0.8283333333333334 0.02666666666666667 0.02666666666666667
0 0.13 0.535 0.025 0.025
0 0.015 0.41833333333333333 0.023333333333333334 0.03166666666666667
0 0.015 0.12166666666666667 0.025 0.02666666666666667
0 0.43333333333333335 0.9883333333333333 0.028333333333333332 0.023333333333333334
0 0.12166666666666667 0.33166666666666667 0.02666666666666667 0.02666666666666667