0 0.545 0.26666666666666666 0.03333333333333333 0.03333333333333333
0 0.5366666666666666 0.39166666666666666 0.023333333333333334 0.03
0 0.5466666666666666 0.051666666666666666 0.03 0.02
0 0.55 0.1 0.03666666666666667 0.03
0 0.5466666666666666 0.07166666666666667 0.023333333333333334 0.023333333333333334
0 0.93 0.305 0.035 0.03
0 0.7133333333333334 0.22 0.023333333333333334 0.023333333333333334
0 0.5733333333333334 0.34833333333333333 0.03 0.03
0 0.6366666666666667 0.14833333333333334 0.02 0.02
0 0.65 0.16833333333333333 0.02 0.02
0 0.9216666666666666 0.8916666666666667 0.03166666666666667 0.03166666666666667
0 0.8133333333333334 0.9066666666666666 0.028333333333333332 0.03333333333333333
0 0.63 0.9416666666666667 0.028333333333333332 0.025
0 0.745 0.8766666666666667 0.03 0.02666666666666667
0 0.7266666666666667 0.8483333333333334 0.03 0.023333333333333334
0 0.6533333333333333 0.895 0.02666666666666667 0.02
0 0.6516666666666666 0.935 0.03333333333333333 0.03
0 0.29 0.82 0.023333333333333334 0.02
0 0.5216666666666666 0.565 0.023333333333333334 0.023333333333333334
0 0.5083333333333333 0.5483333333333333 0.023333333333333334 0.02
0 0.47833333333333333 0.5383333333333333 0.023333333333333334 0.023333333333333334
0 0.27166666666666667 0.5366666666666666 0.023333333333333334 0.02
0 0.5216666666666666 0.155 0.03 0.02666666666666667
0 0.485 0.20166666666666666 0.03 0.03
0 0.37833333333333335 0.21166666666666667 0.02666666666666667 0.023333333333333334
0 0.5166666666666667 0.21833333333333332 0.02666666666666667 0.023333333333333334
0 0.4766666666666667 0.25833333333333336 0.023333333333333334 0.023333333333333334
0 0.5183333333333333 0.2633333333333333 0.02666666666666667 0.02666666666666667
0 0.06666666666666667 0.37333333333333335 0.03 0.03
0 0.31666666666666665 0.3416666666666667 0.023333333333333334 0.023333333333333334
0 0.45666666666666667 0.36833333333333335 0.023333333333333334 0.023333333333333334
0 0.405 0.125 0.03 0.02666666666666667
0 0.5116666666666667 0.23333333333333334 0.02666666666666667 0.02666666666666667
0 0.33166666666666667 0.12 0.03 0.03
0 0.5716666666666667 0.075 0.02666666666666667 0.02666666666666667