0 0.8383333333333334 0.07833333333333334 0.03 0.03666666666666667
0 0.8733333333333333 0.08166666666666667 0.03 0.03
0 0.535 0.46 0.03 0.025
0 0.415 0.3283333333333333 0.03 0.023333333333333334
0 0.25833333333333336 0.445 0.03 0.02
0 0.15666666666666668 0.21333333333333335 0.03 0.03
0 0.225 0.31166666666666665 0.028333333333333332 0.028333333333333332
0 0.915 0.10166666666666667 0.023333333333333334 0.021666666666666667
0 0.03333333333333333 0.4266666666666667 0.023333333333333334 0.023333333333333334
0 0.08333333333333333 0.965 0.02666666666666667 0.02666666666666667
0 0.09833333333333333 0.8583333333333333 0.023333333333333334 0.02
0 0.11333333333333333 0.8933333333333333 0.02666666666666667 0.02666666666666667
0 0.26166666666666666 0.715 0.02666666666666667 0.03
0 0.28 0.5283333333333333 0.028333333333333332 0.03333333333333333
0 0.47 0.36333333333333334 0.023333333333333334 0.023333333333333334