0 0.6416666666666667 0.14333333333333334 0.025 0.02666666666666667
0 0.73 0.17666666666666667 0.02 0.023333333333333334
0 0.555 0.21166666666666667 0.02 0.03
0 0.9833333333333333 0.23333333333333334 0.023333333333333334 0.03
0 0.7533333333333333 0.2683333333333333 0.02 0.02666666666666667
0 0.7666666666666667 0.3 0.02 0.03
0 0.8516666666666667 0.3 0.02 0.02666666666666667
0 0.59 0.435 0.023333333333333334 0.02
0 0.8533333333333334 0.07666666666666666 0.03 0.028333333333333332
0 0.79 0.285 0.016666666666666666 0.02
0 0.7166666666666667 0.26 0.023333333333333334 0.023333333333333334
0 0.77 0.5616666666666666 0.03 0.03
0 0.205 0.685 0.02 0.023333333333333334
0 0.04833333333333333 0.7783333333333333 0.02 0.02
0 0.10166666666666667 0.945 0.03333333333333333 0.03333333333333333
0 0.18833333333333332 0.6933333333333334 0.023333333333333334 0.02
0 0.38166666666666665 0.675 0.023333333333333334 0.025
0 0.06333333333333334 0.7616666666666667 0.03 0.03
0 0.38166666666666665 0.5083333333333333 0.03333333333333333 0.025
0 0.3983333333333333 0.065 0.02666666666666667 0.03
0 0.23833333333333334 0.135 0.023333333333333334 0.03
0 0.15 0.14166666666666666 0.03 0.02
0 0.49833333333333335 0.15833333333333333 0.023333333333333334 0.02666666666666667
0 0.315 0.17333333333333334 0.02666666666666667 0.03
0 0.49833333333333335 0.19333333333333333 0.02 0.02666666666666667
0 0.03166666666666667 0.43666666666666665 0.023333333333333334 0.02666666666666667
0 0.03166666666666667 0.48333333333333334 0.023333333333333334 0.02666666666666667
0 0.12 0.31 0.02666666666666667 0.02666666666666667
0 0.68 0.2783333333333333 0.02666666666666667 0.03
0 0.7066666666666667 0.21 0.028333333333333332 0.025
0 0.405 0.3616666666666667 0.03166666666666667 0.03166666666666667
0 0.3616666666666667 0.44666666666666666 0.02666666666666667 0.03166666666666667