0 0.058333333333333334 0.25166666666666665 0.03 0.02666666666666667
0 0.035 0.2916666666666667 0.03 0.02666666666666667
0 0.04666666666666667 0.35333333333333333 0.03 0.03333333333333333
0 0.015 0.36833333333333335 0.023333333333333334 0.03
0 0.12166666666666667 0.3233333333333333 0.02666666666666667 0.03
0 0.10333333333333333 0.29833333333333334 0.02 0.02666666666666667
0 0.11833333333333333 0.28 0.02666666666666667 0.02666666666666667
0 0.22666666666666666 0.43833333333333335 0.03333333333333333 0.03
0 0.34 0.42833333333333334 0.03 0.02666666666666667
0 0.2783333333333333 0.37833333333333335 0.03 0.023333333333333334
0 0.18666666666666668 0.36666666666666664 0.03 0.023333333333333334
0 0.35833333333333334 0.16166666666666665 0.03 0.03
0 0.16666666666666666 0.32666666666666666 0.02666666666666667 0.02666666666666667
0 0.305 0.28833333333333333 0.03 0.02666666666666667
0 0.23166666666666666 0.34833333333333333 0.03 0.03
0 0.19666666666666666 0.29333333333333333 0.02666666666666667 0.023333333333333334
0 0.21666666666666667 0.2733333333333333 0.023333333333333334 0.023333333333333334
0 0.21666666666666667 0.31666666666666665 0.03 0.03
0 0.07666666666666666 0.7333333333333333 0.03 0.02666666666666667
0 0.7083333333333334 0.6 0.02666666666666667 0.03
0 0.6483333333333333 0.6066666666666667 0.03 0.03
0 0.6416666666666667 0.13666666666666666 0.03 0.03
0 0.66 0.07 0.02666666666666667 0.02666666666666667
0 0.655 0.08666666666666667 0.03 0.02666666666666667
0 0.6433333333333333 0.03333333333333333 0.03 0.02666666666666667
0 0.8316666666666667 0.23 0.03 0.02666666666666667
0 0.7983333333333333 0.19833333333333333 0.02666666666666667 0.02
0 0.8383333333333334 0.16 0.03 0.03
0 0.6783333333333333 0.06833333333333333 0.02 0.03
0 0.7366666666666667 0.08333333333333333 0.023333333333333334 0.023333333333333334
0 0.85 0.028333333333333332 0.04 0.03
0 0.8566666666666667 0.08833333333333333 0.02666666666666667 0.023333333333333334
0 0.8133333333333334 0.07666666666666666 0.02666666666666667 0.02
0 0.7383333333333333 0.6516666666666666 0.03 0.03
0 0.6283333333333333 0.5233333333333333 0.03 0.03
0 0.7133333333333334 0.9666666666666667 0.03 0.03
0 0.6216666666666667 0.6083333333333333 0.03 0.03
0 0.6383333333333333 0.6516666666666666 0.02666666666666667 0.02666666666666667
0 0.051666666666666666 0.8816666666666667 0.023333333333333334 0.023333333333333334
0 0.17166666666666666 0.87 0.03 0.03
0 0.5416666666666666 0.5733333333333334 0.023333333333333334 0.023333333333333334
0 0.295 0.4816666666666667 0.03 0.03
0 0.8133333333333334 0.13 0.023333333333333334 0.023333333333333334
0 0.028333333333333332 0.805 0.02666666666666667 0.02666666666666667
0 0.7716666666666666 0.6466666666666666 0.03 0.03
0 0.6833333333333333 0.11666666666666667 0.023333333333333334 0.023333333333333334
0 0.6083333333333333 0.01 0.023333333333333334 0.02
0 0.39666666666666667 0.59 0.023333333333333334 0.023333333333333334
0 0.5133333333333333 0.5833333333333334 0.02666666666666667 0.02666666666666667
0 0.6633333333333333 0.6683333333333333 0.02666666666666667 0.02666666666666667
0 0.05 0.855 0.023333333333333334 0.023333333333333334
0 0.7716666666666666 0.03333333333333333 0.02666666666666667 0.02666666666666667
0 0.715 0.008333333333333333 0.02666666666666667 0.016666666666666666
0 0.5716666666666667 0.6916666666666667 0.02666666666666667 0.023333333333333334
0 0.03 0.91 0.02666666666666667 0.02666666666666667
0 0.74 0.22666666666666666 0.02666666666666667 0.028333333333333332