0 0.19166666666666668 0.08 0.03 0.02
0 0.155 0.07833333333333334 0.02 0.023333333333333334
0 0.13166666666666665 0.08333333333333333 0.02666666666666667 0.02666666666666667
0 0.25666666666666665 0.2 0.02 0.02666666666666667
0 0.23666666666666666 0.205 0.02 0.02666666666666667
0 0.3616666666666667 0.6333333333333333 0.02666666666666667 0.03
0 0.4716666666666667 0.5383333333333333 0.03 0.03
0 0.18166666666666667 0.5333333333333333 0.023333333333333334 0.023333333333333334
0 0.29333333333333333 0.5083333333333333 0.023333333333333334 0.02
0 0.795 0.10333333333333333 0.023333333333333334 0.02
0 0.845 0.4083333333333333 0.02666666666666667 0.023333333333333334
0 0.6866666666666666 0.2 0.02 0.023333333333333334
0 0.67 0.06333333333333334 0.023333333333333334 0.02666666666666667
0 0.5716666666666667 0.17833333333333334 0.02 0.02666666666666667
0 0.5716666666666667 0.043333333333333335 0.02 0.02
0 0.8633333333333333 0.05333333333333334 0.03 0.023333333333333334
0 0.5966666666666667 0.12333333333333334 0.02666666666666667 0.023333333333333334
0 0.9833333333333333 0.37666666666666665 0.02666666666666667 0.02666666666666667
0 0.6783333333333333 0.33166666666666667 0.023333333333333334 0.023333333333333334
0 0.6666666666666666 0.30666666666666664 0.02666666666666667 0.023333333333333334
0 0.6916666666666667 0.105 0.03 0.02666666666666667
0 0.7833333333333333 0.17 0.023333333333333334 0.02
0 0.9666666666666667 0.14166666666666666 0.023333333333333334 0.023333333333333334
0 0.835 0.2633333333333333 0.02 0.02
0 0.7583333333333333 0.24666666666666667 0.023333333333333334 0.023333333333333334
0 0.5266666666666666 0.09 0.023333333333333334 0.023333333333333334
0 0.5616666666666666 0.25666666666666665 0.02 0.02
0 0.5483333333333333 0.21333333333333335 0.023333333333333334 0.023333333333333334
0 0.9783333333333334 0.011666666666666667 0.023333333333333334 0.023333333333333334
0 0.8233333333333334 0.041666666666666664 0.03 0.02
0 0.8866666666666667 0.01 0.023333333333333334 0.02
0 0.71 0.15833333333333333 0.023333333333333334 0.023333333333333334
0 0.7366666666666667 0.21833333333333332 0.02 0.02
0 0.525 0.03166666666666667 0.02 0.02666666666666667
0 0.8633333333333333 0.03833333333333333 0.023333333333333334 0.02666666666666667
0 0.6716666666666666 0.8733333333333333 0.02666666666666667 0.02666666666666667
0 0.745 0.8466666666666667 0.02 0.02
0 0.7616666666666667 0.8983333333333333 0.023333333333333334 0.02
0 0.71 0.9183333333333333 0.023333333333333334 0.02666666666666667
0 0.6866666666666666 0.9216666666666666 0.02666666666666667 0.03
0 0.7383333333333333 0.9033333333333333 0.023333333333333334 0.02666666666666667
0 0.74 0.8683333333333333 0.02 0.023333333333333334
0 0.9216666666666666 0.9166666666666666 0.023333333333333334 0.02666666666666667
0 0.8333333333333334 0.8783333333333333 0.02 0.023333333333333334
0 0.71 0.7733333333333333 0.02 0.02
0 0.9833333333333333 0.5333333333333333 0.023333333333333334 0.023333333333333334
0 0.885 0.9466666666666667 0.02 0.02
0 0.7266666666666667 0.8466666666666667 0.02 0.02
0 0.7566666666666667 0.7683333333333333 0.023333333333333334 0.02
0 0.7566666666666667 0.7516666666666667 0.02 0.02
0 0.7683333333333333 0.8183333333333334 0.016666666666666666 0.023333333333333334
0 0.7783333333333333 0.8316666666666667 0.016666666666666666 0.016666666666666666
0 0.7916666666666666 0.8983333333333333 0.02 0.02
0 0.8316666666666667 0.8583333333333333 0.023333333333333334 0.02666666666666667
0 0.7683333333333333 0.82 0.016666666666666666 0.023333333333333334