0 0.125 0.5516666666666666 0.02666666666666667 0.023333333333333334
0 0.08833333333333333 0.2916666666666667 0.03 0.023333333333333334
0 0.275 0.06166666666666667 0.02 0.02666666666666667
0 0.4533333333333333 0.06666666666666667 0.023333333333333334 0.023333333333333334
0 0.4816666666666667 0.06833333333333333 0.023333333333333334 0.02
0 0.5766666666666667 0.48333333333333334 0.02666666666666667 0.02666666666666667
0 0.5066666666666667 0.07166666666666667 0.02 0.02
0 0.465 0.08666666666666667 0.023333333333333334 0.023333333333333334
0 0.49333333333333335 0.056666666666666664 0.023333333333333334 0.02
0 0.8016666666666666 0.4266666666666667 0.023333333333333334 0.02666666666666667
0 0.8266666666666667 0.39166666666666666 0.02 0.02666666666666667
0 0.8533333333333334 0.385 0.02666666666666667 0.023333333333333334
0 0.68 0.7616666666666667 0.03 0.03
0 0.8316666666666667 0.7366666666666667 0.02 0.03
0 0.7883333333333333 0.745 0.023333333333333334 0.02666666666666667
0 0.8716666666666667 0.8683333333333333 0.02666666666666667 0.023333333333333334
0 0.8583333333333333 0.8383333333333334 0.02666666666666667 0.023333333333333334
0 0.9033333333333333 0.55 0.03 0.023333333333333334
0 0.9133333333333333 0.7666666666666667 0.02666666666666667 0.023333333333333334
0 0.8933333333333333 0.9 0.02666666666666667 0.02
0 0.9466666666666667 0.7666666666666667 0.02666666666666667 0.02
0 0.945 0.75 0.02 0.02
0 0.6766666666666666 0.6366666666666667 0.02666666666666667 0.023333333333333334
0 0.5866666666666667 0.5583333333333333 0.02666666666666667 0.02666666666666667
0 0.76 0.665 0.023333333333333334 0.02
0 0.735 0.6816666666666666 0.023333333333333334 0.02
0 0.815 0.8733333333333333 0.02 0.02
0 0.9 0.8816666666666667 0.02666666666666667 0.023333333333333334
0 0.9683333333333334 0.7483333333333333 0.02 0.023333333333333334
0 0.7916666666666666 0.8683333333333333 0.02666666666666667 0.02666666666666667
0 0.7516666666666667 0.7383333333333333 0.023333333333333334 0.023333333333333334
0 0.15666666666666668 0.9516666666666667 0.02666666666666667 0.02666666666666667
0 0.9433333333333334 0.8583333333333333 0.023333333333333334 0.023333333333333334
0 0.47333333333333333 0.028333333333333332 0.02666666666666667 0.02666666666666667
0 0.31833333333333336 0.043333333333333335 0.02666666666666667 0.02666666666666667
0 0.5533333333333333 0.155 0.023333333333333334 0.023333333333333334
0 0.9033333333333333 0.32166666666666666 0.023333333333333334 0.023333333333333334
0 0.8433333333333334 0.5916666666666667 0.023333333333333334 0.023333333333333334
0 0.535 0.06166666666666667 0.02666666666666667 0.02666666666666667
0 0.8066666666666666 0.7183333333333334 0.02666666666666667 0.02666666666666667
0 0.16166666666666665 0.9283333333333333 0.023333333333333334 0.023333333333333334
0 0.9016666666666666 0.4633333333333333 0.02666666666666667 0.02666666666666667
0 0.20166666666666666 0.12166666666666667 0.02666666666666667 0.023333333333333334
0 0.9083333333333333 0.4166666666666667 0.02666666666666667 0.023333333333333334
0 0.76 0.6983333333333334 0.023333333333333334 0.02
0 0.9183333333333333 0.9233333333333333 0.023333333333333334 0.02
0 0.9833333333333333 0.9083333333333333 0.03 0.023333333333333334
0 0.9133333333333333 0.8 0.02666666666666667 0.023333333333333334
0 0.9183333333333333 0.825 0.03 0.023333333333333334
0 0.9033333333333333 0.3383333333333333 0.023333333333333334 0.02
0 0.7183333333333334 0.7683333333333333 0.025 0.02666666666666667
0 0.9483333333333334 0.72 0.023333333333333334 0.023333333333333334
0 0.3333333333333333 0.013333333333333334 0.03 0.02666666666666667
0 0.3616666666666667 0.013333333333333334 0.02 0.02666666666666667
0 0.6733333333333333 0.6933333333333334 0.02666666666666667 0.03333333333333333
0 0.905 0.5916666666666667 0.023333333333333334 0.02666666666666667
0 0.7066666666666667 0.71 0.03 0.03
0 0.8866666666666667 0.41833333333333333 0.023333333333333334 0.03
0 0.24333333333333335 0.085 0.03333333333333333 0.02666666666666667
0 0.42333333333333334 0.06666666666666667 0.023333333333333334 0.03333333333333333
0 0.39666666666666667 0.045 0.02 0.03333333333333333
0 0.9033333333333333 0.8583333333333333 0.02666666666666667 0.03
0 0.865 0.5933333333333334 0.02 0.03
0 0.7316666666666667 0.6416666666666667 0.023333333333333334 0.023333333333333334
0 0.985 0.9266666666666666 0.023333333333333334 0.023333333333333334
0 0.9316666666666666 0.9383333333333334 0.023333333333333334 0.023333333333333334
0 0.6616666666666666 0.44333333333333336 0.023333333333333334 0.02666666666666667
0 0.6433333333333333 0.4666666666666667 0.02 0.023333333333333334
0 0.8683333333333333 0.48 0.023333333333333334 0.02
0 0.7816666666666666 0.8483333333333334 0.023333333333333334 0.02
0 0.9666666666666667 0.7666666666666667 0.023333333333333334 0.03
0 0.9116666666666666 0.6466666666666666 0.016666666666666666 0.023333333333333334
0 0.9183333333333333 0.9233333333333333 0.023333333333333334 0.02
0 0.71 0.665 0.021666666666666667 0.025
0 0.013333333333333334 0.26166666666666666 0.02666666666666667 0.023333333333333334