0 0.6016666666666667 0.14166666666666666 0.02666666666666667 0.02666666666666667
0 0.6266666666666667 0.01 0.03 0.02
0 0.5283333333333333 0.14666666666666667 0.03 0.02666666666666667
0 0.625 0.05333333333333334 0.02666666666666667 0.02666666666666667
0 0.545 0.21833333333333332 0.023333333333333334 0.023333333333333334
0 0.5733333333333334 0.10833333333333334 0.023333333333333334 0.023333333333333334
0 0.565 0.075 0.02 0.023333333333333334
0 0.5766666666666667 0.045 0.023333333333333334 0.02666666666666667
0 0.5166666666666667 0.04 0.023333333333333334 0.02666666666666667
0 0.8916666666666667 0.6516666666666666 0.03 0.02666666666666667
0 0.9583333333333334 0.65 0.02 0.02
0 0.9733333333333334 0.6616666666666666 0.02 0.02
0 0.5766666666666667 0.6016666666666667 0.02666666666666667 0.023333333333333334
0 0.9783333333333334 0.6433333333333333 0.023333333333333334 0.03
0 0.5666666666666667 0.655 0.023333333333333334 0.03
0 0.5366666666666666 0.5966666666666667 0.02666666666666667 0.02666666666666667
0 0.98 0.6016666666666667 0.02 0.023333333333333334
0 0.4083333333333333 0.6583333333333333 0.03 0.02666666666666667
0 0.3566666666666667 0.595 0.02666666666666667 0.023333333333333334
0 0.395 0.9016666666666666 0.03 0.03
0 0.20666666666666667 0.7933333333333333 0.023333333333333334 0.02
0 0.14166666666666666 0.8183333333333334 0.03 0.02666666666666667
0 0.34833333333333333 0.9066666666666666 0.03 0.02666666666666667
0 0.37666666666666665 0.8833333333333333 0.03 0.03
0 0.185 0.585 0.023333333333333334 0.02666666666666667
0 0.2683333333333333 0.5933333333333334 0.02666666666666667 0.02666666666666667
0 0.33666666666666667 0.6733333333333333 0.03 0.02666666666666667
0 0.43333333333333335 0.5366666666666666 0.023333333333333334 0.02
0 0.44 0.5666666666666667 0.02 0.02
0 0.4816666666666667 0.6566666666666666 0.02 0.016666666666666666
0 0.11833333333333333 0.5333333333333333 0.02 0.02
0 0.08666666666666667 0.565 0.02 0.02
0 0.36 0.8316666666666667 0.02 0.02
0 0.41833333333333333 0.9133333333333333 0.03 0.023333333333333334
0 0.01 0.6683333333333333 0.02 0.023333333333333334
0 0.3 0.9566666666666667 0.02666666666666667 0.023333333333333334
0 0.49166666666666664 0.635 0.023333333333333334 0.023333333333333334
0 0.01 0.5816666666666667 0.02 0.03
0 0.07333333333333333 0.74 0.02666666666666667 0.02666666666666667
0 0.17833333333333334 0.5583333333333333 0.023333333333333334 0.023333333333333334
0 0.36333333333333334 0.94 0.02666666666666667 0.02666666666666667
0 0.3516666666666667 0.8216666666666667 0.023333333333333334 0.023333333333333334
0 0.11666666666666667 0.8033333333333333 0.02666666666666667 0.023333333333333334
0 0.056666666666666664 0.6283333333333333 0.023333333333333334 0.023333333333333334
0 0.28833333333333333 0.9866666666666667 0.023333333333333334 0.023333333333333334
0 0.075 0.64 0.03333333333333333 0.023333333333333334
0 0.21833333333333332 0.8133333333333334 0.02 0.023333333333333334
0 0.39166666666666666 0.08 0.023333333333333334 0.02
0 0.23166666666666666 0.15333333333333332 0.023333333333333334 0.02666666666666667
0 0.021666666666666667 0.26 0.02666666666666667 0.03
0 0.008333333333333333 0.09666666666666666 0.016666666666666666 0.023333333333333334
0 0.31 0.29333333333333333 0.03 0.02666666666666667
0 0.43 0.3233333333333333 0.03 0.023333333333333334
0 0.42333333333333334 0.18833333333333332 0.02666666666666667 0.023333333333333334
0 0.43 0.04833333333333333 0.03 0.02666666666666667
0 0.265 0.45 0.02666666666666667 0.023333333333333334
0 0.41333333333333333 0.22833333333333333 0.03 0.02
0 0.36333333333333334 0.2633333333333333 0.02 0.02
0 0.38666666666666666 0.043333333333333335 0.02666666666666667 0.023333333333333334
0 0.375 0.14333333333333334 0.023333333333333334 0.023333333333333334
0 0.36333333333333334 0.23833333333333334 0.023333333333333334 0.023333333333333334
0 0.485 0.12166666666666667 0.023333333333333334 0.023333333333333334
0 0.37833333333333335 0.47833333333333333 0.02666666666666667 0.023333333333333334
0 0.37333333333333335 0.28833333333333333 0.02 0.02
0 0.40166666666666667 0.24333333333333335 0.023333333333333334 0.02
0 0.49166666666666664 0.21 0.02666666666666667 0.023333333333333334
0 0.3016666666666667 0.4766666666666667 0.023333333333333334 0.023333333333333334
0 0.465 0.13833333333333334 0.023333333333333334 0.023333333333333334
0 0.37333333333333335 0.7716666666666666 0.023333333333333334 0.023333333333333334
0 0.34833333333333333 0.32166666666666666 0.028333333333333332 0.028333333333333332
0 0.5033333333333333 0.5033333333333333 0.025 0.02666666666666667
0 0.515 0.41333333333333333 0.03 0.02