0 0.62 0.7583333333333333 0.03333333333333333 0.03
0 0.93 0.845 0.025 0.025
0 0.6583333333333333 0.7616666666666667 0.03 0.023333333333333334
0 0.5366666666666666 0.7883333333333333 0.03 0.03
0 0.6783333333333333 0.6316666666666667 0.03 0.02666666666666667
0 0.905 0.66 0.025 0.023333333333333334
0 0.5833333333333334 0.8283333333333334 0.03 0.03
0 0.7383333333333333 0.9066666666666666 0.02666666666666667 0.02666666666666667
0 0.7533333333333333 0.9266666666666666 0.023333333333333334 0.023333333333333334
0 0.21833333333333332 0.79 0.023333333333333334 0.023333333333333334
0 0.12166666666666667 0.7633333333333333 0.03 0.03333333333333333
0 0.08833333333333333 0.7383333333333333 0.03 0.023333333333333334
0 0.10333333333333333 0.575 0.03 0.02666666666666667
0 0.08833333333333333 0.615 0.02666666666666667 0.02666666666666667
0 0.745 0.7266666666666667 0.02 0.023333333333333334
0 0.5033333333333333 0.6716666666666666 0.02 0.02