0 0.9783333333333334 0.62 0.03 0.02666666666666667
0 0.8533333333333334 0.875 0.02 0.016666666666666666
0 0.925 0.9466666666666667 0.02666666666666667 0.023333333333333334
0 0.9783333333333334 0.955 0.02666666666666667 0.02666666666666667
0 0.33166666666666667 0.056666666666666664 0.023333333333333334 0.023333333333333334
0 0.31666666666666665 0.07833333333333334 0.02 0.02
0 0.3433333333333333 0.07166666666666667 0.02 0.023333333333333334
0 0.335 0.10666666666666667 0.02 0.02
0 0.4116666666666667 0.22666666666666666 0.02666666666666667 0.02666666666666667
0 0.44166666666666665 0.10833333333333334 0.023333333333333334 0.023333333333333334
0 0.3566666666666667 0.10833333333333334 0.02666666666666667 0.023333333333333334
0 0.3616666666666667 0.16166666666666665 0.02 0.02
0 0.25666666666666665 0.09666666666666666 0.02 0.023333333333333334
0 0.7716666666666666 0.3233333333333333 0.02666666666666667 0.02666666666666667