0 0.71 0.27 0.023333333333333334 0.02666666666666667
0 0.765 0.23833333333333334 0.02666666666666667 0.023333333333333334
0 0.7916666666666666 0.35833333333333334 0.02666666666666667 0.02666666666666667
0 0.725 0.3333333333333333 0.03 0.03
0 0.285 0.07666666666666666 0.023333333333333334 0.02666666666666667
0 0.215 0.09166666666666666 0.03166666666666667 0.035
0 0.25333333333333335 0.155 0.03 0.03
0 0.32666666666666666 0.16166666666666665 0.023333333333333334 0.02666666666666667
0 0.43666666666666665 0.22666666666666666 0.02666666666666667 0.02666666666666667
0 0.21333333333333335 0.9516666666666667 0.02666666666666667 0.02666666666666667
0 0.19 0.97 0.03 0.03666666666666667
0 0.165 0.9216666666666666 0.02666666666666667 0.03333333333333333
0 0.31 0.9583333333333334 0.025 0.028333333333333332
0 0.2783333333333333 0.9433333333333334 0.02666666666666667 0.023333333333333334
0 0.23166666666666666 0.94 0.02666666666666667 0.03
0 0.505 0.9466666666666667 0.02 0.023333333333333334
0 0.9433333333333334 0.8216666666666667 0.023333333333333334 0.02
0 0.8866666666666667 0.79 0.035 0.03166666666666667
0 0.9133333333333333 0.77 0.023333333333333334 0.02666666666666667
0 0.6866666666666666 0.7416666666666667 0.023333333333333334 0.02
0 0.7483333333333333 0.6716666666666666 0.023333333333333334 0.02
0 0.6516666666666666 0.15166666666666667 0.03 0.023333333333333334
0 0.6216666666666667 0.18666666666666668 0.02666666666666667 0.028333333333333332
0 0.7866666666666666 0.17333333333333334 0.023333333333333334 0.03333333333333333
0 0.18 0.105 0.03 0.02666666666666667
0 0.051666666666666666 0.065 0.03166666666666667 0.03333333333333333
0 0.5783333333333334 0.24166666666666667 0.02 0.023333333333333334
0 0.5616666666666666 0.21666666666666667 0.02 0.02
0 0.8516666666666667 0.36333333333333334 0.02 0.023333333333333334
0 0.7783333333333333 0.265 0.02666666666666667 0.023333333333333334
0 0.755 0.13333333333333333 0.023333333333333334 0.02
0 0.9066666666666666 0.4166666666666667 0.02 0.02666666666666667
0 0.8833333333333333 0.4 0.02 0.023333333333333334
0 0.9783333333333334 0.33666666666666667 0.02 0.02
0 0.9866666666666667 0.4266666666666667 0.02 0.023333333333333334
0 0.9666666666666667 0.4116666666666667 0.02 0.03
0 0.3983333333333333 0.9466666666666667 0.02666666666666667 0.02666666666666667
0 0.35833333333333334 0.9766666666666667 0.028333333333333332 0.03
0 0.26666666666666666 0.14 0.03 0.02666666666666667
0 0.7566666666666667 0.3283333333333333 0.02666666666666667 0.028333333333333332
0 0.7833333333333333 0.325 0.02666666666666667 0.023333333333333334
0 0.44166666666666665 0.028333333333333332 0.02 0.02
0 0.20166666666666666 0.03166666666666667 0.03 0.035
0 0.5016666666666667 0.17666666666666667 0.03166666666666667 0.03
0 0.9583333333333334 0.455 0.023333333333333334 0.02
0 0.9566666666666667 0.4766666666666667 0.02 0.02
0 0.9066666666666666 0.3883333333333333 0.02666666666666667 0.02
0 0.8716666666666667 0.37333333333333335 0.02 0.023333333333333334
0 0.45166666666666666 0.87 0.02666666666666667 0.023333333333333334
0 0.69 0.6666666666666666 0.02 0.02
0 0.8883333333333333 0.31166666666666665 0.02666666666666667 0.023333333333333334
0 0.9416666666666667 0.3333333333333333 0.023333333333333334 0.023333333333333334
0 0.86 0.4033333333333333 0.02 0.02666666666666667
0 0.7 0.17666666666666667 0.028333333333333332 0.03166666666666667
0 0.7716666666666666 0.8916666666666667 0.02 0.023333333333333334
0 0.155 0.025 0.03166666666666667 0.03666666666666667
0 0.195 0.9316666666666666 0.02666666666666667 0.023333333333333334
0 0.5783333333333334 0.22166666666666668 0.02666666666666667 0.02
0 0.985 0.056666666666666664 0.03 0.02666666666666667
0 0.8766666666666667 0.17166666666666666 0.02 0.02666666666666667
0 0.44 0.945 0.023333333333333334 0.03