0 0.7666666666666667 0.5566666666666666 0.02 0.02
0 0.755 0.5716666666666667 0.02 0.023333333333333334
0 0.8783333333333333 0.5766666666666667 0.023333333333333334 0.023333333333333334
0 0.7533333333333333 0.6366666666666667 0.023333333333333334 0.02666666666666667
0 0.8433333333333334 0.7016666666666667 0.02 0.02666666666666667
0 0.7783333333333333 0.7716666666666666 0.03 0.023333333333333334
0 0.6916666666666667 0.7966666666666666 0.025 0.025
0 0.665 0.8316666666666667 0.02 0.02666666666666667
0 0.6433333333333333 0.85 0.02 0.02
0 0.6983333333333334 0.8683333333333333 0.023333333333333334 0.02666666666666667
0 0.8983333333333333 0.47833333333333333 0.023333333333333334 0.03
0 0.9783333333333334 0.6083333333333333 0.02666666666666667 0.02666666666666667
0 0.8016666666666666 0.75 0.02666666666666667 0.023333333333333334
0 0.7916666666666666 0.6083333333333333 0.02666666666666667 0.02666666666666667
0 0.6766666666666666 0.8066666666666666 0.016666666666666666 0.02
0 0.7433333333333333 0.7366666666666667 0.023333333333333334 0.02
0 0.945 0.585 0.02666666666666667 0.02
0 0.18666666666666668 0.13166666666666665 0.02666666666666667 0.02666666666666667
0 0.041666666666666664 0.31333333333333335 0.02666666666666667 0.03
0 0.195 0.045 0.02666666666666667 0.02666666666666667
0 0.17 0.023333333333333334 0.03 0.03
0 0.45 0.8983333333333333 0.023333333333333334 0.02
0 0.5216666666666666 0.975 0.02 0.02
0 0.545 0.955 0.023333333333333334 0.023333333333333334
0 0.023333333333333334 0.24166666666666667 0.02666666666666667 0.02666666666666667