0 0.9533333333333334 0.2783333333333333 0.023333333333333334 0.023333333333333334
0 0.79 0.4583333333333333 0.023333333333333334 0.02
0 0.7416666666666667 0.415 0.023333333333333334 0.023333333333333334
0 0.8083333333333333 0.47 0.02666666666666667 0.023333333333333334
0 0.6483333333333333 0.47333333333333333 0.023333333333333334 0.02
0 0.9033333333333333 0.46166666666666667 0.03 0.02
0 0.8216666666666667 0.4483333333333333 0.02 0.02
0 0.605 0.36833333333333335 0.02 0.02
0 0.7666666666666667 0.4066666666666667 0.023333333333333334 0.023333333333333334
0 0.9816666666666667 0.17666666666666667 0.02666666666666667 0.02666666666666667
0 0.66 0.37166666666666665 0.023333333333333334 0.023333333333333334
0 0.9183333333333333 0.43666666666666665 0.023333333333333334 0.023333333333333334
0 0.685 0.4716666666666667 0.02 0.02
0 0.5583333333333333 0.4083333333333333 0.016666666666666666 0.02
0 0.57 0.3983333333333333 0.016666666666666666 0.016666666666666666
0 0.6466666666666666 0.3983333333333333 0.023333333333333334 0.02
0 0.5733333333333334 0.22166666666666668 0.02 0.02
0 0.88 0.44666666666666666 0.016666666666666666 0.023333333333333334
0 0.89 0.42833333333333334 0.023333333333333334 0.02
0 0.855 0.4216666666666667 0.016666666666666666 0.02666666666666667
0 0.29 0.12 0.023333333333333334 0.02
0 0.5283333333333333 0.07666666666666666 0.02666666666666667 0.023333333333333334
0 0.335 0.4116666666666667 0.02666666666666667 0.023333333333333334
0 0.17833333333333334 0.20833333333333334 0.02 0.023333333333333334
0 0.16166666666666665 0.07166666666666667 0.023333333333333334 0.02666666666666667
0 0.06333333333333334 0.185 0.02 0.02666666666666667
0 0.3566666666666667 0.06166666666666667 0.03 0.023333333333333334
0 0.08833333333333333 0.13166666666666665 0.02666666666666667 0.023333333333333334
0 0.4816666666666667 0.3883333333333333 0.02666666666666667 0.02666666666666667
0 0.17166666666666666 0.34 0.023333333333333334 0.023333333333333334
0 0.15833333333333333 0.31333333333333335 0.02666666666666667 0.023333333333333334
0 0.18333333333333332 0.11333333333333333 0.03 0.02666666666666667
0 0.2733333333333333 0.185 0.023333333333333334 0.02
0 0.4583333333333333 0.14833333333333334 0.023333333333333334 0.023333333333333334
0 0.3283333333333333 0.27 0.02 0.02
0 0.4033333333333333 0.255 0.023333333333333334 0.023333333333333334
0 0.25166666666666665 0.25333333333333335 0.023333333333333334 0.023333333333333334
0 0.018333333333333333 0.09833333333333333 0.023333333333333334 0.023333333333333334
0 0.05333333333333334 0.265 0.02 0.02
0 0.04 0.22166666666666668 0.023333333333333334 0.023333333333333334
0 0.47 0.015 0.023333333333333334 0.02666666666666667
0 0.47833333333333333 0.041666666666666664 0.023333333333333334 0.02
0 0.31666666666666665 0.05 0.03 0.02
0 0.20333333333333334 0.16666666666666666 0.023333333333333334 0.023333333333333334
0 0.22833333333333333 0.22666666666666666 0.02 0.02
0 0.016666666666666666 0.04 0.02 0.023333333333333334
0 0.355 0.04666666666666667 0.02666666666666667 0.02666666666666667
0 0.7783333333333333 0.5933333333333334 0.023333333333333334 0.023333333333333334
0 0.8216666666666667 0.5466666666666666 0.023333333333333334 0.02666666666666667
0 0.7783333333333333 0.5516666666666666 0.023333333333333334 0.02
0 0.6816666666666666 0.6216666666666667 0.016666666666666666 0.016666666666666666
0 0.5566666666666666 0.5866666666666667 0.02 0.02
0 0.6066666666666667 0.555 0.02666666666666667 0.023333333333333334
0 0.7266666666666667 0.5066666666666667 0.03 0.03
0 0.7816666666666666 0.5 0.02 0.016666666666666666
0 0.8066666666666666 0.5183333333333333 0.02666666666666667 0.03
0 0.7616666666666667 0.5333333333333333 0.02666666666666667 0.02
0 0.5433333333333333 0.9766666666666667 0.023333333333333334 0.023333333333333334
0 0.82 0.515 0.023333333333333334 0.02
0 0.5566666666666666 0.6633333333333333 0.023333333333333334 0.023333333333333334
0 0.7133333333333334 0.5583333333333333 0.023333333333333334 0.023333333333333334
0 0.6016666666666667 0.6183333333333333 0.02666666666666667 0.023333333333333334
0 0.7083333333333334 0.5266666666666666 0.023333333333333334 0.02
0 0.975 0.5716666666666667 0.023333333333333334 0.023333333333333334
0 0.7966666666666666 0.5666666666666667 0.023333333333333334 0.02
0 0.5533333333333333 0.6433333333333333 0.016666666666666666 0.02
0 0.715 0.645 0.02 0.023333333333333334
0 0.7416666666666667 0.5883333333333334 0.023333333333333334 0.02
0 0.6116666666666667 0.8983333333333333 0.02 0.023333333333333334
0 0.66 0.935 0.02 0.023333333333333334
0 0.6866666666666666 0.9383333333333334 0.023333333333333334 0.023333333333333334
0 0.6633333333333333 0.9633333333333334 0.023333333333333334 0.023333333333333334
0 0.16166666666666665 0.8833333333333333 0.02666666666666667 0.02666666666666667
0 0.23666666666666666 0.8566666666666667 0.02 0.02
0 0.25 0.91 0.023333333333333334 0.02
0 0.20166666666666666 0.9266666666666666 0.023333333333333334 0.02666666666666667
0 0.3016666666666667 0.8766666666666667 0.02 0.02
0 0.17833333333333334 0.9283333333333333 0.02666666666666667 0.03
0 0.10833333333333334 0.8483333333333334 0.023333333333333334 0.023333333333333334
0 0.22666666666666666 0.9133333333333333 0.023333333333333334 0.02666666666666667
0 0.38666666666666666 0.9333333333333333 0.02 0.02
0 0.26666666666666666 0.97 0.023333333333333334 0.023333333333333334
0 0.325 0.8866666666666667 0.02 0.023333333333333334
0 0.4816666666666667 0.7083333333333334 0.02666666666666667 0.023333333333333334
0 0.205 0.7866666666666666 0.02 0.02
0 0.4766666666666667 0.5416666666666666 0.023333333333333334 0.023333333333333334
0 0.37833333333333335 0.9583333333333334 0.02 0.02
0 0.21833333333333332 0.8533333333333334 0.02 0.02
0 0.24833333333333332 0.7766666666666666 0.023333333333333334 0.02
0 0.24833333333333332 0.7583333333333333 0.02 0.02
0 0.49666666666666665 0.665 0.016666666666666666 0.02
0 0.11666666666666667 0.8233333333333334 0.023333333333333334 0.023333333333333334
0 0.12666666666666668 0.8666666666666667 0.02 0.02
0 0.26 0.8266666666666667 0.016666666666666666 0.023333333333333334
0 0.27166666666666667 0.8383333333333334 0.016666666666666666 0.016666666666666666
0 0.2833333333333333 0.9116666666666666 0.02 0.02
0 0.3233333333333333 0.865 0.023333333333333334 0.02666666666666667
0 0.5016666666666667 0.9133333333333333 0.02666666666666667 0.02666666666666667
0 0.5316666666666666 0.645 0.023333333333333334 0.023333333333333334
0 0.5133333333333333 0.985 0.02 0.02
0 0.5333333333333333 0.9516666666666667 0.02 0.023333333333333334
0 0.96 0.6833333333333333 0.025 0.03166666666666667
0 0.37833333333333335 0.65 0.021666666666666667 0.023333333333333334