0 0.6983333333333334 0.6633333333333333 0.023333333333333334 0.02
0 0.6783333333333333 0.675 0.02666666666666667 0.023333333333333334
0 0.7866666666666666 0.5333333333333333 0.02 0.023333333333333334
0 0.855 0.9333333333333333 0.021666666666666667 0.028333333333333332
0 0.835 0.9466666666666667 0.03 0.03
0 0.9216666666666666 0.955 0.02666666666666667 0.03
0 0.835 0.595 0.02666666666666667 0.023333333333333334
0 0.6683333333333333 0.8833333333333333 0.023333333333333334 0.03
0 0.6016666666666667 0.9033333333333333 0.023333333333333334 0.023333333333333334
0 0.5066666666666667 0.7683333333333333 0.02666666666666667 0.03
0 0.7116666666666667 0.69 0.023333333333333334 0.023333333333333334
0 0.9466666666666667 0.30833333333333335 0.02666666666666667 0.02666666666666667
0 0.5933333333333334 0.15 0.02666666666666667 0.02666666666666667
0 0.5583333333333333 0.135 0.023333333333333334 0.02666666666666667
0 0.585 0.16833333333333333 0.02666666666666667 0.02666666666666667
0 0.5533333333333333 0.11333333333333333 0.02666666666666667 0.02666666666666667
0 0.5216666666666666 0.98 0.02666666666666667 0.023333333333333334
0 0.8416666666666667 0.5233333333333333 0.021666666666666667 0.021666666666666667
0 0.9 0.9183333333333333 0.021666666666666667 0.025
0 0.9216666666666666 0.9866666666666667 0.03 0.02666666666666667
0 0.7383333333333333 0.68 0.023333333333333334 0.03333333333333333
0 0.9666666666666667 0.155 0.028333333333333332 0.02666666666666667
0 0.5716666666666667 0.45 0.018333333333333333 0.02666666666666667
0 0.71 0.36 0.028333333333333332 0.03
0 0.6666666666666666 0.3416666666666667 0.02666666666666667 0.025
0 0.49 0.8316666666666667 0.03 0.021666666666666667
0 0.8383333333333334 0.8216666666666667 0.02 0.02