0 0.36333333333333334 0.09666666666666666 0.03 0.02666666666666667
0 0.34833333333333333 0.17833333333333334 0.023333333333333334 0.023333333333333334
0 0.47833333333333333 0.39166666666666666 0.03333333333333333 0.03
0 0.4166666666666667 0.041666666666666664 0.02666666666666667 0.03
0 0.4766666666666667 0.10666666666666667 0.03 0.03
0 0.48333333333333334 0.3466666666666667 0.02 0.02
0 0.25666666666666665 0.4666666666666667 0.03 0.02
0 0.32166666666666666 0.37 0.03 0.03
0 0.5016666666666667 0.36333333333333334 0.023333333333333334 0.023333333333333334
0 0.6016666666666667 0.05333333333333334 0.03 0.023333333333333334
0 0.5583333333333333 0.13 0.03 0.023333333333333334
0 0.7183333333333334 0.22833333333333333 0.023333333333333334 0.03
0 0.5916666666666667 0.19166666666666668 0.023333333333333334 0.03
0 0.5466666666666666 0.36833333333333335 0.023333333333333334 0.023333333333333334
0 0.5733333333333334 0.42333333333333334 0.02666666666666667 0.03
0 0.71 0.4 0.03 0.023333333333333334
0 0.7783333333333333 0.4583333333333333 0.023333333333333334 0.02666666666666667
0 0.5533333333333333 0.3016666666666667 0.023333333333333334 0.023333333333333334
0 0.8383333333333334 0.4216666666666667 0.03 0.03
0 0.6483333333333333 0.205 0.02666666666666667 0.02666666666666667
0 0.6 0.16666666666666666 0.02666666666666667 0.023333333333333334
0 0.5566666666666666 0.34833333333333333 0.02666666666666667 0.023333333333333334
0 0.6333333333333333 0.24666666666666667 0.02666666666666667 0.023333333333333334
0 0.28833333333333333 0.505 0.02 0.023333333333333334
0 0.43 0.6816666666666666 0.03 0.02
0 0.4683333333333333 0.7266666666666667 0.03 0.02666666666666667
0 0.29333333333333333 0.8016666666666666 0.03 0.02666666666666667
0 0.30333333333333334 0.7433333333333333 0.02666666666666667 0.03
0 0.39 0.8966666666666666 0.023333333333333334 0.02666666666666667
0 0.3433333333333333 0.785 0.03 0.023333333333333334
0 0.36333333333333334 0.8683333333333333 0.02666666666666667 0.02
0 0.3566666666666667 0.9616666666666667 0.02666666666666667 0.02
0 0.485 0.9583333333333334 0.023333333333333334 0.02
0 0.245 0.9516666666666667 0.02666666666666667 0.023333333333333334
0 0.22833333333333333 0.8966666666666666 0.023333333333333334 0.023333333333333334
0 0.38333333333333336 0.9666666666666667 0.02666666666666667 0.023333333333333334
0 0.17 0.7 0.023333333333333334 0.023333333333333334
0 0.4583333333333333 0.8433333333333334 0.02666666666666667 0.023333333333333334
0 0.44166666666666665 0.7116666666666667 0.02666666666666667 0.02666666666666667
0 0.4166666666666667 0.8333333333333334 0.02666666666666667 0.023333333333333334
0 0.345 0.9233333333333333 0.023333333333333334 0.023333333333333334
0 0.145 0.6233333333333333 0.023333333333333334 0.023333333333333334
0 0.38 0.8016666666666666 0.023333333333333334 0.023333333333333334
0 0.26 0.5 0.025 0.02666666666666667
0 0.5866666666666667 0.5033333333333333 0.03 0.023333333333333334
0 0.6033333333333334 0.48333333333333334 0.03 0.02
0 0.6283333333333333 0.5566666666666666 0.02 0.023333333333333334
0 0.5966666666666667 0.55 0.02666666666666667 0.02
0 0.5733333333333334 0.5783333333333334 0.023333333333333334 0.02666666666666667
0 0.855 0.6316666666666667 0.02666666666666667 0.02666666666666667
0 0.7233333333333334 0.8666666666666667 0.03166666666666667 0.03166666666666667
0 0.8 0.6516666666666666 0.023333333333333334 0.023333333333333334
0 0.8983333333333333 0.5366666666666666 0.02666666666666667 0.02666666666666667
0 0.8233333333333334 0.6316666666666667 0.023333333333333334 0.023333333333333334
0 0.775 0.7566666666666667 0.03 0.03
0 0.7433333333333333 0.9616666666666667 0.028333333333333332 0.03166666666666667
0 0.5433333333333333 0.6666666666666666 0.023333333333333334 0.023333333333333334
0 0.7683333333333333 0.5933333333333334 0.02666666666666667 0.02666666666666667
0 0.4 0.9883333333333333 0.023333333333333334 0.023333333333333334
0 0.7283333333333334 0.2 0.028333333333333332 0.02666666666666667
0 0.4533333333333333 0.605 0.03 0.025
0 0.5133333333333333 0.7433333333333333 0.023333333333333334 0.025