0 0.36666666666666664 0.2833333333333333 0.02 0.02666666666666667
0 0.058333333333333334 0.35833333333333334 0.02666666666666667 0.03
0 0.11333333333333333 0.43 0.023333333333333334 0.023333333333333334
0 0.36 0.4766666666666667 0.023333333333333334 0.023333333333333334
0 0.04666666666666667 0.31833333333333336 0.02666666666666667 0.023333333333333334
0 0.37833333333333335 0.305 0.023333333333333334 0.023333333333333334
0 0.16666666666666666 0.365 0.03 0.023333333333333334
0 0.125 0.4633333333333333 0.02666666666666667 0.03
0 0.33166666666666667 0.3333333333333333 0.02666666666666667 0.02666666666666667
0 0.4683333333333333 0.44666666666666666 0.023333333333333334 0.02666666666666667
0 0.4066666666666667 0.325 0.023333333333333334 0.023333333333333334
0 0.02 0.805 0.023333333333333334 0.02666666666666667
0 0.08833333333333333 0.525 0.023333333333333334 0.03
0 0.20666666666666667 0.635 0.03 0.02666666666666667
0 0.31833333333333336 0.5616666666666666 0.02666666666666667 0.03
0 0.25833333333333336 0.6083333333333333 0.023333333333333334 0.02
0 0.31166666666666665 0.6133333333333333 0.02 0.02
0 0.37166666666666665 0.5716666666666667 0.02 0.02
0 0.415 0.5466666666666666 0.028333333333333332 0.03166666666666667
0 0.415 0.5733333333333334 0.016666666666666666 0.02
0 0.49 0.525 0.02 0.023333333333333334
0 0.25 0.7 0.023333333333333334 0.02
0 0.265 0.7783333333333333 0.02666666666666667 0.023333333333333334
0 0.285 0.745 0.02666666666666667 0.023333333333333334
0 0.32 0.7316666666666667 0.02 0.02
0 0.19333333333333333 0.7666666666666667 0.02666666666666667 0.02
0 0.23166666666666666 0.805 0.02 0.016666666666666666
0 0.18 0.7233333333333334 0.03 0.023333333333333334
0 0.20166666666666666 0.7483333333333333 0.03666666666666667 0.03333333333333333
0 0.22166666666666668 0.7783333333333333 0.023333333333333334 0.02
0 0.22833333333333333 0.7366666666666667 0.023333333333333334 0.02666666666666667
0 0.47333333333333333 0.9183333333333333 0.02666666666666667 0.023333333333333334
0 0.355 0.9716666666666667 0.023333333333333334 0.02
0 0.2966666666666667 0.7083333333333334 0.02666666666666667 0.02666666666666667
0 0.4483333333333333 0.9583333333333334 0.023333333333333334 0.023333333333333334
0 0.43833333333333335 0.9366666666666666 0.023333333333333334 0.023333333333333334
0 0.49166666666666664 0.9416666666666667 0.02666666666666667 0.023333333333333334
0 0.10166666666666667 0.57 0.023333333333333334 0.023333333333333334
0 0.4766666666666667 0.9716666666666667 0.02666666666666667 0.023333333333333334
0 0.3883333333333333 0.9066666666666666 0.02 0.02
0 0.4066666666666667 0.9533333333333334 0.023333333333333334 0.023333333333333334
0 0.38666666666666666 0.945 0.023333333333333334 0.023333333333333334
0 0.31333333333333335 0.6816666666666666 0.023333333333333334 0.023333333333333334
0 0.21166666666666667 0.9866666666666667 0.02666666666666667 0.023333333333333334
0 0.245 0.7266666666666667 0.023333333333333334 0.023333333333333334
0 0.37 0.7666666666666667 0.023333333333333334 0.023333333333333334
0 0.45666666666666667 0.59 0.023333333333333334 0.023333333333333334
0 0.4066666666666667 0.785 0.02666666666666667 0.023333333333333334
0 0.38166666666666665 0.535 0.023333333333333334 0.023333333333333334
0 0.19166666666666668 0.7 0.023333333333333334 0.023333333333333334
0 0.3416666666666667 0.7116666666666667 0.02666666666666667 0.02666666666666667
0 0.42333333333333334 0.9133333333333333 0.023333333333333334 0.023333333333333334
0 0.755 0.345 0.03 0.02666666666666667
0 0.765 0.37666666666666665 0.02666666666666667 0.02
0 0.6283333333333333 0.37333333333333335 0.02666666666666667 0.023333333333333334
0 0.6333333333333333 0.23666666666666666 0.02666666666666667 0.023333333333333334
0 0.6183333333333333 0.635 0.023333333333333334 0.023333333333333334
0 0.55 0.7416666666666667 0.02 0.02666666666666667
0 0.7066666666666667 0.7916666666666666 0.028333333333333332 0.02666666666666667
0 0.5683333333333334 0.8833333333333333 0.023333333333333334 0.02666666666666667
0 0.6766666666666666 0.9 0.023333333333333334 0.02666666666666667
0 0.575 0.83 0.023333333333333334 0.023333333333333334
0 0.73 0.8316666666666667 0.03666666666666667 0.03833333333333333
0 0.6116666666666667 0.8866666666666667 0.03 0.02666666666666667
0 0.6 0.8283333333333334 0.02 0.02
0 0.6183333333333333 0.8283333333333334 0.02 0.02
0 0.71 0.875 0.03166666666666667 0.025
0 0.6666666666666666 0.8216666666666667 0.035 0.02666666666666667
0 0.9 0.6566666666666666 0.02666666666666667 0.02666666666666667
0 0.7683333333333333 0.5933333333333334 0.03 0.02666666666666667
0 0.8766666666666667 0.6533333333333333 0.02666666666666667 0.02666666666666667
0 0.81 0.5033333333333333 0.023333333333333334 0.02
0 0.5266666666666666 0.665 0.03166666666666667 0.03166666666666667
0 0.5316666666666666 0.9233333333333333 0.028333333333333332 0.025
0 0.21333333333333335 0.255 0.03 0.03333333333333333
0 0.04666666666666667 0.5466666666666666 0.028333333333333332 0.02666666666666667
0 0.58 0.9233333333333333 0.03 0.028333333333333332