0 0.7483333333333333 0.03166666666666667 0.02666666666666667 0.023333333333333334
0 0.9316666666666666 0.04666666666666667 0.03 0.023333333333333334
0 0.545 0.17833333333333334 0.023333333333333334 0.03
0 0.7266666666666667 0.15 0.03333333333333333 0.03
0 0.7016666666666667 0.20666666666666667 0.02666666666666667 0.02666666666666667
0 0.6616666666666666 0.305 0.03 0.03
0 0.62 0.29833333333333334 0.028333333333333332 0.02666666666666667
0 0.6766666666666666 0.2683333333333333 0.02 0.02666666666666667
0 0.715 0.315 0.02666666666666667 0.02666666666666667
0 0.7833333333333333 0.42833333333333334 0.03 0.023333333333333334
0 0.6966666666666667 0.46166666666666667 0.03 0.023333333333333334
0 0.7566666666666667 0.4666666666666667 0.03 0.03
0 0.8766666666666667 0.14833333333333334 0.02666666666666667 0.02666666666666667
0 0.9433333333333334 0.15 0.02666666666666667 0.02666666666666667
0 0.9483333333333334 0.2683333333333333 0.03 0.03
0 0.975 0.19833333333333333 0.02666666666666667 0.023333333333333334
0 0.5983333333333334 0.20666666666666667 0.02666666666666667 0.02666666666666667
0 0.7383333333333333 0.205 0.03 0.03
0 0.7383333333333333 0.43666666666666665 0.03 0.03
0 0.7016666666666667 0.27 0.03 0.03
0 0.985 0.255 0.023333333333333334 0.023333333333333334
0 0.9316666666666666 0.09333333333333334 0.02666666666666667 0.02666666666666667
0 0.54 0.31 0.028333333333333332 0.028333333333333332
0 0.985 0.225 0.023333333333333334 0.023333333333333334
0 0.6166666666666667 0.17666666666666667 0.02666666666666667 0.02666666666666667
0 0.91 0.11166666666666666 0.023333333333333334 0.023333333333333334
0 0.9783333333333334 0.31166666666666665 0.03 0.03
0 0.8466666666666667 0.8016666666666666 0.03 0.023333333333333334
0 0.95 0.6366666666666667 0.03 0.02666666666666667
0 0.98 0.6366666666666667 0.023333333333333334 0.02666666666666667
0 0.9166666666666666 0.5533333333333333 0.023333333333333334 0.02
0 0.9166666666666666 0.5783333333333334 0.02666666666666667 0.02
0 0.925 0.61 0.023333333333333334 0.023333333333333334
0 0.9516666666666667 0.59 0.02666666666666667 0.023333333333333334
0 0.9083333333333333 0.6266666666666667 0.03 0.03
0 0.6566666666666666 0.5383333333333333 0.02666666666666667 0.03
0 0.7266666666666667 0.5433333333333333 0.03 0.03
0 0.9083333333333333 0.6866666666666666 0.023333333333333334 0.023333333333333334
0 0.88 0.7416666666666667 0.02666666666666667 0.023333333333333334
0 0.8766666666666667 0.5566666666666666 0.02666666666666667 0.03
0 0.6533333333333333 0.5733333333333334 0.02666666666666667 0.02666666666666667
0 0.7816666666666666 0.7433333333333333 0.021666666666666667 0.023333333333333334
0 0.8466666666666667 0.625 0.03 0.03
0 0.92 0.7666666666666667 0.02666666666666667 0.023333333333333334
0 0.48333333333333334 0.19833333333333333 0.02666666666666667 0.02666666666666667
0 0.4683333333333333 0.275 0.03 0.02666666666666667
0 0.10166666666666667 0.5683333333333334 0.03 0.023333333333333334
0 0.058333333333333334 0.65 0.03 0.03
0 0.22166666666666668 0.75 0.023333333333333334 0.03
0 0.08833333333333333 0.71 0.023333333333333334 0.028333333333333332
0 0.05 0.89 0.023333333333333334 0.023333333333333334
0 0.08 0.9433333333333334 0.02666666666666667 0.03
0 0.20833333333333334 0.9183333333333333 0.02 0.02
0 0.27166666666666667 0.9666666666666667 0.023333333333333334 0.02666666666666667
0 0.055 0.82 0.023333333333333334 0.023333333333333334
0 0.3383333333333333 0.9366666666666666 0.03 0.03
0 0.058333333333333334 0.8683333333333333 0.02666666666666667 0.023333333333333334
0 0.13833333333333334 0.765 0.02666666666666667 0.023333333333333334
0 0.5133333333333333 0.04833333333333333 0.03 0.023333333333333334
0 0.73 0.515 0.03 0.03166666666666667
0 0.025 0.505 0.028333333333333332 0.03166666666666667
0 0.22666666666666666 0.7183333333333334 0.025 0.02666666666666667
0 0.095 0.85 0.025 0.025