0 0.3466666666666667 0.43 0.03 0.03
0 0.19333333333333333 0.68 0.03 0.03
0 0.19833333333333333 0.7616666666666667 0.02666666666666667 0.02666666666666667
0 0.24333333333333335 0.7116666666666667 0.03 0.02666666666666667
0 0.26 0.7433333333333333 0.03 0.02666666666666667
0 0.32 0.7383333333333333 0.02 0.02666666666666667
0 0.165 0.6316666666666667 0.02666666666666667 0.03
0 0.165 0.67 0.02666666666666667 0.02666666666666667
0 0.18 0.8316666666666667 0.03 0.03
0 0.36 0.4083333333333333 0.03 0.03
0 0.695 0.88 0.02666666666666667 0.03
0 0.705 0.8983333333333333 0.03 0.02666666666666667
0 0.7233333333333334 0.9416666666666667 0.02666666666666667 0.03
0 0.8133333333333334 0.5083333333333333 0.03 0.03
0 0.5666666666666667 0.6966666666666667 0.03 0.02666666666666667
0 0.5683333333333334 0.6716666666666666 0.02666666666666667 0.02666666666666667
0 0.765 0.5633333333333334 0.02666666666666667 0.02666666666666667