0 0.5516666666666666 0.7116666666666667 0.03333333333333333 0.03
0 0.5383333333333333 0.7283333333333334 0.023333333333333334 0.02
0 0.5016666666666667 0.73 0.023333333333333334 0.02666666666666667
0 0.425 0.6833333333333333 0.03 0.023333333333333334
0 0.4266666666666667 0.7483333333333333 0.02666666666666667 0.03
0 0.6233333333333333 0.7766666666666666 0.03 0.02
0 0.5616666666666666 0.7666666666666667 0.03 0.03
0 0.5716666666666667 0.8233333333333334 0.03333333333333333 0.02666666666666667
0 0.47833333333333333 0.8316666666666667 0.03 0.02
0 0.485 0.7816666666666666 0.03 0.02
0 0.38 0.7716666666666666 0.023333333333333334 0.02
0 0.39666666666666667 0.7866666666666666 0.02 0.02
0 0.37666666666666665 0.8783333333333333 0.03 0.023333333333333334
0 0.33666666666666667 0.7816666666666666 0.03 0.023333333333333334
0 0.31666666666666665 0.945 0.02666666666666667 0.023333333333333334
0 0.4266666666666667 0.785 0.03 0.02
0 0.525 0.7816666666666666 0.02666666666666667 0.02
0 0.405 0.86 0.02 0.02
0 0.3333333333333333 0.9733333333333334 0.02666666666666667 0.023333333333333334
0 0.33666666666666667 0.9383333333333334 0.02 0.023333333333333334
0 0.4716666666666667 0.8783333333333333 0.02666666666666667 0.02
0 0.4683333333333333 0.8633333333333333 0.03 0.02
0 0.585 0.6733333333333333 0.023333333333333334 0.02666666666666667
0 0.635 0.8016666666666666 0.03 0.02666666666666667
0 0.4866666666666667 0.9416666666666667 0.02666666666666667 0.02666666666666667
0 0.615 0.9066666666666666 0.03 0.02666666666666667
0 0.19833333333333333 0.57 0.03 0.03
0 0.30666666666666664 0.655 0.02666666666666667 0.02666666666666667
0 0.04666666666666667 0.5933333333333334 0.03 0.021666666666666667
0 0.3983333333333333 0.7183333333333334 0.023333333333333334 0.02
0 0.4216666666666667 0.08666666666666667 0.02666666666666667 0.02666666666666667
0 0.06 0.41333333333333333 0.02666666666666667 0.023333333333333334
0 0.03333333333333333 0.385 0.021666666666666667 0.023333333333333334
0 0.2966666666666667 0.02666666666666667 0.03 0.02666666666666667
0 0.2683333333333333 0.38666666666666666 0.02666666666666667 0.02666666666666667
0 0.041666666666666664 0.12333333333333334 0.03 0.03
0 0.18333333333333332 0.16666666666666666 0.02666666666666667 0.02666666666666667
0 0.205 0.5116666666666667 0.023333333333333334 0.02666666666666667
0 0.22166666666666668 0.49166666666666664 0.028333333333333332 0.028333333333333332
0 0.11666666666666667 0.5083333333333333 0.03 0.02666666666666667