0 0.041666666666666664 0.19 0.03 0.03
0 0.14333333333333334 0.36333333333333334 0.023333333333333334 0.028333333333333332
0 0.17333333333333334 0.305 0.02666666666666667 0.023333333333333334
0 0.18333333333333332 0.2683333333333333 0.023333333333333334 0.028333333333333332
0 0.25333333333333335 0.18333333333333332 0.023333333333333334 0.02666666666666667
0 0.43333333333333335 0.84 0.03 0.023333333333333334
0 0.31333333333333335 0.18166666666666667 0.023333333333333334 0.023333333333333334
0 0.355 0.7633333333333333 0.023333333333333334 0.023333333333333334
0 0.26666666666666666 0.155 0.02666666666666667 0.02666666666666667
0 0.4216666666666667 0.056666666666666664 0.02666666666666667 0.02666666666666667
0 0.3566666666666667 0.6266666666666667 0.02666666666666667 0.02666666666666667
0 0.4483333333333333 0.7416666666666667 0.03 0.02666666666666667
0 0.43833333333333335 0.2916666666666667 0.02666666666666667 0.03
0 0.06666666666666667 0.155 0.023333333333333334 0.02666666666666667
0 0.09333333333333334 0.01 0.023333333333333334 0.02
0 0.12166666666666667 0.08166666666666667 0.02666666666666667 0.023333333333333334
0 0.07666666666666666 0.01 0.023333333333333334 0.02
0 0.3 0.6816666666666666 0.03 0.023333333333333334
0 0.10833333333333334 0.03166666666666667 0.02 0.023333333333333334
0 0.12 0.10666666666666667 0.023333333333333334 0.023333333333333334
0 0.07666666666666666 0.17666666666666667 0.02 0.023333333333333334
0 0.09666666666666666 0.175 0.02 0.02666666666666667
0 0.5283333333333333 0.34833333333333333 0.02666666666666667 0.02666666666666667
0 0.745 0.24333333333333335 0.02666666666666667 0.02666666666666667
0 0.7666666666666667 0.33 0.023333333333333334 0.023333333333333334
0 0.7016666666666667 0.395 0.023333333333333334 0.02666666666666667
0 0.5983333333333334 0.7666666666666667 0.023333333333333334 0.023333333333333334
0 0.8283333333333334 0.6716666666666666 0.023333333333333334 0.023333333333333334
0 0.9783333333333334 0.36333333333333334 0.02666666666666667 0.02666666666666667
0 0.8516666666666667 0.7266666666666667 0.02 0.023333333333333334
0 0.23333333333333334 0.215 0.023333333333333334 0.025
0 0.6433333333333333 0.24166666666666667 0.023333333333333334 0.028333333333333332
0 0.6633333333333333 0.22166666666666668 0.02666666666666667 0.028333333333333332
0 0.6383333333333333 0.27166666666666667 0.02666666666666667 0.03