0 0.6316666666666667 0.57 0.02666666666666667 0.02666666666666667
0 0.5583333333333333 0.575 0.03333333333333333 0.03
0 0.5866666666666667 0.6116666666666667 0.03 0.03
0 0.7566666666666667 0.57 0.023333333333333334 0.02666666666666667
0 0.72 0.6433333333333333 0.02666666666666667 0.02666666666666667
0 0.7816666666666666 0.6466666666666666 0.03 0.03
0 0.7333333333333333 0.6833333333333333 0.02666666666666667 0.028333333333333332
0 0.7816666666666666 0.7016666666666667 0.03 0.023333333333333334
0 0.7316666666666667 0.7083333333333334 0.03 0.023333333333333334
0 0.9633333333333334 0.805 0.02666666666666667 0.03
0 0.725 0.965 0.03 0.02666666666666667
0 0.8683333333333333 0.8466666666666667 0.023333333333333334 0.023333333333333334
0 0.6766666666666666 0.5666666666666667 0.023333333333333334 0.023333333333333334
0 0.94 0.9183333333333333 0.02666666666666667 0.02666666666666667
0 0.705 0.8233333333333334 0.023333333333333334 0.023333333333333334
0 0.7933333333333333 0.8666666666666667 0.02666666666666667 0.02
0 0.6883333333333334 0.7483333333333333 0.025 0.03
0 0.6733333333333333 0.8433333333333334 0.023333333333333334 0.023333333333333334
0 0.82 0.93 0.023333333333333334 0.023333333333333334
0 0.8116666666666666 0.9033333333333333 0.02 0.02
0 0.7933333333333333 0.8816666666666667 0.023333333333333334 0.023333333333333334
0 0.75 0.6633333333333333 0.023333333333333334 0.02
0 0.7016666666666667 0.5266666666666666 0.02 0.02666666666666667
0 0.7683333333333333 0.7283333333333334 0.03 0.02
0 0.8883333333333333 0.8616666666666667 0.023333333333333334 0.016666666666666666
0 0.7066666666666667 0.12333333333333334 0.02666666666666667 0.02
0 0.7466666666666667 0.29 0.02666666666666667 0.02666666666666667
0 0.57 0.08333333333333333 0.02666666666666667 0.023333333333333334
0 0.5566666666666666 0.24166666666666667 0.023333333333333334 0.02
0 0.5733333333333334 0.3233333333333333 0.02666666666666667 0.023333333333333334
0 0.6283333333333333 0.31833333333333336 0.023333333333333334 0.02
0 0.715 0.42833333333333334 0.03 0.02666666666666667
0 0.9833333333333333 0.01 0.03 0.02
0 0.7233333333333334 0.24666666666666667 0.02666666666666667 0.02666666666666667
0 0.5733333333333334 0.13 0.02666666666666667 0.02666666666666667
0 0.6216666666666667 0.19333333333333333 0.023333333333333334 0.023333333333333334
0 0.6783333333333333 0.42333333333333334 0.023333333333333334 0.023333333333333334
0 0.9116666666666666 0.47833333333333333 0.03 0.023333333333333334
0 0.62 0.30333333333333334 0.02 0.023333333333333334
0 0.7916666666666666 0.13333333333333333 0.023333333333333334 0.02666666666666667
0 0.9866666666666667 0.12166666666666667 0.023333333333333334 0.02666666666666667
0 0.3883333333333333 0.041666666666666664 0.023333333333333334 0.023333333333333334
0 0.345 0.4116666666666667 0.03 0.03
0 0.4116666666666667 0.37666666666666665 0.023333333333333334 0.023333333333333334
0 0.26166666666666666 0.058333333333333334 0.023333333333333334 0.02666666666666667
0 0.5083333333333333 0.185 0.02 0.023333333333333334
0 0.33 0.15666666666666668 0.02666666666666667 0.023333333333333334
0 0.31333333333333335 0.28833333333333333 0.023333333333333334 0.02
0 0.2783333333333333 0.03333333333333333 0.02666666666666667 0.02666666666666667
0 0.04 0.25833333333333336 0.03333333333333333 0.03666666666666667
0 0.115 0.32 0.03333333333333333 0.035
0 0.17166666666666666 0.125 0.02666666666666667 0.02666666666666667
0 0.36833333333333335 0.24166666666666667 0.02666666666666667 0.023333333333333334
0 0.44166666666666665 0.38666666666666666 0.02666666666666667 0.02666666666666667
0 0.4533333333333333 0.2966666666666667 0.023333333333333334 0.023333333333333334
0 0.4816666666666667 0.2866666666666667 0.023333333333333334 0.023333333333333334
0 0.49833333333333335 0.2966666666666667 0.02666666666666667 0.023333333333333334
0 0.5016666666666667 0.24666666666666667 0.023333333333333334 0.023333333333333334
0 0.425 0.22666666666666666 0.023333333333333334 0.02
0 0.4216666666666667 0.18166666666666667 0.023333333333333334 0.02666666666666667
0 0.45666666666666667 0.18333333333333332 0.023333333333333334 0.023333333333333334
0 0.5016666666666667 0.34833333333333333 0.02666666666666667 0.02666666666666667
0 0.4483333333333333 0.31833333333333336 0.023333333333333334 0.02666666666666667
0 0.3983333333333333 0.26 0.023333333333333334 0.023333333333333334
0 0.29833333333333334 0.225 0.02 0.023333333333333334
0 0.6533333333333333 0.011666666666666667 0.02666666666666667 0.023333333333333334
0 0.16333333333333333 0.3566666666666667 0.03 0.028333333333333332
0 0.4633333333333333 0.35833333333333334 0.02666666666666667 0.028333333333333332
0 0.7466666666666667 0.8066666666666666 0.02666666666666667 0.028333333333333332