0 0.5 0.945 0.03 0.023333333333333334
0 0.31666666666666665 0.5716666666666667 0.02666666666666667 0.02666666666666667
0 0.33166666666666667 0.07333333333333333 0.023333333333333334 0.025
0 0.9633333333333334 0.10666666666666667 0.03 0.02666666666666667
0 0.84 0.4766666666666667 0.03 0.02666666666666667
0 0.825 0.79 0.023333333333333334 0.023333333333333334
0 0.805 0.7833333333333333 0.023333333333333334 0.03
0 0.9366666666666666 0.8233333333333334 0.03 0.03
0 0.9683333333333334 0.7833333333333333 0.02 0.023333333333333334
0 0.7866666666666666 0.8216666666666667 0.03 0.03
0 0.33666666666666667 0.12333333333333334 0.023333333333333334 0.023333333333333334
0 0.8466666666666667 0.5066666666666667 0.028333333333333332 0.025