0 0.9633333333333334 0.5666666666666667 0.03 0.03
0 0.825 0.19333333333333333 0.03 0.02666666666666667
0 0.7333333333333333 0.055 0.03 0.03
0 0.9466666666666667 0.17833333333333334 0.03 0.02666666666666667
0 0.975 0.22166666666666668 0.02666666666666667 0.02666666666666667
0 0.9383333333333334 0.14333333333333334 0.03 0.02666666666666667
0 0.7866666666666666 0.25666666666666665 0.03 0.02666666666666667
0 0.041666666666666664 0.32166666666666666 0.03333333333333333 0.02666666666666667
0 0.7166666666666667 0.19 0.03333333333333333 0.03
0 0.8033333333333333 0.2966666666666667 0.028333333333333332 0.02666666666666667
0 0.7683333333333333 0.46166666666666667 0.023333333333333334 0.023333333333333334