0 0.93 0.8666666666666667 0.03166666666666667 0.028333333333333332
0 0.92 0.7966666666666666 0.02666666666666667 0.025
0 0.9716666666666667 0.8616666666666667 0.03 0.03
0 0.8816666666666667 0.9566666666666667 0.02666666666666667 0.02666666666666667
0 0.9616666666666667 0.9433333333333334 0.023333333333333334 0.023333333333333334
0 0.9183333333333333 0.7716666666666666 0.03 0.02666666666666667
0 0.095 0.9416666666666667 0.02666666666666667 0.02
0 0.08833333333333333 0.8966666666666666 0.023333333333333334 0.02666666666666667
0 0.09666666666666666 0.8166666666666667 0.03 0.03
0 0.12666666666666668 0.8733333333333333 0.023333333333333334 0.02
0 0.26166666666666666 0.9666666666666667 0.03 0.028333333333333332
0 0.36666666666666664 0.8866666666666667 0.03 0.03
0 0.3233333333333333 0.9183333333333333 0.028333333333333332 0.03
0 0.365 0.9383333333333334 0.02666666666666667 0.02
0 0.38 0.985 0.02666666666666667 0.03
0 0.36333333333333334 0.7533333333333333 0.03 0.03
0 0.38666666666666666 0.76 0.03 0.023333333333333334
0 0.4116666666666667 0.74 0.03 0.023333333333333334
0 0.37666666666666665 0.715 0.023333333333333334 0.02666666666666667
0 0.43 0.6683333333333333 0.025 0.025
0 0.31166666666666665 0.7133333333333334 0.023333333333333334 0.02666666666666667
0 0.125 0.765 0.025 0.03
0 0.47833333333333333 0.635 0.02666666666666667 0.03
0 0.485 0.66 0.025 0.025
0 0.27166666666666667 0.805 0.02666666666666667 0.02666666666666667
0 0.165 0.81 0.028333333333333332 0.03166666666666667
0 0.08333333333333333 0.9216666666666666 0.023333333333333334 0.023333333333333334
0 0.43 0.5883333333333334 0.023333333333333334 0.023333333333333334
0 0.14 0.8483333333333334 0.023333333333333334 0.023333333333333334
0 0.18333333333333332 0.745 0.023333333333333334 0.02666666666666667
0 0.9383333333333334 0.45166666666666666 0.02666666666666667 0.03
0 0.8933333333333333 0.83 0.03333333333333333 0.03