0 0.325 0.26666666666666666 0.025 0.02666666666666667
0 0.028333333333333332 0.385 0.03 0.02666666666666667
0 0.14666666666666667 0.11833333333333333 0.03666666666666667 0.02666666666666667
0 0.25666666666666665 0.4166666666666667 0.02 0.02
0 0.4816666666666667 0.07333333333333333 0.03666666666666667 0.03666666666666667
0 0.6616666666666666 0.3416666666666667 0.028333333333333332 0.03
0 0.22666666666666666 0.7683333333333333 0.03 0.02
0 0.4483333333333333 0.9333333333333333 0.03333333333333333 0.03
0 0.535 0.17833333333333334 0.023333333333333334 0.021666666666666667
0 0.315 0.37833333333333335 0.025 0.023333333333333334
0 0.42833333333333334 0.058333333333333334 0.02666666666666667 0.03166666666666667
0 0.3883333333333333 0.08 0.03166666666666667 0.02666666666666667
0 0.6733333333333333 0.08833333333333333 0.03166666666666667 0.03
0 0.5433333333333333 0.07 0.025 0.025