0 0.051666666666666666 0.21166666666666667 0.02 0.023333333333333334
0 0.011666666666666667 0.23833333333333334 0.023333333333333334 0.02
0 0.465 0.21333333333333335 0.02 0.02
0 0.4266666666666667 0.25166666666666665 0.023333333333333334 0.023333333333333334
0 0.013333333333333334 0.07666666666666666 0.02666666666666667 0.03333333333333333
0 0.06666666666666667 0.17166666666666666 0.02 0.02
0 0.32 0.08166666666666667 0.023333333333333334 0.023333333333333334
0 0.48833333333333334 0.15166666666666667 0.02 0.02
0 0.47833333333333333 0.2633333333333333 0.02 0.02
0 0.013333333333333334 0.021666666666666667 0.02666666666666667 0.02666666666666667
0 0.49166666666666664 0.17833333333333334 0.025 0.02666666666666667
0 0.5316666666666666 0.11833333333333333 0.023333333333333334 0.03
0 0.595 0.185 0.03 0.025
0 0.013333333333333334 0.43666666666666665 0.025 0.03
0 0.06666666666666667 0.42333333333333334 0.021666666666666667 0.021666666666666667
0 0.23833333333333334 0.22333333333333333 0.021666666666666667 0.025
0 0.07333333333333333 0.09333333333333334 0.02 0.02666666666666667
0 0.35833333333333334 0.09666666666666666 0.021666666666666667 0.023333333333333334