0 0.10166666666666667 0.32666666666666666 0.025 0.02666666666666667
0 0.03833333333333333 0.4533333333333333 0.02666666666666667 0.023333333333333334
0 0.07 0.49333333333333335 0.02666666666666667 0.02666666666666667
0 0.4216666666666667 0.42333333333333334 0.02666666666666667 0.02
0 0.14666666666666667 0.04666666666666667 0.02666666666666667 0.03
0 0.38333333333333336 0.06 0.03 0.02666666666666667
0 0.44166666666666665 0.4166666666666667 0.03 0.02666666666666667
0 0.38666666666666666 0.14666666666666667 0.02666666666666667 0.02666666666666667
0 0.97 0.19833333333333333 0.02666666666666667 0.03
0 0.9816666666666667 0.14666666666666667 0.03333333333333333 0.03
0 0.32666666666666666 0.205 0.023333333333333334 0.023333333333333334
0 0.05 0.09833333333333333 0.02666666666666667 0.02666666666666667
0 0.03333333333333333 0.6283333333333333 0.03166666666666667 0.03166666666666667
0 0.10166666666666667 0.655 0.03 0.03