0 0.205 0.6416666666666667 0.03 0.03
0 0.165 0.6083333333333333 0.02666666666666667 0.02666666666666667
0 0.12833333333333333 0.5666666666666667 0.02666666666666667 0.03
0 0.29333333333333333 0.835 0.02666666666666667 0.023333333333333334
0 0.13333333333333333 0.5333333333333333 0.03 0.03
0 0.18166666666666667 0.5233333333333333 0.03 0.02666666666666667
0 0.185 0.6733333333333333 0.02666666666666667 0.02666666666666667
0 0.18833333333333332 0.5966666666666667 0.02666666666666667 0.023333333333333334
0 0.8833333333333333 0.4066666666666667 0.02666666666666667 0.03
0 0.91 0.3466666666666667 0.03 0.03333333333333333
0 0.8433333333333334 0.36666666666666664 0.02666666666666667 0.02
0 0.7233333333333334 0.25833333333333336 0.02666666666666667 0.02666666666666667
0 0.71 0.23833333333333334 0.023333333333333334 0.02666666666666667
0 0.9533333333333334 0.4166666666666667 0.02666666666666667 0.03
0 0.925 0.29 0.02666666666666667 0.02666666666666667
0 0.645 0.03666666666666667 0.023333333333333334 0.02666666666666667
0 0.9066666666666666 0.385 0.023333333333333334 0.02
0 0.65 0.12 0.02 0.02
0 0.9083333333333333 0.4633333333333333 0.02 0.023333333333333334
0 0.86 0.10833333333333334 0.02 0.03
0 0.9283333333333333 0.25666666666666665 0.02 0.023333333333333334
0 0.8716666666666667 0.35833333333333334 0.02 0.02666666666666667
0 0.85 0.4866666666666667 0.023333333333333334 0.016666666666666666
0 0.9733333333333334 0.19166666666666668 0.02 0.023333333333333334
0 0.5433333333333333 0.15166666666666667 0.023333333333333334 0.023333333333333334
0 0.8133333333333334 0.19 0.02666666666666667 0.023333333333333334
0 0.5483333333333333 0.105 0.023333333333333334 0.023333333333333334
0 0.8716666666666667 0.2916666666666667 0.023333333333333334 0.02666666666666667
0 0.815 0.16833333333333333 0.023333333333333334 0.02666666666666667
0 0.05333333333333334 0.40166666666666667 0.02666666666666667 0.02
0 0.041666666666666664 0.19666666666666666 0.03 0.023333333333333334
0 0.07333333333333333 0.48333333333333334 0.02666666666666667 0.02666666666666667
0 0.12333333333333334 0.4816666666666667 0.03 0.03
0 0.15166666666666667 0.48333333333333334 0.03 0.023333333333333334
0 0.275 0.195 0.028333333333333332 0.023333333333333334
0 0.27 0.09666666666666666 0.023333333333333334 0.023333333333333334
0 0.02666666666666667 0.21833333333333332 0.02666666666666667 0.02666666666666667
0 0.245 0.14333333333333334 0.02 0.023333333333333334
0 0.43 0.14833333333333334 0.023333333333333334 0.02666666666666667
0 0.44666666666666666 0.14333333333333334 0.02666666666666667 0.02
0 0.9783333333333334 0.61 0.02 0.02666666666666667
0 0.8516666666666667 0.5866666666666667 0.02666666666666667 0.02666666666666667
0 0.8616666666666667 0.5566666666666666 0.02666666666666667 0.02666666666666667
0 0.9683333333333334 0.5716666666666667 0.02666666666666667 0.02666666666666667
0 0.016666666666666666 0.24333333333333335 0.023333333333333334 0.02666666666666667
0 0.8233333333333334 0.255 0.021666666666666667 0.03
0 0.9883333333333333 0.4766666666666667 0.023333333333333334 0.025