0 0.7233333333333334 0.33666666666666667 0.02666666666666667 0.03333333333333333
0 0.6383333333333333 0.4683333333333333 0.03 0.03
0 0.7883333333333333 0.3983333333333333 0.023333333333333334 0.02666666666666667
0 0.5816666666666667 0.22166666666666668 0.02666666666666667 0.02666666666666667
0 0.6933333333333334 0.26 0.02666666666666667 0.02666666666666667
0 0.6583333333333333 0.16833333333333333 0.02666666666666667 0.02666666666666667
0 0.5966666666666667 0.8083333333333333 0.02666666666666667 0.02666666666666667
0 0.9233333333333333 0.5866666666666667 0.02666666666666667 0.023333333333333334
0 0.8783333333333333 0.7916666666666666 0.03 0.03
0 0.945 0.875 0.02666666666666667 0.02666666666666667
0 0.7983333333333333 0.7483333333333333 0.03 0.02666666666666667
0 0.9716666666666667 0.8983333333333333 0.021666666666666667 0.023333333333333334
0 0.9033333333333333 0.645 0.028333333333333332 0.03333333333333333
0 0.6316666666666667 0.8866666666666667 0.02666666666666667 0.02666666666666667
0 0.645 0.6083333333333333 0.03 0.03
0 0.07333333333333333 0.7616666666666667 0.03166666666666667 0.028333333333333332