0 0.42833333333333334 0.4216666666666667 0.02666666666666667 0.023333333333333334
0 0.29 0.24833333333333332 0.03 0.03333333333333333
0 0.4083333333333333 0.3 0.03 0.03
0 0.355 0.2916666666666667 0.023333333333333334 0.023333333333333334
0 0.38 0.37 0.023333333333333334 0.023333333333333334
0 0.42833333333333334 0.37333333333333335 0.023333333333333334 0.023333333333333334
0 0.43333333333333335 0.18333333333333332 0.023333333333333334 0.023333333333333334
0 0.31833333333333336 0.37666666666666665 0.023333333333333334 0.023333333333333334
0 0.305 0.3516666666666667 0.02666666666666667 0.02666666666666667
0 0.805 0.08333333333333333 0.025 0.02666666666666667
0 0.8666666666666667 0.355 0.02666666666666667 0.03
0 0.8666666666666667 0.4033333333333333 0.02666666666666667 0.02666666666666667
0 0.6566666666666666 0.4266666666666667 0.023333333333333334 0.02666666666666667
0 0.7033333333333334 0.41833333333333333 0.02666666666666667 0.023333333333333334
0 0.7233333333333334 0.43 0.02666666666666667 0.02
0 0.7 0.39 0.02666666666666667 0.02
0 0.5816666666666667 0.375 0.02666666666666667 0.03166666666666667
0 0.8316666666666667 0.38 0.021666666666666667 0.025
0 0.8133333333333334 0.18333333333333332 0.03 0.02666666666666667
0 0.89 0.12666666666666668 0.02666666666666667 0.02666666666666667
0 0.9466666666666667 0.15166666666666667 0.03 0.03
0 0.5616666666666666 0.26666666666666666 0.02666666666666667 0.023333333333333334
0 0.8816666666666667 0.14666666666666667 0.02666666666666667 0.02666666666666667
0 0.63 0.3933333333333333 0.02666666666666667 0.02666666666666667
0 0.8083333333333333 0.03333333333333333 0.02666666666666667 0.02666666666666667
0 0.43166666666666664 0.56 0.028333333333333332 0.03166666666666667
0 0.7066666666666667 0.6166666666666667 0.02 0.02
0 0.6483333333333333 0.7183333333333334 0.03333333333333333 0.03
0 0.7 0.69 0.03 0.03
0 0.5883333333333334 0.78 0.03166666666666667 0.03666666666666667
0 0.8133333333333334 0.9116666666666666 0.03 0.023333333333333334
0 0.7683333333333333 0.9233333333333333 0.03 0.02666666666666667
0 0.6966666666666667 0.7433333333333333 0.023333333333333334 0.023333333333333334
0 0.65 0.785 0.03 0.03166666666666667
0 0.6933333333333334 0.79 0.03 0.03
0 0.2633333333333333 0.9816666666666667 0.02 0.02666666666666667
0 0.8566666666666667 0.7433333333333333 0.023333333333333334 0.023333333333333334
0 0.7566666666666667 0.695 0.02666666666666667 0.02666666666666667
0 0.7716666666666666 0.7316666666666667 0.03 0.028333333333333332
0 0.7983333333333333 0.75 0.02666666666666667 0.02666666666666667
0 0.4116666666666667 0.95 0.023333333333333334 0.023333333333333334
0 0.42 0.5983333333333334 0.02666666666666667 0.023333333333333334
0 0.7433333333333333 0.7716666666666666 0.035 0.035
0 0.8783333333333333 0.9 0.02666666666666667 0.02666666666666667
0 0.8383333333333334 0.96 0.023333333333333334 0.023333333333333334
0 0.85 0.8466666666666667 0.02666666666666667 0.02666666666666667
0 0.4533333333333333 0.5116666666666667 0.03 0.03
0 0.8916666666666667 0.95 0.02666666666666667 0.02666666666666667
0 0.7166666666666667 0.6616666666666666 0.02666666666666667 0.02666666666666667
0 0.7716666666666666 0.955 0.02666666666666667 0.02666666666666667
0 0.8916666666666667 0.9333333333333333 0.02666666666666667 0.03
0 0.8083333333333333 0.8266666666666667 0.023333333333333334 0.023333333333333334
0 0.5433333333333333 0.6516666666666666 0.03 0.03
0 0.6016666666666667 0.6916666666666667 0.02666666666666667 0.02666666666666667
0 0.7983333333333333 0.49666666666666665 0.03 0.03666666666666667
0 0.61 0.23666666666666666 0.03333333333333333 0.03166666666666667
0 0.9883333333333333 0.24333333333333335 0.023333333333333334 0.03333333333333333