0 0.595 0.4266666666666667 0.02666666666666667 0.02
0 0.5883333333333334 0.38166666666666665 0.023333333333333334 0.02666666666666667
0 0.5966666666666667 0.3016666666666667 0.03 0.03
0 0.5483333333333333 0.3333333333333333 0.023333333333333334 0.02
0 0.5516666666666666 0.35333333333333333 0.023333333333333334 0.02
0 0.5983333333333334 0.3616666666666667 0.03 0.02
0 0.6266666666666667 0.35333333333333333 0.023333333333333334 0.02
0 0.7583333333333333 0.45166666666666666 0.03 0.03666666666666667
0 0.8616666666666667 0.36666666666666664 0.03 0.03
0 0.8166666666666667 0.3983333333333333 0.03333333333333333 0.023333333333333334
0 0.86 0.41833333333333333 0.02666666666666667 0.02
0 0.8783333333333333 0.4683333333333333 0.03 0.02
0 0.9233333333333333 0.47833333333333333 0.02666666666666667 0.02
0 0.86 0.235 0.02666666666666667 0.023333333333333334
0 0.8866666666666667 0.245 0.03 0.023333333333333334
0 0.9116666666666666 0.225 0.03 0.023333333333333334
0 0.8733333333333333 0.195 0.023333333333333334 0.02666666666666667
0 0.9316666666666666 0.15166666666666667 0.023333333333333334 0.023333333333333334
0 0.8116666666666666 0.19666666666666666 0.023333333333333334 0.02666666666666667
0 0.6216666666666667 0.24833333333333332 0.02666666666666667 0.02
0 0.9783333333333334 0.11166666666666666 0.023333333333333334 0.025
0 0.985 0.145 0.03 0.02666666666666667
0 0.7716666666666666 0.2916666666666667 0.02666666666666667 0.02666666666666667
0 0.6666666666666666 0.2966666666666667 0.028333333333333332 0.025
0 0.7916666666666666 0.2816666666666667 0.021666666666666667 0.025
0 0.585 0.4066666666666667 0.023333333333333334 0.023333333333333334
0 0.93 0.07333333333333333 0.023333333333333334 0.023333333333333334
0 0.64 0.3333333333333333 0.023333333333333334 0.023333333333333334
0 0.9033333333333333 0.145 0.028333333333333332 0.03
0 0.6783333333333333 0.22333333333333333 0.023333333333333334 0.03
0 0.625 0.31166666666666665 0.02666666666666667 0.02666666666666667
0 0.6433333333333333 0.27166666666666667 0.02666666666666667 0.023333333333333334
0 0.6433333333333333 0.23333333333333334 0.02 0.03
0 0.5616666666666666 0.5633333333333334 0.025 0.018333333333333333
0 0.5583333333333333 0.6216666666666667 0.023333333333333334 0.02
0 0.5766666666666667 0.525 0.02666666666666667 0.02
0 0.58 0.54 0.02666666666666667 0.02
0 0.6183333333333333 0.535 0.025 0.02
0 0.7266666666666667 0.9633333333333334 0.03 0.02
0 0.7166666666666667 0.7633333333333333 0.028333333333333332 0.025
0 0.6683333333333333 0.77 0.02666666666666667 0.03
0 0.6566666666666666 0.7116666666666667 0.02666666666666667 0.023333333333333334
0 0.6883333333333334 0.6033333333333334 0.03 0.02
0 0.735 0.6233333333333333 0.028333333333333332 0.028333333333333332
0 0.7433333333333333 0.8833333333333333 0.03 0.03
0 0.9433333333333334 0.9216666666666666 0.03 0.03
0 0.9783333333333334 0.6366666666666667 0.021666666666666667 0.02666666666666667
0 0.98 0.9633333333333334 0.023333333333333334 0.023333333333333334
0 0.6816666666666666 0.8233333333333334 0.023333333333333334 0.023333333333333334
0 0.6983333333333334 0.655 0.02 0.02
0 0.9683333333333334 0.9533333333333334 0.023333333333333334 0.023333333333333334
0 0.8 0.5333333333333333 0.02666666666666667 0.023333333333333334
0 0.17666666666666667 0.16166666666666665 0.02666666666666667 0.023333333333333334
0 0.2916666666666667 0.145 0.02 0.023333333333333334
0 0.175 0.23166666666666666 0.02 0.023333333333333334
0 0.27666666666666667 0.285 0.023333333333333334 0.023333333333333334
0 0.33 0.31 0.02 0.023333333333333334
0 0.36833333333333335 0.35833333333333334 0.02666666666666667 0.023333333333333334
0 0.25166666666666665 0.4266666666666667 0.02666666666666667 0.02666666666666667
0 0.03833333333333333 0.09166666666666666 0.02666666666666667 0.02666666666666667
0 0.03833333333333333 0.27166666666666667 0.03 0.03
0 0.09666666666666666 0.21666666666666667 0.023333333333333334 0.023333333333333334
0 0.22 0.07333333333333333 0.02 0.02
0 0.4033333333333333 0.36333333333333334 0.023333333333333334 0.023333333333333334
0 0.5016666666666667 0.6266666666666667 0.02666666666666667 0.02666666666666667
0 0.36666666666666664 0.55 0.023333333333333334 0.021666666666666667
0 0.545 0.6416666666666667 0.03666666666666667 0.02
0 0.48 0.6083333333333333 0.02666666666666667 0.023333333333333334
0 0.49666666666666665 0.73 0.03 0.023333333333333334
0 0.5066666666666667 0.775 0.02666666666666667 0.023333333333333334
0 0.4716666666666667 0.8166666666666667 0.023333333333333334 0.03
0 0.49166666666666664 0.8083333333333333 0.023333333333333334 0.03
0 0.5266666666666666 0.8116666666666666 0.023333333333333334 0.023333333333333334
0 0.9866666666666667 0.4766666666666667 0.025 0.03333333333333333
0 0.5016666666666667 0.575 0.02666666666666667 0.021666666666666667
0 0.47333333333333333 0.5783333333333334 0.025 0.023333333333333334
0 0.49333333333333335 0.8783333333333333 0.025 0.028333333333333332
0 0.3383333333333333 0.051666666666666666 0.02666666666666667 0.028333333333333332