0 0.058333333333333334 0.965 0.023333333333333334 0.023333333333333334
0 0.6083333333333333 0.38166666666666665 0.023333333333333334 0.023333333333333334
0 0.48333333333333334 0.36 0.03 0.03
0 0.15833333333333333 0.35333333333333333 0.03 0.02666666666666667
0 0.11666666666666667 0.3566666666666667 0.02666666666666667 0.02666666666666667
0 0.07833333333333334 0.36833333333333335 0.02666666666666667 0.02
0 0.315 0.34 0.02666666666666667 0.03
0 0.37166666666666665 0.31333333333333335 0.02666666666666667 0.02666666666666667
0 0.11833333333333333 0.43666666666666665 0.023333333333333334 0.02666666666666667
0 0.07833333333333334 0.39166666666666666 0.02 0.02
0 0.056666666666666664 0.33166666666666667 0.028333333333333332 0.028333333333333332
0 0.19333333333333333 0.33166666666666667 0.02 0.02666666666666667
0 0.19666666666666666 0.36 0.02666666666666667 0.023333333333333334
0 0.023333333333333334 0.34833333333333333 0.03 0.03
0 0.195 0.39166666666666666 0.03166666666666667 0.03166666666666667
0 0.035 0.39166666666666666 0.03166666666666667 0.02666666666666667
0 0.055 0.6033333333333334 0.03166666666666667 0.03