0 0.13666666666666666 0.7916666666666666 0.03333333333333333 0.023333333333333334
0 0.21666666666666667 0.7583333333333333 0.03 0.03333333333333333
0 0.07666666666666666 0.40166666666666667 0.028333333333333332 0.03
0 0.028333333333333332 0.43333333333333335 0.02666666666666667 0.023333333333333334
0 0.10833333333333334 0.585 0.02666666666666667 0.02666666666666667
0 0.06166666666666667 0.43166666666666664 0.023333333333333334 0.023333333333333334
0 0.06333333333333334 0.575 0.02666666666666667 0.023333333333333334
0 0.015 0.49166666666666664 0.023333333333333334 0.023333333333333334
0 0.9233333333333333 0.365 0.02666666666666667 0.023333333333333334
0 0.96 0.3516666666666667 0.03 0.023333333333333334
0 0.7566666666666667 0.22666666666666666 0.023333333333333334 0.023333333333333334
0 0.82 0.15333333333333332 0.02666666666666667 0.03
0 0.6783333333333333 0.38166666666666665 0.02 0.023333333333333334
0 0.6566666666666666 0.3883333333333333 0.03 0.023333333333333334
0 0.8166666666666667 0.3016666666666667 0.02 0.02666666666666667
0 0.7533333333333333 0.36666666666666664 0.023333333333333334 0.023333333333333334
0 0.9266666666666666 0.3333333333333333 0.02 0.018333333333333333
0 0.8383333333333334 0.018333333333333333 0.02 0.02
0 0.8566666666666667 0.016666666666666666 0.023333333333333334 0.023333333333333334
0 0.68 0.825 0.023333333333333334 0.02
0 0.8116666666666666 0.23166666666666666 0.02666666666666667 0.02666666666666667
0 0.9833333333333333 0.5116666666666667 0.02666666666666667 0.02666666666666667
0 0.665 0.26 0.02666666666666667 0.02666666666666667
0 0.63 0.3566666666666667 0.023333333333333334 0.02
0 0.7566666666666667 0.041666666666666664 0.03 0.03
0 0.7133333333333334 0.335 0.02666666666666667 0.02666666666666667
0 0.765 0.7283333333333334 0.021666666666666667 0.025
0 0.145 0.755 0.023333333333333334 0.03166666666666667
0 0.17 0.765 0.025 0.03
0 0.6116666666666667 0.3233333333333333 0.02666666666666667 0.023333333333333334