0 0.485 0.24666666666666667 0.02666666666666667 0.023333333333333334
0 0.40166666666666667 0.05 0.03 0.03
0 0.18666666666666668 0.37166666666666665 0.023333333333333334 0.03
0 0.20833333333333334 0.42 0.02 0.02
0 0.22 0.44666666666666666 0.02 0.02
0 0.12666666666666668 0.3566666666666667 0.02666666666666667 0.02
0 0.9816666666666667 0.38 0.02 0.02
0 0.6466666666666666 0.4716666666666667 0.02666666666666667 0.02
0 0.5083333333333333 0.2966666666666667 0.02 0.023333333333333334
0 0.44333333333333336 0.24833333333333332 0.02 0.016666666666666666
0 0.43833333333333335 0.06333333333333334 0.02666666666666667 0.023333333333333334
0 0.9833333333333333 0.34833333333333333 0.02 0.023333333333333334
0 0.24333333333333335 0.3383333333333333 0.03 0.02666666666666667
0 0.25 0.25666666666666665 0.02666666666666667 0.023333333333333334
0 0.625 0.2733333333333333 0.023333333333333334 0.02666666666666667
0 0.18666666666666668 0.435 0.023333333333333334 0.023333333333333334
0 0.9516666666666667 0.42333333333333334 0.023333333333333334 0.02
0 0.38666666666666666 0.5616666666666666 0.023333333333333334 0.02
0 0.4033333333333333 0.5533333333333333 0.02666666666666667 0.03
0 0.2816666666666667 0.9583333333333334 0.02666666666666667 0.03
0 0.5033333333333333 0.6383333333333333 0.03 0.02666666666666667
0 0.3333333333333333 0.79 0.023333333333333334 0.02
0 0.9083333333333333 0.8683333333333333 0.02 0.02666666666666667
0 0.7283333333333334 0.945 0.023333333333333334 0.023333333333333334
0 0.41333333333333333 0.9216666666666666 0.023333333333333334 0.02
0 0.285 0.9283333333333333 0.03 0.02
0 0.043333333333333335 0.7166666666666667 0.023333333333333334 0.023333333333333334
0 0.99 0.40166666666666667 0.018333333333333333 0.023333333333333334
0 0.23166666666666666 0.27 0.02 0.023333333333333334
0 0.12 0.7083333333333334 0.021666666666666667 0.021666666666666667
0 0.33666666666666667 0.9066666666666666 0.02666666666666667 0.028333333333333332
0 0.5683333333333334 0.5433333333333333 0.018333333333333333 0.023333333333333334
0 0.46166666666666667 0.275 0.025 0.023333333333333334
0 0.5366666666666666 0.2833333333333333 0.03 0.023333333333333334