0 0.4216666666666667 0.4533333333333333 0.02666666666666667 0.03
0 0.5666666666666667 0.2816666666666667 0.02666666666666667 0.03
0 0.6483333333333333 0.28833333333333333 0.02666666666666667 0.023333333333333334
0 0.6283333333333333 0.3016666666666667 0.02666666666666667 0.02666666666666667
0 0.5633333333333334 0.3416666666666667 0.03 0.03
0 0.43666666666666665 0.5616666666666666 0.03 0.02666666666666667
0 0.34 0.5983333333333334 0.03 0.03
0 0.395 0.7966666666666666 0.023333333333333334 0.023333333333333334
0 0.4766666666666667 0.5783333333333334 0.02666666666666667 0.02666666666666667
0 0.5066666666666667 0.57 0.023333333333333334 0.03
0 0.435 0.49333333333333335 0.02666666666666667 0.02666666666666667
0 0.4533333333333333 0.505 0.03 0.02