0 0.5866666666666667 0.435 0.03 0.03
0 0.605 0.47333333333333333 0.02666666666666667 0.03
0 0.5716666666666667 0.4866666666666667 0.02666666666666667 0.023333333333333334
0 0.16166666666666665 0.06166666666666667 0.03 0.02666666666666667
0 0.12833333333333333 0.48833333333333334 0.03 0.03
0 0.06166666666666667 0.07166666666666667 0.02666666666666667 0.023333333333333334
0 0.31666666666666665 0.65 0.023333333333333334 0.03
0 0.37833333333333335 0.5916666666666667 0.02 0.02666666666666667
0 0.3616666666666667 0.7083333333333334 0.023333333333333334 0.023333333333333334
0 0.485 0.775 0.02666666666666667 0.02
0 0.3433333333333333 0.55 0.02 0.02
0 0.455 0.9366666666666666 0.023333333333333334 0.02
0 0.865 0.705 0.03 0.023333333333333334
0 0.7066666666666667 0.7483333333333333 0.023333333333333334 0.02666666666666667
0 0.73 0.75 0.021666666666666667 0.025
0 0.49833333333333335 0.8883333333333333 0.02666666666666667 0.03333333333333333
0 0.5216666666666666 0.9016666666666666 0.023333333333333334 0.02
0 0.5283333333333333 0.9283333333333333 0.02 0.023333333333333334
0 0.7833333333333333 0.9766666666666667 0.023333333333333334 0.03
0 0.8083333333333333 0.7166666666666667 0.02666666666666667 0.02
0 0.5016666666666667 0.9733333333333334 0.02666666666666667 0.02
0 0.5033333333333333 0.95 0.02 0.02
0 0.5433333333333333 0.9216666666666666 0.02 0.02
0 0.755 0.7283333333333334 0.028333333333333332 0.025
0 0.8366666666666667 0.885 0.023333333333333334 0.02
0 0.31666666666666665 0.5383333333333333 0.02 0.023333333333333334
0 0.2966666666666667 0.55 0.02666666666666667 0.03