0 0.425 0.7883333333333333 0.02666666666666667 0.02666666666666667
0 0.04666666666666667 0.495 0.02666666666666667 0.023333333333333334
0 0.12 0.925 0.028333333333333332 0.02666666666666667
0 0.43666666666666665 0.825 0.023333333333333334 0.02
0 0.42 0.585 0.023333333333333334 0.023333333333333334
0 0.155 0.6816666666666666 0.02666666666666667 0.02
0 0.9783333333333334 0.3933333333333333 0.03 0.02666666666666667
0 0.905 0.4116666666666667 0.02666666666666667 0.023333333333333334
0 0.8833333333333333 0.46 0.02666666666666667 0.02666666666666667
0 0.9166666666666666 0.54 0.03 0.03
0 0.815 0.715 0.03 0.02666666666666667
0 0.9766666666666667 0.6483333333333333 0.02666666666666667 0.02666666666666667
0 0.8483333333333334 0.435 0.02666666666666667 0.02666666666666667
0 0.8733333333333333 0.4166666666666667 0.028333333333333332 0.02
0 0.9666666666666667 0.3 0.023333333333333334 0.021666666666666667
0 0.98 0.31333333333333335 0.03 0.023333333333333334
0 0.9366666666666666 0.575 0.03 0.028333333333333332
0 0.7733333333333333 0.19333333333333333 0.03 0.025
0 0.7666666666666667 0.2816666666666667 0.03 0.03
0 0.9033333333333333 0.59 0.023333333333333334 0.023333333333333334
0 0.8216666666666667 0.23833333333333334 0.02666666666666667 0.02666666666666667
0 0.9716666666666667 0.7683333333333333 0.02666666666666667 0.02666666666666667
0 0.6016666666666667 0.11166666666666666 0.02 0.02666666666666667
0 0.935 0.63 0.025 0.03333333333333333
0 0.615 0.10333333333333333 0.02 0.023333333333333334
0 0.7633333333333333 0.20833333333333334 0.02666666666666667 0.023333333333333334
0 0.9466666666666667 0.5233333333333333 0.023333333333333334 0.02
0 0.16333333333333333 0.9683333333333334 0.023333333333333334 0.03166666666666667
0 0.056666666666666664 0.9733333333333334 0.03 0.03333333333333333
0 0.6416666666666667 0.045 0.023333333333333334 0.028333333333333332
0 0.99 0.7466666666666667 0.018333333333333333 0.028333333333333332
0 0.87 0.6716666666666666 0.02666666666666667 0.02666666666666667