0 0.55 0.12333333333333334 0.023333333333333334 0.023333333333333334
0 0.6733333333333333 0.09833333333333333 0.03333333333333333 0.023333333333333334
0 0.6883333333333334 0.07833333333333334 0.02666666666666667 0.023333333333333334
0 0.6533333333333333 0.25333333333333335 0.023333333333333334 0.023333333333333334
0 0.7083333333333334 0.24166666666666667 0.02 0.02666666666666667
0 0.5966666666666667 0.18666666666666668 0.023333333333333334 0.02
0 0.6216666666666667 0.29333333333333333 0.02666666666666667 0.023333333333333334
0 0.5516666666666666 0.24166666666666667 0.02 0.02
0 0.6366666666666667 0.07833333333333334 0.023333333333333334 0.02
0 0.5816666666666667 0.09333333333333334 0.023333333333333334 0.02
0 0.49666666666666665 0.43833333333333335 0.023333333333333334 0.023333333333333334
0 0.5933333333333334 0.43166666666666664 0.02 0.02666666666666667
0 0.49166666666666664 0.4666666666666667 0.02666666666666667 0.023333333333333334
0 0.5316666666666666 0.365 0.023333333333333334 0.023333333333333334
0 0.91 0.15333333333333332 0.02666666666666667 0.023333333333333334
0 0.905 0.6933333333333334 0.02666666666666667 0.02666666666666667
0 0.9116666666666666 0.9816666666666667 0.02666666666666667 0.02666666666666667
0 0.8483333333333334 0.8066666666666666 0.023333333333333334 0.02
0 0.9166666666666666 0.8266666666666667 0.02666666666666667 0.023333333333333334
0 0.8583333333333333 0.8283333333333334 0.023333333333333334 0.02
0 0.4766666666666667 0.9116666666666666 0.02666666666666667 0.02666666666666667
0 0.6183333333333333 0.8416666666666667 0.03 0.03
0 0.615 0.7266666666666667 0.023333333333333334 0.02
0 0.6766666666666666 0.9033333333333333 0.03 0.03
0 0.6116666666666667 0.6466666666666666 0.02666666666666667 0.02666666666666667
0 0.6716666666666666 0.6383333333333333 0.02666666666666667 0.02666666666666667
0 0.6583333333333333 0.28 0.025 0.025
0 0.8166666666666667 0.685 0.023333333333333334 0.03