0 0.38333333333333336 0.5366666666666666 0.03 0.02666666666666667
0 0.02666666666666667 0.9233333333333333 0.02666666666666667 0.02666666666666667
0 0.095 0.8333333333333334 0.02666666666666667 0.02666666666666667
0 0.30666666666666664 0.8433333333333334 0.02666666666666667 0.02666666666666667
0 0.685 0.06 0.02666666666666667 0.02666666666666667
0 0.6716666666666666 0.22833333333333333 0.02666666666666667 0.02666666666666667
0 0.7583333333333333 0.12333333333333334 0.03333333333333333 0.03333333333333333
0 0.9783333333333334 0.49666666666666665 0.03 0.03
0 0.8816666666666667 0.29833333333333334 0.03 0.02666666666666667
0 0.3333333333333333 0.435 0.03 0.03
0 0.52 0.14833333333333334 0.023333333333333334 0.02
0 0.655 0.021666666666666667 0.03 0.03
0 0.24833333333333332 0.505 0.03 0.03
0 0.4116666666666667 0.295 0.03 0.03
0 0.3466666666666667 0.28833333333333333 0.023333333333333334 0.023333333333333334
0 0.375 0.2966666666666667 0.023333333333333334 0.023333333333333334
0 0.2816666666666667 0.48833333333333334 0.023333333333333334 0.023333333333333334
0 0.43333333333333335 0.23833333333333334 0.03 0.02666666666666667
0 0.24666666666666667 0.14333333333333334 0.03 0.03666666666666667