0 0.19166666666666668 0.7733333333333333 0.02 0.023333333333333334
0 0.3333333333333333 0.935 0.02666666666666667 0.02666666666666667
0 0.24333333333333335 0.9766666666666667 0.02666666666666667 0.03
0 0.42333333333333334 0.19666666666666666 0.02666666666666667 0.023333333333333334
0 0.36833333333333335 0.4716666666666667 0.03333333333333333 0.03
0 0.3933333333333333 0.075 0.02666666666666667 0.02666666666666667
0 0.46 0.37833333333333335 0.02666666666666667 0.023333333333333334
0 0.41833333333333333 0.3933333333333333 0.02 0.023333333333333334
0 0.41833333333333333 0.22166666666666668 0.023333333333333334 0.02
0 0.37166666666666665 0.06333333333333334 0.023333333333333334 0.023333333333333334
0 0.695 0.865 0.018333333333333333 0.025
0 0.6233333333333333 0.8916666666666667 0.023333333333333334 0.03
0 0.7533333333333333 0.835 0.023333333333333334 0.023333333333333334
0 0.7816666666666666 0.7866666666666666 0.02 0.023333333333333334
0 0.7566666666666667 0.6083333333333333 0.023333333333333334 0.023333333333333334
0 0.62 0.14833333333333334 0.021666666666666667 0.025
0 0.9633333333333334 0.3516666666666667 0.02 0.02
0 0.665 0.24833333333333332 0.02 0.02
0 0.7333333333333333 0.22333333333333333 0.02 0.023333333333333334
0 0.6866666666666666 0.023333333333333334 0.02 0.02
0 0.8616666666666667 0.85 0.02 0.03
0 0.6116666666666667 0.6816666666666666 0.02666666666666667 0.023333333333333334
0 0.5933333333333334 0.695 0.02666666666666667 0.02
0 0.6833333333333333 0.7533333333333333 0.023333333333333334 0.02666666666666667
0 0.6566666666666666 0.7616666666666667 0.023333333333333334 0.023333333333333334
0 0.9083333333333333 0.47833333333333333 0.023333333333333334 0.021666666666666667
0 0.8833333333333333 0.29 0.02 0.023333333333333334
0 0.75 0.35833333333333334 0.021666666666666667 0.02
0 0.5766666666666667 0.5616666666666666 0.03 0.03
0 0.9083333333333333 0.38166666666666665 0.023333333333333334 0.02666666666666667
0 0.6316666666666667 0.74 0.023333333333333334 0.02
0 0.92 0.9533333333333334 0.02666666666666667 0.02666666666666667
0 0.6533333333333333 0.011666666666666667 0.023333333333333334 0.023333333333333334
0 0.6933333333333334 0.33 0.023333333333333334 0.02
0 0.9016666666666666 0.43666666666666665 0.025 0.028333333333333332
0 0.7983333333333333 0.17666666666666667 0.02 0.02666666666666667
0 0.4866666666666667 0.26666666666666666 0.03 0.02666666666666667
0 0.3433333333333333 0.4083333333333333 0.028333333333333332 0.03
0 0.46 0.14666666666666667 0.023333333333333334 0.025
0 0.5 0.23 0.025 0.025
0 0.47833333333333333 0.07333333333333333 0.025 0.021666666666666667
0 0.45 0.07 0.028333333333333332 0.023333333333333334
0 0.9183333333333333 0.72 0.02666666666666667 0.02666666666666667
0 0.9833333333333333 0.9316666666666666 0.023333333333333334 0.028333333333333332
0 0.8116666666666666 0.14833333333333334 0.018333333333333333 0.02
0 0.82 0.2 0.018333333333333333 0.02666666666666667
0 0.835 0.19 0.016666666666666666 0.023333333333333334
0 0.2833333333333333 0.4116666666666667 0.021666666666666667 0.023333333333333334
0 0.45166666666666666 0.49333333333333335 0.021666666666666667 0.023333333333333334
0 0.43166666666666664 0.51 0.023333333333333334 0.021666666666666667
0 0.915 0.5916666666666667 0.023333333333333334 0.025
0 0.5166666666666667 0.12333333333333334 0.02 0.021666666666666667
0 0.041666666666666664 0.22666666666666666 0.023333333333333334 0.02
0 0.7666666666666667 0.13833333333333334 0.021666666666666667 0.023333333333333334
0 0.7933333333333333 0.5733333333333334 0.025 0.021666666666666667
0 0.3333333333333333 0.155 0.025 0.018333333333333333
0 0.83 0.5316666666666666 0.023333333333333334 0.021666666666666667
0 0.44166666666666665 0.16666666666666666 0.028333333333333332 0.028333333333333332
0 0.445 0.04833333333333333 0.021666666666666667 0.021666666666666667