0 0.8116666666666666 0.3933333333333333 0.02666666666666667 0.02
0 0.38333333333333336 0.3566666666666667 0.03 0.02666666666666667
0 0.6166666666666667 0.058333333333333334 0.02 0.02666666666666667
0 0.5833333333333334 0.028333333333333332 0.023333333333333334 0.023333333333333334
0 0.87 0.6 0.025 0.02666666666666667
0 0.5966666666666667 0.06333333333333334 0.02666666666666667 0.03
0 0.935 0.6116666666666667 0.023333333333333334 0.023333333333333334
0 0.9066666666666666 0.31833333333333336 0.03 0.02
0 0.9166666666666666 0.37666666666666665 0.02666666666666667 0.02666666666666667
0 0.7633333333333333 0.08166666666666667 0.02666666666666667 0.023333333333333334
0 0.8683333333333333 0.5366666666666666 0.023333333333333334 0.023333333333333334
0 0.36666666666666664 0.28 0.023333333333333334 0.023333333333333334
0 0.5833333333333334 0.09833333333333333 0.023333333333333334 0.023333333333333334
0 0.37333333333333335 0.24333333333333335 0.02666666666666667 0.023333333333333334
0 0.8766666666666667 0.355 0.02666666666666667 0.02666666666666667
0 0.7566666666666667 0.09833333333333333 0.02666666666666667 0.023333333333333334
0 0.5766666666666667 0.11666666666666667 0.023333333333333334 0.02
0 0.8233333333333334 0.3433333333333333 0.02666666666666667 0.023333333333333334
0 0.435 0.08666666666666667 0.02666666666666667 0.023333333333333334
0 0.785 0.9766666666666667 0.016666666666666666 0.02
0 0.7566666666666667 0.013333333333333334 0.023333333333333334 0.023333333333333334