0 0.44666666666666666 0.9566666666666667 0.023333333333333334 0.023333333333333334
0 0.16666666666666666 0.6783333333333333 0.023333333333333334 0.023333333333333334
0 0.28 0.5733333333333334 0.021666666666666667 0.021666666666666667
0 0.375 0.6566666666666666 0.03 0.03
0 0.7883333333333333 0.735 0.02 0.02
0 0.5683333333333334 0.6166666666666667 0.03 0.023333333333333334
0 0.7833333333333333 0.6533333333333333 0.016666666666666666 0.023333333333333334
0 0.6166666666666667 0.5716666666666667 0.023333333333333334 0.023333333333333334
0 0.8316666666666667 0.7433333333333333 0.023333333333333334 0.02
0 0.5483333333333333 0.6366666666666667 0.023333333333333334 0.023333333333333334
0 0.7416666666666667 0.675 0.018333333333333333 0.021666666666666667
0 0.5533333333333333 0.705 0.021666666666666667 0.023333333333333334
0 0.5366666666666666 0.6733333333333333 0.023333333333333334 0.023333333333333334
0 0.8683333333333333 0.7783333333333333 0.02 0.02
0 0.88 0.7833333333333333 0.023333333333333334 0.023333333333333334
0 0.15833333333333333 0.45 0.02666666666666667 0.025
0 0.3 0.44166666666666665 0.02 0.02666666666666667
0 0.33166666666666667 0.4533333333333333 0.023333333333333334 0.023333333333333334
0 0.3983333333333333 0.4583333333333333 0.02 0.023333333333333334
0 0.4166666666666667 0.42 0.025 0.023333333333333334
0 0.37333333333333335 0.4533333333333333 0.023333333333333334 0.02
0 0.25333333333333335 0.44166666666666665 0.023333333333333334 0.023333333333333334
0 0.4766666666666667 0.4216666666666667 0.02 0.02
0 0.7066666666666667 0.37833333333333335 0.02666666666666667 0.02666666666666667
0 0.6216666666666667 0.45666666666666667 0.023333333333333334 0.023333333333333334
0 0.855 0.49666666666666665 0.025 0.028333333333333332