0 0.945 0.235 0.023333333333333334 0.023333333333333334
0 0.3466666666666667 0.25333333333333335 0.023333333333333334 0.02666666666666667
0 0.38 0.265 0.025 0.023333333333333334
0 0.21 0.5166666666666667 0.02 0.02
0 0.25 0.48833333333333334 0.02666666666666667 0.023333333333333334
0 0.058333333333333334 0.44166666666666665 0.02666666666666667 0.02666666666666667
0 0.055 0.4216666666666667 0.02666666666666667 0.02666666666666667
0 0.12333333333333334 0.4816666666666667 0.021666666666666667 0.023333333333333334
0 0.14833333333333334 0.49 0.02666666666666667 0.02666666666666667
0 0.021666666666666667 0.6183333333333333 0.023333333333333334 0.02
0 0.17666666666666667 0.195 0.03166666666666667 0.03