0 0.8716666666666667 0.18 0.023333333333333334 0.02666666666666667
0 0.8416666666666667 0.19166666666666668 0.023333333333333334 0.02666666666666667
0 0.8816666666666667 0.2733333333333333 0.02 0.023333333333333334
0 0.975 0.3566666666666667 0.023333333333333334 0.02666666666666667
0 0.8666666666666667 0.28 0.02666666666666667 0.02666666666666667
0 0.6033333333333334 0.58 0.02666666666666667 0.02666666666666667
0 0.6516666666666666 0.6533333333333333 0.02 0.02
0 0.6566666666666666 0.8233333333333334 0.023333333333333334 0.023333333333333334
0 0.5883333333333334 0.8416666666666667 0.021666666666666667 0.023333333333333334
0 0.6183333333333333 0.8416666666666667 0.03 0.03
0 0.6716666666666666 0.8683333333333333 0.025 0.025
0 0.645 0.8783333333333333 0.021666666666666667 0.021666666666666667
0 0.6666666666666666 0.505 0.02666666666666667 0.023333333333333334
0 0.5633333333333334 0.5666666666666667 0.03333333333333333 0.03
0 0.65 0.6733333333333333 0.02666666666666667 0.02666666666666667
0 0.6316666666666667 0.6666666666666666 0.02666666666666667 0.02
0 0.6316666666666667 0.5166666666666667 0.023333333333333334 0.03
0 0.6216666666666667 0.6416666666666667 0.023333333333333334 0.023333333333333334
0 0.23 0.37833333333333335 0.021666666666666667 0.02666666666666667
0 0.23833333333333334 0.42333333333333334 0.023333333333333334 0.023333333333333334
0 0.275 0.3433333333333333 0.02 0.025
0 0.23166666666666666 0.45666666666666667 0.03 0.02666666666666667
0 0.5366666666666666 0.27166666666666667 0.028333333333333332 0.03
0 0.86 0.5183333333333333 0.023333333333333334 0.028333333333333332
0 0.31166666666666665 0.39666666666666667 0.03 0.025