0 0.3233333333333333 0.8933333333333333 0.02666666666666667 0.02666666666666667
0 0.4066666666666667 0.15833333333333333 0.03666666666666667 0.02
0 0.4766666666666667 0.30666666666666664 0.03 0.03
0 0.495 0.27 0.041666666666666664 0.03
0 0.7116666666666667 0.45166666666666666 0.03 0.023333333333333334
0 0.5883333333333334 0.11 0.03 0.03
0 0.6766666666666666 0.10166666666666667 0.023333333333333334 0.023333333333333334
0 0.6116666666666667 0.03333333333333333 0.03 0.02
0 0.755 0.39666666666666667 0.02666666666666667 0.03
0 0.78 0.39166666666666666 0.02666666666666667 0.023333333333333334
0 0.6533333333333333 0.10833333333333334 0.02 0.02666666666666667
0 0.49166666666666664 0.235 0.02666666666666667 0.03
0 0.12833333333333333 0.885 0.025 0.025
0 0.48 0.15333333333333332 0.03 0.025
0 0.44666666666666666 0.14 0.03166666666666667 0.02666666666666667