0 0.8516666666666667 0.9633333333333334 0.02 0.02
0 0.7816666666666666 0.7266666666666667 0.02666666666666667 0.02
0 0.8016666666666666 0.7216666666666667 0.023333333333333334 0.02666666666666667
0 0.8483333333333334 0.7666666666666667 0.03 0.02
0 0.9633333333333334 0.7033333333333334 0.023333333333333334 0.023333333333333334
0 0.8533333333333334 0.8983333333333333 0.023333333333333334 0.023333333333333334
0 0.7416666666666667 0.37666666666666665 0.023333333333333334 0.023333333333333334
0 0.44333333333333336 0.043333333333333335 0.02666666666666667 0.023333333333333334
0 0.42333333333333334 0.025 0.023333333333333334 0.02666666666666667
0 0.47833333333333333 0.02666666666666667 0.02666666666666667 0.02
0 0.19833333333333333 0.6583333333333333 0.03333333333333333 0.02
0 0.12333333333333334 0.7533333333333333 0.02666666666666667 0.025