0 0.29333333333333333 0.07833333333333334 0.02666666666666667 0.02666666666666667
0 0.2733333333333333 0.17166666666666666 0.02 0.023333333333333334
0 0.2783333333333333 0.19166666666666668 0.02666666666666667 0.02
0 0.3466666666666667 0.2866666666666667 0.03 0.02666666666666667
0 0.43333333333333335 0.38333333333333336 0.02666666666666667 0.023333333333333334
0 0.42333333333333334 0.42333333333333334 0.03 0.02666666666666667
0 0.3466666666666667 0.46166666666666667 0.02666666666666667 0.02
0 0.3016666666666667 0.03 0.023333333333333334 0.023333333333333334
0 0.42333333333333334 0.24833333333333332 0.02666666666666667 0.03
0 0.195 0.14333333333333334 0.023333333333333334 0.023333333333333334
0 0.38166666666666665 0.17166666666666666 0.023333333333333334 0.02
0 0.25 0.17166666666666666 0.02666666666666667 0.023333333333333334
0 0.325 0.01 0.023333333333333334 0.02
0 0.38166666666666665 0.18333333333333332 0.02 0.016666666666666666
0 0.26666666666666666 0.23333333333333334 0.02666666666666667 0.023333333333333334
0 0.9016666666666666 0.12666666666666668 0.02666666666666667 0.023333333333333334
0 0.8783333333333333 0.3233333333333333 0.023333333333333334 0.023333333333333334
0 0.9133333333333333 0.3416666666666667 0.02 0.02666666666666667
0 0.9266666666666666 0.30833333333333335 0.02 0.023333333333333334
0 0.4083333333333333 0.525 0.02666666666666667 0.02
0 0.29333333333333333 0.5433333333333333 0.02 0.02
0 0.38 0.56 0.023333333333333334 0.02
0 0.4633333333333333 0.5616666666666666 0.02666666666666667 0.02
0 0.36833333333333335 0.5766666666666667 0.023333333333333334 0.02666666666666667
0 0.38666666666666666 0.6016666666666667 0.023333333333333334 0.023333333333333334
0 0.43833333333333335 0.64 0.02 0.023333333333333334
0 0.06333333333333334 0.6633333333333333 0.02 0.02
0 0.43666666666666665 0.6816666666666666 0.023333333333333334 0.02
0 0.17666666666666667 0.695 0.02666666666666667 0.025
0 0.4 0.71 0.03 0.023333333333333334
0 0.08833333333333333 0.72 0.02 0.023333333333333334
0 0.305 0.7233333333333334 0.02 0.023333333333333334
0 0.45 0.7316666666666667 0.023333333333333334 0.02
0 0.42333333333333334 0.7416666666666667 0.023333333333333334 0.023333333333333334
0 0.45166666666666666 0.7983333333333333 0.02666666666666667 0.02
0 0.39666666666666667 0.94 0.02 0.023333333333333334
0 0.495 0.7983333333333333 0.03 0.03
0 0.3616666666666667 0.9816666666666667 0.023333333333333334 0.02
0 0.08833333333333333 0.69 0.023333333333333334 0.02
0 0.46166666666666667 0.7783333333333333 0.02666666666666667 0.02666666666666667
0 0.49166666666666664 0.5916666666666667 0.023333333333333334 0.023333333333333334
0 0.3383333333333333 0.5366666666666666 0.02666666666666667 0.02666666666666667
0 0.43333333333333335 0.7716666666666666 0.02 0.023333333333333334
0 0.40166666666666667 0.59 0.023333333333333334 0.023333333333333334
0 0.4583333333333333 0.5766666666666667 0.016666666666666666 0.016666666666666666
0 0.475 0.5316666666666666 0.023333333333333334 0.02
0 0.47833333333333333 0.5183333333333333 0.023333333333333334 0.016666666666666666
0 0.3983333333333333 0.69 0.023333333333333334 0.02
0 0.4816666666666667 0.5466666666666666 0.023333333333333334 0.02
0 0.5933333333333334 0.5333333333333333 0.023333333333333334 0.02666666666666667
0 0.7366666666666667 0.565 0.021666666666666667 0.023333333333333334
0 0.6766666666666666 0.605 0.02 0.02
0 0.7316666666666667 0.7933333333333333 0.02666666666666667 0.02666666666666667
0 0.7666666666666667 0.815 0.023333333333333334 0.02
0 0.77 0.7566666666666667 0.023333333333333334 0.023333333333333334
0 0.7233333333333334 0.5916666666666667 0.021666666666666667 0.018333333333333333
0 0.5566666666666666 0.535 0.021666666666666667 0.023333333333333334
0 0.5116666666666667 0.7033333333333334 0.023333333333333334 0.023333333333333334
0 0.6516666666666666 0.6966666666666667 0.021666666666666667 0.023333333333333334
0 0.19666666666666666 0.5 0.023333333333333334 0.021666666666666667
0 0.22333333333333333 0.11333333333333333 0.023333333333333334 0.025
0 0.6683333333333333 0.44166666666666665 0.03166666666666667 0.028333333333333332
0 0.47833333333333333 0.8916666666666667 0.028333333333333332 0.021666666666666667