0 0.9083333333333333 0.58 0.03 0.023333333333333334
0 0.7433333333333333 0.6533333333333333 0.023333333333333334 0.02666666666666667
0 0.5333333333333333 0.76 0.02666666666666667 0.03
0 0.46166666666666667 0.5783333333333334 0.02666666666666667 0.02666666666666667
0 0.5183333333333333 0.5966666666666667 0.02666666666666667 0.023333333333333334
0 0.4766666666666667 0.6016666666666667 0.023333333333333334 0.02
0 0.825 0.7933333333333333 0.03 0.02666666666666667
0 0.9466666666666667 0.8233333333333334 0.02666666666666667 0.023333333333333334
0 0.9383333333333334 0.6883333333333334 0.02666666666666667 0.023333333333333334
0 0.945 0.5466666666666666 0.03 0.02666666666666667
0 0.7816666666666666 0.9516666666666667 0.02666666666666667 0.023333333333333334
0 0.93 0.7283333333333334 0.02666666666666667 0.03
0 0.88 0.7633333333333333 0.02 0.02
0 0.89 0.6433333333333333 0.023333333333333334 0.023333333333333334
0 0.8783333333333333 0.74 0.023333333333333334 0.023333333333333334
0 0.44333333333333336 0.8433333333333334 0.023333333333333334 0.023333333333333334
0 0.8883333333333333 0.7883333333333333 0.02 0.02
0 0.8216666666666667 0.98 0.023333333333333334 0.023333333333333334
0 0.4666666666666667 0.11333333333333333 0.03 0.03333333333333333
0 0.33666666666666667 0.08666666666666667 0.02666666666666667 0.02666666666666667
0 0.3466666666666667 0.056666666666666664 0.02666666666666667 0.02666666666666667
0 0.45166666666666666 0.07166666666666667 0.02666666666666667 0.02666666666666667
0 0.6766666666666666 0.14 0.03 0.02666666666666667
0 0.8133333333333334 0.04833333333333333 0.023333333333333334 0.023333333333333334
0 0.7716666666666666 0.2966666666666667 0.02 0.02666666666666667
0 0.7433333333333333 0.295 0.023333333333333334 0.02666666666666667
0 0.8016666666666666 0.15166666666666667 0.02666666666666667 0.02
0 0.7383333333333333 0.13166666666666665 0.03 0.023333333333333334
0 0.6533333333333333 0.11333333333333333 0.02666666666666667 0.02
0 0.6433333333333333 0.021666666666666667 0.023333333333333334 0.02666666666666667
0 0.6316666666666667 0.16833333333333333 0.03 0.02666666666666667
0 0.7033333333333334 0.15833333333333333 0.023333333333333334 0.023333333333333334
0 0.8466666666666667 0.18333333333333332 0.03333333333333333 0.03
0 0.5483333333333333 0.015 0.03 0.02666666666666667
0 0.8533333333333334 0.015 0.03 0.02666666666666667
0 0.5716666666666667 0.023333333333333334 0.02 0.02
0 0.8733333333333333 0.05 0.03 0.02666666666666667
0 0.6783333333333333 0.4 0.023333333333333334 0.023333333333333334
0 0.5966666666666667 0.21333333333333335 0.023333333333333334 0.023333333333333334
0 0.7283333333333334 0.015 0.02 0.02
0 0.8816666666666667 0.016666666666666666 0.02666666666666667 0.02666666666666667
0 0.7066666666666667 0.17666666666666667 0.023333333333333334 0.02
0 0.7066666666666667 0.07166666666666667 0.023333333333333334 0.02666666666666667
0 0.7633333333333333 0.17166666666666666 0.02666666666666667 0.02
0 0.9016666666666666 0.12833333333333333 0.023333333333333334 0.023333333333333334
0 0.9683333333333334 0.13666666666666666 0.023333333333333334 0.023333333333333334
0 0.6616666666666666 0.2916666666666667 0.023333333333333334 0.023333333333333334
0 0.9683333333333334 0.27666666666666667 0.02666666666666667 0.023333333333333334
0 0.9216666666666666 0.15166666666666667 0.016666666666666666 0.02
0 0.9333333333333333 0.16333333333333333 0.023333333333333334 0.02
0 0.5266666666666666 0.04666666666666667 0.02666666666666667 0.02666666666666667
0 0.505 0.06833333333333333 0.02666666666666667 0.021666666666666667
0 0.855 0.11166666666666666 0.028333333333333332 0.02666666666666667
0 0.7816666666666666 0.11166666666666666 0.02666666666666667 0.021666666666666667
0 0.8083333333333333 0.4216666666666667 0.025 0.025
0 0.5966666666666667 0.75 0.03 0.025