0 0.8116666666666666 0.08333333333333333 0.02666666666666667 0.03
0 0.6716666666666666 0.31333333333333335 0.023333333333333334 0.02
0 0.6216666666666667 0.09666666666666666 0.023333333333333334 0.02666666666666667
0 0.5083333333333333 0.03166666666666667 0.023333333333333334 0.02
0 0.7616666666666667 0.10666666666666667 0.03 0.02666666666666667
0 0.8566666666666667 0.06166666666666667 0.02 0.02
0 0.865 0.13666666666666666 0.02666666666666667 0.02666666666666667
0 0.8 0.13333333333333333 0.023333333333333334 0.023333333333333334
0 0.7816666666666666 0.20833333333333334 0.023333333333333334 0.023333333333333334
0 0.6683333333333333 0.4866666666666667 0.023333333333333334 0.02
0 0.9466666666666667 0.36666666666666664 0.02 0.023333333333333334
0 0.43833333333333335 0.8183333333333334 0.02666666666666667 0.02666666666666667
0 0.135 0.7933333333333333 0.02 0.02
0 0.43166666666666664 0.69 0.03 0.03
0 0.4633333333333333 0.7516666666666667 0.02666666666666667 0.02666666666666667
0 0.4666666666666667 0.6116666666666667 0.02666666666666667 0.023333333333333334
0 0.4683333333333333 0.8133333333333334 0.02666666666666667 0.023333333333333334
0 0.8133333333333334 0.8116666666666666 0.03166666666666667 0.02666666666666667
0 0.8483333333333334 0.765 0.023333333333333334 0.02
0 0.8333333333333334 0.875 0.02666666666666667 0.023333333333333334
0 0.5866666666666667 0.7283333333333334 0.023333333333333334 0.023333333333333334
0 0.5183333333333333 0.7583333333333333 0.02666666666666667 0.023333333333333334
0 0.8883333333333333 0.9016666666666666 0.023333333333333334 0.023333333333333334
0 0.505 0.5966666666666667 0.02666666666666667 0.03