0 0.16833333333333333 0.5466666666666666 0.03333333333333333 0.02666666666666667
0 0.365 0.71 0.03 0.02666666666666667
0 0.37333333333333335 0.665 0.02666666666666667 0.03333333333333333
0 0.21666666666666667 0.535 0.021666666666666667 0.025
0 0.42833333333333334 0.7483333333333333 0.03 0.03
0 0.3466666666666667 0.8133333333333334 0.02666666666666667 0.03
0 0.4683333333333333 0.8416666666666667 0.03333333333333333 0.03
0 0.34 0.6166666666666667 0.02666666666666667 0.02666666666666667
0 0.4266666666666667 0.6083333333333333 0.02 0.02666666666666667
0 0.5016666666666667 0.6433333333333333 0.023333333333333334 0.028333333333333332
0 0.03166666666666667 0.7133333333333334 0.03 0.02666666666666667
0 0.011666666666666667 0.6366666666666667 0.02 0.028333333333333332