0 0.785 0.5016666666666667 0.023333333333333334 0.02
0 0.7816666666666666 0.52 0.02 0.02
0 0.7633333333333333 0.5316666666666666 0.023333333333333334 0.02
0 0.7433333333333333 0.39666666666666667 0.025 0.02
0 0.7616666666666667 0.3883333333333333 0.02 0.02666666666666667
0 0.585 0.4666666666666667 0.02666666666666667 0.03333333333333333
0 0.6616666666666666 0.375 0.02 0.02
0 0.9083333333333333 0.4166666666666667 0.02666666666666667 0.02
0 0.7733333333333333 0.4116666666666667 0.023333333333333334 0.02666666666666667
0 0.72 0.11666666666666667 0.02666666666666667 0.02
0 0.925 0.051666666666666666 0.03 0.023333333333333334
0 0.9066666666666666 0.9166666666666666 0.03666666666666667 0.03
0 0.95 0.22333333333333333 0.023333333333333334 0.023333333333333334
0 0.9816666666666667 0.3233333333333333 0.023333333333333334 0.02666666666666667
0 0.8666666666666667 0.92 0.02666666666666667 0.02666666666666667
0 0.5666666666666667 0.925 0.023333333333333334 0.023333333333333334
0 0.7316666666666667 0.045 0.03 0.02666666666666667
0 0.7166666666666667 0.03166666666666667 0.03 0.02666666666666667
0 0.6083333333333333 0.02666666666666667 0.02666666666666667 0.023333333333333334
0 0.24166666666666667 0.8933333333333333 0.023333333333333334 0.023333333333333334
0 0.12166666666666667 0.39 0.03 0.03
0 0.075 0.315 0.023333333333333334 0.03
0 0.17666666666666667 0.03666666666666667 0.03 0.03166666666666667
0 0.49 0.12333333333333334 0.02666666666666667 0.023333333333333334
0 0.5133333333333333 0.9433333333333334 0.023333333333333334 0.03333333333333333
0 0.955 0.2 0.021666666666666667 0.023333333333333334
0 0.8216666666666667 0.3016666666666667 0.028333333333333332 0.03333333333333333
0 0.021666666666666667 0.3333333333333333 0.02666666666666667 0.028333333333333332
0 0.6083333333333333 0.4666666666666667 0.021666666666666667 0.028333333333333332
0 0.52 0.45666666666666667 0.02666666666666667 0.028333333333333332
0 0.335 0.15666666666666668 0.023333333333333334 0.02666666666666667