0 0.8766666666666667 0.15833333333333333 0.02 0.02666666666666667
0 0.2733333333333333 0.24333333333333335 0.02666666666666667 0.03
0 0.695 0.34 0.028333333333333332 0.02666666666666667
0 0.6133333333333333 0.38333333333333336 0.03333333333333333 0.028333333333333332
0 0.21333333333333335 0.215 0.035 0.03666666666666667
0 0.8466666666666667 0.24333333333333335 0.023333333333333334 0.02
0 0.16 0.32666666666666666 0.023333333333333334 0.02
0 0.11666666666666667 0.39166666666666666 0.03 0.028333333333333332
0 0.73 0.32 0.023333333333333334 0.02
0 0.9266666666666666 0.3983333333333333 0.023333333333333334 0.02
0 0.23 0.44166666666666665 0.02666666666666667 0.02666666666666667
0 0.705 0.22833333333333333 0.023333333333333334 0.023333333333333334
0 0.2916666666666667 0.28833333333333333 0.02666666666666667 0.02666666666666667
0 0.3516666666666667 0.19 0.023333333333333334 0.023333333333333334
0 0.7983333333333333 0.4066666666666667 0.023333333333333334 0.023333333333333334
0 0.15 0.48333333333333334 0.023333333333333334 0.023333333333333334
0 0.5466666666666666 0.17666666666666667 0.03 0.03
0 0.18666666666666668 0.31666666666666665 0.023333333333333334 0.023333333333333334
0 0.525 0.225 0.03166666666666667 0.03333333333333333
0 0.6883333333333334 0.13 0.02666666666666667 0.02666666666666667
0 0.6166666666666667 0.6183333333333333 0.02666666666666667 0.03333333333333333
0 0.6733333333333333 0.5366666666666666 0.02666666666666667 0.03
0 0.8466666666666667 0.6983333333333334 0.03333333333333333 0.03
0 0.5266666666666666 0.98 0.03 0.03
0 0.5883333333333334 0.5383333333333333 0.03 0.02666666666666667
0 0.7633333333333333 0.9466666666666667 0.03 0.03
0 0.8033333333333333 0.5183333333333333 0.025 0.023333333333333334
0 0.53 0.8783333333333333 0.02666666666666667 0.02
0 0.705 0.6266666666666667 0.023333333333333334 0.02666666666666667
0 0.8133333333333334 0.7566666666666667 0.03 0.03
0 0.6716666666666666 0.8933333333333333 0.02666666666666667 0.023333333333333334
0 0.8983333333333333 0.7333333333333333 0.02666666666666667 0.02666666666666667
0 0.7283333333333334 0.5966666666666667 0.03 0.03
0 0.8366666666666667 0.7533333333333333 0.03 0.02666666666666667
0 0.8466666666666667 0.19666666666666666 0.041666666666666664 0.023333333333333334
0 0.7133333333333334 0.49666666666666665 0.02666666666666667 0.02666666666666667
0 0.7016666666666667 0.2733333333333333 0.03166666666666667 0.028333333333333332
0 0.7583333333333333 0.45 0.03333333333333333 0.025