0 0.07833333333333334 0.21666666666666667 0.023333333333333334 0.02666666666666667
0 0.06833333333333333 0.24833333333333332 0.03 0.02666666666666667
0 0.23166666666666666 0.06 0.023333333333333334 0.023333333333333334
0 0.3016666666666667 0.115 0.03 0.023333333333333334
0 0.755 0.08 0.03 0.02666666666666667
0 0.9783333333333334 0.05333333333333334 0.02666666666666667 0.023333333333333334
0 0.525 0.2733333333333333 0.023333333333333334 0.02666666666666667
0 0.7316666666666667 0.3516666666666667 0.02666666666666667 0.023333333333333334
0 0.7466666666666667 0.41833333333333333 0.03 0.03
0 0.88 0.4483333333333333 0.02666666666666667 0.03
0 0.37833333333333335 0.2816666666666667 0.02 0.02666666666666667
0 0.405 0.29333333333333333 0.02 0.023333333333333334
0 0.5116666666666667 0.3233333333333333 0.02 0.023333333333333334
0 0.43166666666666664 0.44333333333333336 0.02666666666666667 0.03
0 0.475 0.43166666666666664 0.023333333333333334 0.023333333333333334
0 0.16666666666666666 0.31666666666666665 0.02666666666666667 0.023333333333333334
0 0.8116666666666666 0.11166666666666666 0.02666666666666667 0.02666666666666667
0 0.15833333333333333 0.11166666666666666 0.023333333333333334 0.023333333333333334
0 0.8766666666666667 0.4266666666666667 0.02666666666666667 0.02666666666666667
0 0.8466666666666667 0.465 0.02666666666666667 0.023333333333333334
0 0.21666666666666667 0.345 0.023333333333333334 0.023333333333333334
0 0.20666666666666667 0.12166666666666667 0.023333333333333334 0.023333333333333334
0 0.985 0.4483333333333333 0.02666666666666667 0.02666666666666667
0 0.7283333333333334 0.47833333333333333 0.02666666666666667 0.03
0 0.6983333333333334 0.4866666666666667 0.023333333333333334 0.02666666666666667
0 0.6766666666666666 0.495 0.023333333333333334 0.02666666666666667
0 0.9433333333333334 0.6916666666666667 0.023333333333333334 0.023333333333333334
0 0.9433333333333334 0.7683333333333333 0.03 0.03
0 0.8533333333333334 0.81 0.03 0.02666666666666667
0 0.7966666666666666 0.805 0.02666666666666667 0.023333333333333334
0 0.7066666666666667 0.9566666666666667 0.023333333333333334 0.02
0 0.7166666666666667 0.975 0.03666666666666667 0.03
0 0.825 0.8366666666666667 0.02666666666666667 0.02666666666666667
0 0.9383333333333334 0.8666666666666667 0.02666666666666667 0.023333333333333334
0 0.6016666666666667 0.55 0.03 0.03
0 0.5883333333333334 0.8833333333333333 0.023333333333333334 0.03
0 0.7 0.7083333333333334 0.02666666666666667 0.023333333333333334
0 0.8766666666666667 0.85 0.02666666666666667 0.02666666666666667
0 0.7833333333333333 0.9266666666666666 0.03 0.03
0 0.7983333333333333 0.9783333333333334 0.02666666666666667 0.023333333333333334
0 0.8733333333333333 0.9216666666666666 0.023333333333333334 0.02
0 0.8866666666666667 0.7783333333333333 0.02666666666666667 0.02666666666666667
0 0.7016666666666667 0.58 0.023333333333333334 0.023333333333333334
0 0.9616666666666667 0.7483333333333333 0.023333333333333334 0.023333333333333334
0 0.7183333333333334 0.89 0.023333333333333334 0.023333333333333334
0 0.9783333333333334 0.8066666666666666 0.02666666666666667 0.02666666666666667
0 0.935 0.7983333333333333 0.023333333333333334 0.023333333333333334
0 0.845 0.9216666666666666 0.02666666666666667 0.02666666666666667
0 0.9333333333333333 0.49666666666666665 0.023333333333333334 0.023333333333333334
0 0.9166666666666666 0.7816666666666666 0.023333333333333334 0.023333333333333334
0 0.9066666666666666 0.745 0.02666666666666667 0.02666666666666667
0 0.9516666666666667 0.5816666666666667 0.023333333333333334 0.023333333333333334
0 0.9233333333333333 0.7233333333333334 0.023333333333333334 0.023333333333333334
0 0.023333333333333334 0.18833333333333332 0.028333333333333332 0.025
0 0.016666666666666666 0.31666666666666665 0.02666666666666667 0.03
0 0.3566666666666667 0.5416666666666666 0.03333333333333333 0.03
0 0.3466666666666667 0.6266666666666667 0.023333333333333334 0.02
0 0.36666666666666664 0.62 0.02666666666666667 0.023333333333333334
0 0.07333333333333333 0.7116666666666667 0.02666666666666667 0.02666666666666667
0 0.07333333333333333 0.7316666666666667 0.03 0.02
0 0.25833333333333336 0.7916666666666666 0.03 0.023333333333333334
0 0.47333333333333333 0.4866666666666667 0.023333333333333334 0.02666666666666667
0 0.41333333333333333 0.5716666666666667 0.02666666666666667 0.03
0 0.22333333333333333 0.515 0.03333333333333333 0.028333333333333332
0 0.5333333333333333 0.6316666666666667 0.023333333333333334 0.023333333333333334
0 0.29 0.5066666666666667 0.023333333333333334 0.023333333333333334
0 0.37833333333333335 0.585 0.023333333333333334 0.023333333333333334
0 0.18333333333333332 0.5666666666666667 0.023333333333333334 0.023333333333333334
0 0.055 0.35333333333333333 0.02666666666666667 0.02666666666666667
0 0.99 0.71 0.018333333333333333 0.023333333333333334
0 0.5466666666666666 0.7233333333333334 0.025 0.02666666666666667
0 0.08333333333333333 0.28 0.021666666666666667 0.025