0 0.4666666666666667 0.585 0.028333333333333332 0.03166666666666667
0 0.5033333333333333 0.6066666666666667 0.023333333333333334 0.023333333333333334
0 0.6466666666666666 0.76 0.02666666666666667 0.02666666666666667
0 0.44666666666666666 0.8366666666666667 0.03 0.02666666666666667
0 0.625 0.9116666666666666 0.023333333333333334 0.023333333333333334
0 0.4216666666666667 0.5783333333333334 0.02666666666666667 0.023333333333333334
0 0.4583333333333333 0.7 0.03 0.02666666666666667
0 0.6683333333333333 0.545 0.02666666666666667 0.02666666666666667
0 0.6016666666666667 0.28833333333333333 0.023333333333333334 0.02666666666666667
0 0.655 0.33666666666666667 0.02 0.023333333333333334
0 0.5416666666666666 0.3383333333333333 0.023333333333333334 0.023333333333333334
0 0.7816666666666666 0.4033333333333333 0.02666666666666667 0.023333333333333334
0 0.755 0.4033333333333333 0.023333333333333334 0.023333333333333334
0 0.6733333333333333 0.475 0.02666666666666667 0.02666666666666667
0 0.4583333333333333 0.4866666666666667 0.03 0.03
0 0.465 0.425 0.03 0.023333333333333334