0 0.5433333333333333 0.825 0.02666666666666667 0.03
0 0.5666666666666667 0.8283333333333334 0.03 0.02666666666666667
0 0.4633333333333333 0.8733333333333333 0.023333333333333334 0.02
0 0.4866666666666667 0.8583333333333333 0.02666666666666667 0.02666666666666667
0 0.49833333333333335 0.48 0.03 0.02
0 0.5816666666666667 0.49833333333333335 0.02 0.023333333333333334
0 0.5616666666666666 0.38333333333333336 0.02666666666666667 0.02666666666666667
0 0.6133333333333333 0.47833333333333333 0.023333333333333334 0.02666666666666667
0 0.125 0.41333333333333333 0.03 0.03
0 0.2783333333333333 0.4683333333333333 0.02 0.02
0 0.06166666666666667 0.45166666666666666 0.023333333333333334 0.023333333333333334
0 0.49 0.45166666666666666 0.023333333333333334 0.023333333333333334
0 0.5083333333333333 0.09666666666666666 0.02666666666666667 0.02666666666666667
0 0.5466666666666666 0.415 0.025 0.03166666666666667
0 0.6 0.37833333333333335 0.025 0.02666666666666667
0 0.4166666666666667 0.5266666666666666 0.028333333333333332 0.03