0 0.24666666666666667 0.9216666666666666 0.028333333333333332 0.025
0 0.23333333333333334 0.9716666666666667 0.03333333333333333 0.02666666666666667
0 0.21833333333333332 0.5483333333333333 0.03 0.028333333333333332
0 0.975 0.87 0.025 0.02666666666666667
0 0.14333333333333334 0.07833333333333334 0.023333333333333334 0.023333333333333334
0 0.38166666666666665 0.1 0.02 0.023333333333333334
0 0.36 0.021666666666666667 0.03166666666666667 0.03166666666666667
0 0.3516666666666667 0.095 0.02666666666666667 0.02666666666666667
0 0.145 0.5283333333333333 0.03333333333333333 0.02666666666666667
0 0.51 0.016666666666666666 0.025 0.028333333333333332
0 0.2833333333333333 0.74 0.028333333333333332 0.03166666666666667