0 0.11666666666666667 0.15666666666666668 0.03333333333333333 0.025
0 0.07 0.14166666666666666 0.03 0.03
0 0.11666666666666667 0.115 0.03 0.03
0 0.26166666666666666 0.3566666666666667 0.02666666666666667 0.023333333333333334
0 0.32666666666666666 0.43 0.03 0.03
0 0.11166666666666666 0.45 0.03 0.02666666666666667
0 0.115 0.30833333333333335 0.02666666666666667 0.023333333333333334
0 0.07833333333333334 0.24833333333333332 0.02666666666666667 0.023333333333333334
0 0.135 0.38166666666666665 0.03 0.023333333333333334
0 0.11833333333333333 0.33666666666666667 0.03333333333333333 0.03
0 0.24666666666666667 0.19166666666666668 0.02666666666666667 0.02
0 0.14666666666666667 0.06333333333333334 0.023333333333333334 0.03
0 0.19 0.41333333333333333 0.03 0.03
0 0.22833333333333333 0.3883333333333333 0.03 0.023333333333333334
0 0.058333333333333334 0.3016666666666667 0.02666666666666667 0.02666666666666667
0 0.30833333333333335 0.11666666666666667 0.02666666666666667 0.03
0 0.335 0.36666666666666664 0.023333333333333334 0.023333333333333334
0 0.33166666666666667 0.3333333333333333 0.02666666666666667 0.023333333333333334
0 0.18333333333333332 0.25833333333333336 0.03166666666666667 0.02
0 0.145 0.4266666666666667 0.03 0.023333333333333334
0 0.065 0.435 0.023333333333333334 0.02
0 0.2683333333333333 0.44 0.03 0.02
0 0.25166666666666665 0.32166666666666666 0.02666666666666667 0.023333333333333334
0 0.09 0.285 0.02666666666666667 0.02
0 0.295 0.4716666666666667 0.03333333333333333 0.03
0 0.15166666666666667 0.185 0.02666666666666667 0.03
0 0.31666666666666665 0.08166666666666667 0.023333333333333334 0.023333333333333334
0 0.29833333333333334 0.08666666666666667 0.023333333333333334 0.02666666666666667
0 0.31833333333333336 0.3616666666666667 0.023333333333333334 0.02
0 0.3283333333333333 0.30666666666666664 0.02 0.02
0 0.345 0.29833333333333334 0.02666666666666667 0.02
0 0.058333333333333334 0.2733333333333333 0.02666666666666667 0.02666666666666667
0 0.095 0.33666666666666667 0.02 0.02666666666666667
0 0.7983333333333333 0.045 0.016666666666666666 0.02
0 0.225 0.5483333333333333 0.03 0.02
0 0.23 0.6083333333333333 0.023333333333333334 0.023333333333333334
0 0.045 0.59 0.03 0.023333333333333334
0 0.051666666666666666 0.77 0.023333333333333334 0.03
0 0.10666666666666667 0.7933333333333333 0.021666666666666667 0.018333333333333333
0 0.03833333333333333 0.6866666666666666 0.02666666666666667 0.03
0 0.12166666666666667 0.6483333333333333 0.02666666666666667 0.023333333333333334
0 0.20833333333333334 0.5783333333333334 0.023333333333333334 0.02
0 0.12666666666666668 0.7033333333333334 0.023333333333333334 0.023333333333333334
0 0.03333333333333333 0.5533333333333333 0.02 0.02
0 0.08166666666666667 0.5566666666666666 0.02 0.02
0 0.16666666666666666 0.5766666666666667 0.02666666666666667 0.023333333333333334
0 0.195 0.5616666666666666 0.03 0.023333333333333334
0 0.051666666666666666 0.5316666666666666 0.02666666666666667 0.02
0 0.16666666666666666 0.51 0.02 0.02
0 0.14333333333333334 0.5116666666666667 0.02 0.02
0 0.14833333333333334 0.545 0.02 0.02666666666666667
0 0.058333333333333334 0.6316666666666667 0.023333333333333334 0.023333333333333334
0 0.08166666666666667 0.5233333333333333 0.02 0.02
0 0.056666666666666664 0.8183333333333334 0.02 0.02666666666666667
0 0.14666666666666667 0.6266666666666667 0.023333333333333334 0.02
0 0.15 0.675 0.021666666666666667 0.021666666666666667
0 0.23833333333333334 0.5216666666666666 0.02666666666666667 0.03
0 0.6383333333333333 0.71 0.016666666666666666 0.02
0 0.6383333333333333 0.7333333333333333 0.02 0.016666666666666666
0 0.78 0.8766666666666667 0.02666666666666667 0.02
0 0.56 0.7566666666666667 0.028333333333333332 0.02
0 0.6216666666666667 0.6983333333333334 0.023333333333333334 0.023333333333333334
0 0.006666666666666667 0.7483333333333333 0.013333333333333334 0.02
0 0.018333333333333333 0.9633333333333334 0.023333333333333334 0.023333333333333334
0 0.01 0.3416666666666667 0.02 0.023333333333333334
0 0.008333333333333333 0.4766666666666667 0.016666666666666666 0.023333333333333334
0 0.28 0.06 0.025 0.023333333333333334
0 0.16666666666666666 0.6016666666666667 0.02 0.02
0 0.07833333333333334 0.38 0.03166666666666667 0.03
0 0.08333333333333333 0.015 0.035 0.02666666666666667
0 0.33 0.17166666666666666 0.03 0.028333333333333332
0 0.23 0.48833333333333334 0.025 0.023333333333333334
0 0.19833333333333333 0.8816666666666667 0.028333333333333332 0.028333333333333332
0 0.5666666666666667 0.73 0.02666666666666667 0.028333333333333332
0 0.2916666666666667 0.375 0.02 0.021666666666666667
0 0.78 0.46166666666666667 0.02 0.023333333333333334
0 0.06666666666666667 0.805 0.023333333333333334 0.021666666666666667