0 0.6366666666666667 0.6516666666666666 0.023333333333333334 0.02666666666666667
0 0.7133333333333334 0.8933333333333333 0.023333333333333334 0.023333333333333334
0 0.5683333333333334 0.5266666666666666 0.02 0.03
0 0.41833333333333333 0.015 0.03 0.03
0 0.19333333333333333 0.3466666666666667 0.03333333333333333 0.03
0 0.16666666666666666 0.31666666666666665 0.03333333333333333 0.02666666666666667
0 0.16333333333333333 0.2916666666666667 0.03 0.023333333333333334
0 0.37666666666666665 0.3466666666666667 0.04 0.02666666666666667
0 0.4533333333333333 0.30333333333333334 0.03333333333333333 0.03
0 0.25 0.2683333333333333 0.03 0.02666666666666667
0 0.17833333333333334 0.18666666666666668 0.03 0.03
0 0.17166666666666666 0.09333333333333334 0.03 0.02666666666666667
0 0.165 0.27 0.03 0.023333333333333334
0 0.46 0.4116666666666667 0.023333333333333334 0.023333333333333334
0 0.4666666666666667 0.38333333333333336 0.023333333333333334 0.023333333333333334
0 0.42333333333333334 0.36 0.023333333333333334 0.02
0 0.48333333333333334 0.25833333333333336 0.023333333333333334 0.023333333333333334
0 0.5616666666666666 0.26666666666666666 0.02666666666666667 0.03333333333333333
0 0.5816666666666667 0.29333333333333333 0.02666666666666667 0.03
0 0.8483333333333334 0.37166666666666665 0.02666666666666667 0.03
0 0.6216666666666667 0.26166666666666666 0.023333333333333334 0.023333333333333334
0 0.5383333333333333 0.07166666666666667 0.02666666666666667 0.023333333333333334
0 0.44666666666666666 0.8783333333333333 0.03333333333333333 0.03
0 0.3616666666666667 0.6083333333333333 0.023333333333333334 0.03
0 0.32 0.8616666666666667 0.02666666666666667 0.02666666666666667
0 0.4266666666666667 0.5716666666666667 0.02 0.02666666666666667
0 0.48333333333333334 0.14666666666666667 0.023333333333333334 0.025
0 0.5433333333333333 0.7233333333333334 0.02666666666666667 0.02666666666666667
0 0.5516666666666666 0.7533333333333333 0.02666666666666667 0.025
0 0.4816666666666667 0.47 0.023333333333333334 0.021666666666666667
0 0.4666666666666667 0.4816666666666667 0.023333333333333334 0.023333333333333334
0 0.665 0.47 0.028333333333333332 0.03333333333333333
0 0.5833333333333334 0.035 0.023333333333333334 0.02
0 0.5516666666666666 0.025 0.023333333333333334 0.02666666666666667
0 0.37666666666666665 0.5166666666666667 0.028333333333333332 0.03
0 0.41833333333333333 0.4066666666666667 0.03 0.02666666666666667
0 0.5183333333333333 0.62 0.02 0.025
0 0.5233333333333333 0.09666666666666666 0.023333333333333334 0.023333333333333334
0 0.22333333333333333 0.40166666666666667 0.025 0.023333333333333334
0 0.905 0.135 0.025 0.028333333333333332
0 0.455 0.06166666666666667 0.035 0.03
0 0.49333333333333335 0.03666666666666667 0.025 0.03166666666666667