0 0.4716666666666667 0.6233333333333333 0.03 0.02666666666666667
0 0.41333333333333333 0.95 0.02666666666666667 0.023333333333333334
0 0.5116666666666667 0.9483333333333334 0.02 0.02
0 0.4716666666666667 0.9633333333333334 0.02666666666666667 0.02666666666666667
0 0.8883333333333333 0.6216666666666667 0.02666666666666667 0.03
0 0.885 0.5716666666666667 0.03333333333333333 0.02666666666666667
0 0.7633333333333333 0.6533333333333333 0.02666666666666667 0.023333333333333334
0 0.89 0.755 0.03 0.03
0 0.8633333333333333 0.8033333333333333 0.03 0.02666666666666667
0 0.9366666666666666 0.7033333333333334 0.02666666666666667 0.023333333333333334
0 0.9383333333333334 0.5983333333333334 0.02666666666666667 0.03
0 0.79 0.5816666666666667 0.03 0.03166666666666667
0 0.9233333333333333 0.535 0.02666666666666667 0.023333333333333334
0 0.8666666666666667 0.65 0.03 0.03
0 0.9016666666666666 0.8583333333333333 0.02666666666666667 0.023333333333333334
0 0.9583333333333334 0.7166666666666667 0.03 0.03
0 0.93 0.9866666666666667 0.03 0.02666666666666667
0 0.8366666666666667 0.7166666666666667 0.03 0.03
0 0.7683333333333333 0.6283333333333333 0.023333333333333334 0.023333333333333334
0 0.83 0.5083333333333333 0.03333333333333333 0.03333333333333333
0 0.9316666666666666 0.8716666666666667 0.02666666666666667 0.02666666666666667
0 0.8616666666666667 0.975 0.023333333333333334 0.02
0 0.82 0.93 0.023333333333333334 0.02
0 0.8683333333333333 0.92 0.02 0.02666666666666667
0 0.96 0.8933333333333333 0.028333333333333332 0.03
0 0.8716666666666667 0.9466666666666667 0.02 0.023333333333333334
0 0.8983333333333333 0.6333333333333333 0.03 0.023333333333333334
0 0.5816666666666667 0.335 0.023333333333333334 0.023333333333333334
0 0.57 0.4683333333333333 0.02 0.023333333333333334
0 0.59 0.48 0.023333333333333334 0.023333333333333334
0 0.8433333333333334 0.46166666666666667 0.023333333333333334 0.023333333333333334
0 0.5783333333333334 0.23833333333333334 0.023333333333333334 0.023333333333333334
0 0.6283333333333333 0.49333333333333335 0.03166666666666667 0.03
0 0.5916666666666667 0.25666666666666665 0.023333333333333334 0.02
0 0.735 0.49 0.02666666666666667 0.03
0 0.2633333333333333 0.33 0.02666666666666667 0.02666666666666667
0 0.6833333333333333 0.3933333333333333 0.023333333333333334 0.02666666666666667