0 0.935 0.795 0.023333333333333334 0.03
0 0.9566666666666667 0.7933333333333333 0.02 0.023333333333333334
0 0.68 0.25 0.02666666666666667 0.02666666666666667
0 0.37333333333333335 0.47333333333333333 0.03333333333333333 0.02666666666666667
0 0.29833333333333334 0.4083333333333333 0.02666666666666667 0.02
0 0.37833333333333335 0.3616666666666667 0.02666666666666667 0.02
0 0.23333333333333334 0.11833333333333333 0.023333333333333334 0.021666666666666667
0 0.39166666666666666 0.61 0.03 0.023333333333333334
0 0.38166666666666665 0.6283333333333333 0.02666666666666667 0.02
0 0.4683333333333333 0.95 0.023333333333333334 0.02666666666666667
0 0.19833333333333333 0.9266666666666666 0.03 0.03
0 0.38333333333333336 0.7333333333333333 0.02666666666666667 0.02
0 0.16 0.8733333333333333 0.023333333333333334 0.02
0 0.21166666666666667 0.7966666666666666 0.03 0.023333333333333334
0 0.4633333333333333 0.5083333333333333 0.03 0.02
0 0.4533333333333333 0.49166666666666664 0.02666666666666667 0.02
0 0.14666666666666667 0.5283333333333333 0.03333333333333333 0.03
0 0.22 0.465 0.016666666666666666 0.016666666666666666
0 0.22333333333333333 0.5683333333333334 0.023333333333333334 0.023333333333333334
0 0.07666666666666666 0.97 0.023333333333333334 0.02
0 0.30333333333333334 0.7933333333333333 0.02 0.02
0 0.26666666666666666 0.4083333333333333 0.02 0.02
0 0.2816666666666667 0.41833333333333333 0.02 0.016666666666666666
0 0.165 0.6966666666666667 0.02 0.02
0 0.22166666666666668 0.7383333333333333 0.023333333333333334 0.02
0 0.12666666666666668 0.6516666666666666 0.02666666666666667 0.02
0 0.2783333333333333 0.6416666666666667 0.02666666666666667 0.02
0 0.26666666666666666 0.67 0.023333333333333334 0.023333333333333334
0 0.17666666666666667 0.59 0.023333333333333334 0.02
0 0.06333333333333334 0.9266666666666666 0.023333333333333334 0.02
0 0.28 0.45666666666666667 0.02 0.02
0 0.2916666666666667 0.5983333333333334 0.023333333333333334 0.02
0 0.06166666666666667 0.4533333333333333 0.023333333333333334 0.023333333333333334
0 0.15333333333333332 0.8883333333333333 0.02 0.02
0 0.24666666666666667 0.5133333333333333 0.02 0.02
0 0.45166666666666666 0.36666666666666664 0.02666666666666667 0.02
0 0.16666666666666666 0.7533333333333333 0.023333333333333334 0.023333333333333334
0 0.135 0.9766666666666667 0.02 0.02666666666666667
0 0.025 0.5283333333333333 0.028333333333333332 0.03166666666666667
0 0.03 0.59 0.02666666666666667 0.03166666666666667
0 0.14833333333333334 0.4716666666666667 0.02 0.023333333333333334
0 0.065 0.95 0.03166666666666667 0.023333333333333334
0 0.03 0.275 0.028333333333333332 0.02666666666666667
0 0.295 0.63 0.021666666666666667 0.02
0 0.23 0.6733333333333333 0.023333333333333334 0.028333333333333332