0 0.47333333333333333 0.40166666666666667 0.03 0.02666666666666667
0 0.4 0.4216666666666667 0.035 0.03
0 0.37833333333333335 0.4683333333333333 0.02666666666666667 0.02666666666666667
0 0.41 0.55 0.02666666666666667 0.023333333333333334
0 0.5033333333333333 0.49833333333333335 0.02666666666666667 0.02
0 0.4866666666666667 0.7466666666666667 0.03 0.03
0 0.49666666666666665 0.7116666666666667 0.03 0.02
0 0.305 0.7183333333333334 0.03 0.02666666666666667
0 0.4683333333333333 0.6566666666666666 0.02666666666666667 0.02666666666666667
0 0.4716666666666667 0.9316666666666666 0.02 0.023333333333333334
0 0.5383333333333333 0.87 0.03 0.023333333333333334
0 0.6733333333333333 0.8683333333333333 0.03 0.02666666666666667
0 0.65 0.92 0.03 0.023333333333333334
0 0.7066666666666667 0.8466666666666667 0.02666666666666667 0.03
0 0.345 0.44 0.02666666666666667 0.02
0 0.36833333333333335 0.42 0.03 0.02
0 0.45666666666666667 0.29833333333333334 0.023333333333333334 0.02666666666666667
0 0.4716666666666667 0.32 0.03 0.023333333333333334
0 0.625 0.37166666666666665 0.02666666666666667 0.02666666666666667
0 0.6183333333333333 0.605 0.03 0.02666666666666667
0 0.42833333333333334 0.5816666666666667 0.02666666666666667 0.021666666666666667
0 0.6983333333333334 0.8116666666666666 0.02666666666666667 0.023333333333333334
0 0.7333333333333333 0.9033333333333333 0.03333333333333333 0.03
0 0.6983333333333334 0.9266666666666666 0.023333333333333334 0.023333333333333334
0 0.5483333333333333 0.7533333333333333 0.02666666666666667 0.02
0 0.5683333333333334 0.7583333333333333 0.023333333333333334 0.023333333333333334
0 0.535 0.5566666666666666 0.03333333333333333 0.03
0 0.59 0.5966666666666667 0.02666666666666667 0.023333333333333334
0 0.6766666666666666 0.64 0.03 0.02666666666666667
0 0.7066666666666667 0.655 0.02666666666666667 0.02
0 0.7733333333333333 0.9433333333333334 0.02666666666666667 0.02
0 0.6416666666666667 0.3333333333333333 0.023333333333333334 0.03
0 0.535 0.9766666666666667 0.03 0.03
0 0.27 0.205 0.028333333333333332 0.025
0 0.25333333333333335 0.28833333333333333 0.025 0.025
0 0.5116666666666667 0.9233333333333333 0.02666666666666667 0.02
0 0.7433333333333333 0.96 0.02666666666666667 0.02
0 0.3383333333333333 0.36666666666666664 0.02666666666666667 0.023333333333333334
0 0.7383333333333333 0.8533333333333334 0.03 0.03
0 0.31166666666666665 0.24833333333333332 0.02666666666666667 0.02666666666666667
0 0.5516666666666666 0.6183333333333333 0.02666666666666667 0.02666666666666667
0 0.6933333333333334 0.7533333333333333 0.02666666666666667 0.02666666666666667
0 0.7683333333333333 0.885 0.023333333333333334 0.023333333333333334
0 0.36666666666666664 0.7983333333333333 0.023333333333333334 0.023333333333333334
0 0.9683333333333334 0.7066666666666667 0.02666666666666667 0.023333333333333334
0 0.74 0.9333333333333333 0.02666666666666667 0.02666666666666667
0 0.4633333333333333 0.7683333333333333 0.02666666666666667 0.02666666666666667
0 0.8916666666666667 0.74 0.02666666666666667 0.02666666666666667
0 0.09666666666666666 0.11833333333333333 0.02 0.02666666666666667
0 0.9133333333333333 0.6433333333333333 0.025 0.016666666666666666
0 0.9216666666666666 0.6666666666666666 0.02666666666666667 0.023333333333333334
0 0.5033333333333333 0.9833333333333333 0.023333333333333334 0.023333333333333334
0 0.5016666666666667 0.8966666666666666 0.02666666666666667 0.023333333333333334
0 0.34833333333333333 0.77 0.023333333333333334 0.023333333333333334
0 0.645 0.6 0.03 0.023333333333333334
0 0.11 0.11666666666666667 0.02 0.023333333333333334
0 0.5783333333333334 0.6133333333333333 0.023333333333333334 0.023333333333333334
0 0.365 0.68 0.03333333333333333 0.03166666666666667
0 0.6416666666666667 0.8383333333333334 0.03 0.02666666666666667
0 0.92 0.8766666666666667 0.03 0.03