0 0.4766666666666667 0.17333333333333334 0.02666666666666667 0.02666666666666667
0 0.20166666666666666 0.09333333333333334 0.02666666666666667 0.02666666666666667
0 0.47 0.3433333333333333 0.023333333333333334 0.02
0 0.4683333333333333 0.3616666666666667 0.023333333333333334 0.02
0 0.8983333333333333 0.21666666666666667 0.02666666666666667 0.03
0 0.9616666666666667 0.22 0.02666666666666667 0.03
0 0.605 0.22833333333333333 0.02666666666666667 0.02666666666666667
0 0.8333333333333334 0.21333333333333335 0.03 0.03
0 0.9116666666666666 0.17166666666666666 0.03 0.03
0 0.9616666666666667 0.24333333333333335 0.023333333333333334 0.02
0 0.22833333333333333 0.5383333333333333 0.023333333333333334 0.023333333333333334
0 0.8416666666666667 0.4866666666666667 0.03 0.03
0 0.3283333333333333 0.6 0.025 0.025