0 0.12333333333333334 0.6616666666666666 0.03666666666666667 0.03
0 0.07666666666666666 0.6483333333333333 0.03 0.03
0 0.12333333333333334 0.6233333333333333 0.03 0.03
0 0.27 0.86 0.03 0.03
0 0.335 0.9383333333333334 0.03 0.03
0 0.11833333333333333 0.9583333333333334 0.03 0.02666666666666667
0 0.12166666666666667 0.8166666666666667 0.02666666666666667 0.023333333333333334
0 0.08666666666666667 0.7566666666666667 0.02666666666666667 0.023333333333333334
0 0.13833333333333334 0.8866666666666667 0.03 0.023333333333333334
0 0.125 0.8433333333333334 0.03333333333333333 0.03
0 0.25666666666666665 0.7 0.02666666666666667 0.02
0 0.15333333333333332 0.5716666666666667 0.023333333333333334 0.03
0 0.19833333333333333 0.9216666666666666 0.03 0.03
0 0.235 0.8966666666666666 0.03 0.023333333333333334
0 0.06666666666666667 0.8083333333333333 0.02666666666666667 0.02666666666666667
0 0.315 0.6233333333333333 0.02666666666666667 0.03
0 0.3433333333333333 0.875 0.023333333333333334 0.023333333333333334
0 0.3383333333333333 0.84 0.02666666666666667 0.023333333333333334
0 0.19166666666666668 0.76 0.03333333333333333 0.03333333333333333
0 0.15166666666666667 0.935 0.03 0.023333333333333334
0 0.07166666666666667 0.9466666666666667 0.023333333333333334 0.02
0 0.25833333333333336 0.8283333333333334 0.02666666666666667 0.023333333333333334
0 0.09833333333333333 0.7933333333333333 0.02666666666666667 0.02
0 0.3016666666666667 0.9783333333333334 0.03333333333333333 0.03
0 0.15833333333333333 0.6833333333333333 0.02666666666666667 0.03
0 0.32166666666666666 0.5933333333333334 0.023333333333333334 0.023333333333333334
0 0.325 0.87 0.023333333333333334 0.02
0 0.33666666666666667 0.8133333333333334 0.02 0.02
0 0.06666666666666667 0.7816666666666666 0.02666666666666667 0.02666666666666667
0 0.10166666666666667 0.845 0.02 0.02666666666666667
0 0.805 0.5533333333333333 0.016666666666666666 0.02
0 0.03333333333333333 0.32166666666666666 0.023333333333333334 0.03
0 0.14 0.09833333333333333 0.02666666666666667 0.02666666666666667
0 0.12166666666666667 0.115 0.023333333333333334 0.025
0 0.08333333333333333 0.11833333333333333 0.02666666666666667 0.023333333333333334
0 0.22666666666666666 0.42833333333333334 0.02666666666666667 0.03666666666666667
0 0.18166666666666667 0.45666666666666667 0.02666666666666667 0.025
0 0.11666666666666667 0.3466666666666667 0.03 0.03
0 0.08 0.041666666666666664 0.025 0.023333333333333334
0 0.06666666666666667 0.35333333333333333 0.02666666666666667 0.03
0 0.11666666666666667 0.20166666666666666 0.03333333333333333 0.03
0 0.27 0.28 0.028333333333333332 0.025
0 0.18833333333333332 0.25 0.02666666666666667 0.02
0 0.23833333333333334 0.37166666666666665 0.02 0.023333333333333334
0 0.25333333333333335 0.385 0.02 0.02666666666666667
0 0.29333333333333333 0.225 0.02 0.02
0 0.2683333333333333 0.21 0.02 0.02
0 0.285 0.20166666666666666 0.02666666666666667 0.03
0 0.13166666666666665 0.05 0.023333333333333334 0.03
0 0.42333333333333334 0.4083333333333333 0.023333333333333334 0.02
0 0.315 0.3566666666666667 0.03 0.03
0 0.17333333333333334 0.08 0.023333333333333334 0.02
0 0.49166666666666664 0.445 0.03 0.02666666666666667
0 0.058333333333333334 0.31166666666666665 0.02666666666666667 0.023333333333333334
0 0.07666666666666666 0.17166666666666666 0.02666666666666667 0.023333333333333334
0 0.135 0.2683333333333333 0.03333333333333333 0.03
0 0.605 0.44333333333333336 0.03 0.023333333333333334
0 0.5683333333333334 0.25833333333333336 0.03 0.02666666666666667
0 0.885 0.38333333333333336 0.02 0.016666666666666666
0 0.013333333333333334 0.8466666666666667 0.02666666666666667 0.03
0 0.016666666666666666 0.03333333333333333 0.02 0.02
0 0.013333333333333334 0.9816666666666667 0.023333333333333334 0.023333333333333334
0 0.051666666666666666 0.01 0.03 0.02
0 0.8483333333333334 0.4533333333333333 0.021666666666666667 0.021666666666666667
0 0.9833333333333333 0.3 0.02 0.02666666666666667
0 0.8733333333333333 0.3566666666666667 0.02 0.021666666666666667
0 0.25 0.43666666666666665 0.023333333333333334 0.02666666666666667
0 0.08833333333333333 0.8883333333333333 0.028333333333333332 0.028333333333333332
0 0.9133333333333333 0.20666666666666667 0.021666666666666667 0.02
0 0.08833333333333333 0.52 0.028333333333333332 0.021666666666666667
0 0.018333333333333333 0.59 0.023333333333333334 0.016666666666666666
0 0.015 0.64 0.025 0.02666666666666667
0 0.2966666666666667 0.8816666666666667 0.023333333333333334 0.023333333333333334