0 0.24833333333333332 0.09166666666666666 0.025 0.021666666666666667
0 0.4716666666666667 0.06 0.02666666666666667 0.023333333333333334
0 0.013333333333333334 0.275 0.023333333333333334 0.02666666666666667
0 0.225 0.3616666666666667 0.028333333333333332 0.02666666666666667
0 0.23833333333333334 0.425 0.03 0.03
0 0.37333333333333335 0.46 0.02666666666666667 0.03
0 0.008333333333333333 0.32666666666666666 0.016666666666666666 0.023333333333333334
0 0.47833333333333333 0.455 0.02666666666666667 0.02666666666666667
0 0.5783333333333334 0.5583333333333333 0.023333333333333334 0.02
0 0.5516666666666666 0.85 0.02666666666666667 0.023333333333333334
0 0.5316666666666666 0.9016666666666666 0.02666666666666667 0.03
0 0.7333333333333333 0.9733333333333334 0.04 0.03
0 0.7283333333333334 0.8116666666666666 0.03333333333333333 0.023333333333333334
0 0.6666666666666666 0.8666666666666667 0.03 0.023333333333333334
0 0.575 0.8516666666666667 0.023333333333333334 0.023333333333333334
0 0.5516666666666666 0.8733333333333333 0.023333333333333334 0.023333333333333334
0 0.5566666666666666 0.9466666666666667 0.02666666666666667 0.02666666666666667
0 0.645 0.7266666666666667 0.02666666666666667 0.023333333333333334
0 0.6466666666666666 0.7433333333333333 0.03 0.02666666666666667
0 0.5533333333333333 0.6533333333333333 0.03 0.02666666666666667
0 0.7566666666666667 0.20333333333333334 0.023333333333333334 0.023333333333333334
0 0.9516666666666667 0.13666666666666666 0.02666666666666667 0.02666666666666667
0 0.9266666666666666 0.8233333333333334 0.02666666666666667 0.02666666666666667
0 0.715 0.8983333333333333 0.02666666666666667 0.02666666666666667
0 0.7183333333333334 0.9433333333333334 0.02666666666666667 0.02666666666666667
0 0.7533333333333333 0.23 0.02666666666666667 0.023333333333333334
0 0.7483333333333333 0.28833333333333333 0.02666666666666667 0.02666666666666667
0 0.5983333333333334 0.88 0.023333333333333334 0.02
0 0.8016666666666666 0.09666666666666666 0.02666666666666667 0.023333333333333334
0 0.595 0.9116666666666666 0.023333333333333334 0.023333333333333334
0 0.6066666666666667 0.5566666666666666 0.023333333333333334 0.023333333333333334
0 0.22 0.48833333333333334 0.025 0.028333333333333332
0 0.18666666666666668 0.49 0.023333333333333334 0.02666666666666667
0 0.16833333333333333 0.5016666666666667 0.023333333333333334 0.02666666666666667
0 0.49333333333333335 0.6283333333333333 0.02666666666666667 0.03333333333333333
0 0.43666666666666665 0.6983333333333334 0.023333333333333334 0.023333333333333334
0 0.48333333333333334 0.7166666666666667 0.02 0.023333333333333334
0 0.435 0.7766666666666666 0.03 0.03
0 0.3466666666666667 0.8183333333333334 0.03 0.02666666666666667
0 0.28833333333333333 0.8116666666666666 0.02666666666666667 0.023333333333333334
0 0.19833333333333333 0.9633333333333334 0.023333333333333334 0.02
0 0.20833333333333334 0.9816666666666667 0.03666666666666667 0.03
0 0.4866666666666667 0.9133333333333333 0.03 0.02666666666666667
0 0.31666666666666665 0.8433333333333334 0.02666666666666667 0.02666666666666667
0 0.43 0.8733333333333333 0.02666666666666667 0.023333333333333334
0 0.095 0.5583333333333333 0.03 0.03
0 0.08 0.8916666666666667 0.023333333333333334 0.03
0 0.18666666666666668 0.7066666666666667 0.02666666666666667 0.023333333333333334
0 0.36833333333333335 0.8583333333333333 0.02666666666666667 0.02666666666666667
0 0.275 0.9333333333333333 0.03 0.03
0 0.2916666666666667 0.9866666666666667 0.02666666666666667 0.023333333333333334
0 0.36666666666666664 0.9283333333333333 0.023333333333333334 0.02
0 0.38 0.785 0.02666666666666667 0.02666666666666667
0 0.19 0.585 0.023333333333333334 0.023333333333333334
0 0.4533333333333333 0.755 0.023333333333333334 0.023333333333333334
0 0.21 0.8966666666666666 0.023333333333333334 0.023333333333333334
0 0.47 0.8133333333333334 0.02666666666666667 0.02666666666666667
0 0.4266666666666667 0.8066666666666666 0.023333333333333334 0.023333333333333334
0 0.33666666666666667 0.9283333333333333 0.02666666666666667 0.02666666666666667
0 0.43166666666666664 0.5083333333333333 0.023333333333333334 0.023333333333333334
0 0.4083333333333333 0.7883333333333333 0.023333333333333334 0.023333333333333334
0 0.3983333333333333 0.7516666666666667 0.02666666666666667 0.02666666666666667
0 0.4166666666666667 0.73 0.023333333333333334 0.023333333333333334
0 0.021666666666666667 0.895 0.02 0.02666666666666667
0 0.02666666666666667 0.6383333333333333 0.023333333333333334 0.023333333333333334
0 0.19 0.9366666666666666 0.02666666666666667 0.023333333333333334