0 0.585 0.48 0.03 0.02666666666666667
0 0.9683333333333334 0.8683333333333333 0.023333333333333334 0.02
0 0.97 0.785 0.023333333333333334 0.03
0 0.9133333333333333 0.6883333333333334 0.02666666666666667 0.023333333333333334
0 0.9733333333333334 0.5666666666666667 0.03 0.02666666666666667
0 0.33666666666666667 0.465 0.02666666666666667 0.02666666666666667
0 0.24 0.3616666666666667 0.023333333333333334 0.02666666666666667
0 0.945 0.6483333333333333 0.03 0.03166666666666667
0 0.87 0.6383333333333333 0.03 0.03
0 0.9333333333333333 0.5416666666666666 0.035 0.03666666666666667
0 0.735 0.94 0.03166666666666667 0.023333333333333334