0 0.6016666666666667 0.39166666666666666 0.03 0.03333333333333333
0 0.5533333333333333 0.31333333333333335 0.03 0.03
0 0.5516666666666666 0.385 0.02666666666666667 0.02666666666666667
0 0.72 0.9766666666666667 0.03 0.02666666666666667
0 0.7016666666666667 0.9016666666666666 0.023333333333333334 0.03
0 0.7416666666666667 0.9616666666666667 0.02666666666666667 0.02666666666666667
0 0.455 0.3233333333333333 0.03 0.03
0 0.4633333333333333 0.30333333333333334 0.023333333333333334 0.03
0 0.44666666666666666 0.28 0.023333333333333334 0.023333333333333334
0 0.43333333333333335 0.26 0.02666666666666667 0.03
0 0.5133333333333333 0.29333333333333333 0.023333333333333334 0.023333333333333334
0 0.5283333333333333 0.2833333333333333 0.03 0.023333333333333334
0 0.49166666666666664 0.23 0.03 0.03
0 0.3566666666666667 0.18333333333333332 0.03 0.03
0 0.345 0.16666666666666666 0.02 0.02
0 0.3933333333333333 0.16333333333333333 0.02666666666666667 0.02666666666666667
0 0.40166666666666667 0.12666666666666668 0.023333333333333334 0.023333333333333334
0 0.47833333333333333 0.19166666666666668 0.02666666666666667 0.02666666666666667
0 0.43833333333333335 0.17833333333333334 0.023333333333333334 0.02
0 0.38166666666666665 0.22666666666666666 0.02666666666666667 0.02666666666666667
0 0.27666666666666667 0.19833333333333333 0.02666666666666667 0.023333333333333334
0 0.32166666666666666 0.16 0.02666666666666667 0.023333333333333334
0 0.3516666666666667 0.11833333333333333 0.03 0.02666666666666667
0 0.3883333333333333 0.08 0.023333333333333334 0.023333333333333334
0 0.3566666666666667 0.08666666666666667 0.03 0.023333333333333334
0 0.31333333333333335 0.06 0.03333333333333333 0.03
0 0.21166666666666667 0.07333333333333333 0.023333333333333334 0.02666666666666667
0 0.31166666666666665 0.09333333333333334 0.03 0.02666666666666667
0 0.2733333333333333 0.445 0.02666666666666667 0.02666666666666667
0 0.4166666666666667 0.8566666666666667 0.02666666666666667 0.023333333333333334
0 0.16166666666666665 0.675 0.02666666666666667 0.03
0 0.17333333333333334 0.6883333333333334 0.02666666666666667 0.02666666666666667
0 0.19333333333333333 0.6966666666666667 0.02666666666666667 0.03
0 0.21666666666666667 0.79 0.02666666666666667 0.02666666666666667
0 0.2966666666666667 0.79 0.03 0.02
0 0.37166666666666665 0.7333333333333333 0.03 0.02
0 0.38 0.715 0.03 0.02666666666666667
0 0.3983333333333333 0.8566666666666667 0.023333333333333334 0.02
0 0.47833333333333333 0.91 0.023333333333333334 0.023333333333333334
0 0.38333333333333336 0.7466666666666667 0.023333333333333334 0.02
0 0.3416666666666667 0.6883333333333334 0.023333333333333334 0.023333333333333334
0 0.275 0.7416666666666667 0.03 0.03666666666666667
0 0.28833333333333333 0.7033333333333334 0.023333333333333334 0.03
0 0.20833333333333334 0.7283333333333334 0.02666666666666667 0.02666666666666667
0 0.36333333333333334 0.7733333333333333 0.03 0.02666666666666667
0 0.3883333333333333 0.7683333333333333 0.03 0.023333333333333334
0 0.30833333333333335 0.8283333333333334 0.03 0.02666666666666667
0 0.445 0.8116666666666666 0.03 0.03
0 0.3433333333333333 0.9683333333333334 0.03 0.03
0 0.43166666666666664 0.88 0.023333333333333334 0.03
0 0.44333333333333336 0.8866666666666667 0.02 0.02666666666666667
0 0.4683333333333333 0.6466666666666666 0.03 0.02666666666666667
0 0.44166666666666665 0.9233333333333333 0.023333333333333334 0.023333333333333334
0 0.07 0.505 0.035 0.03
0 0.12 0.485 0.03166666666666667 0.02666666666666667
0 0.155 0.4683333333333333 0.02666666666666667 0.03
0 0.4 0.5116666666666667 0.025 0.02666666666666667
0 0.018333333333333333 0.22333333333333333 0.028333333333333332 0.03333333333333333
0 0.56 0.8216666666666667 0.04 0.04833333333333333
0 0.4583333333333333 0.61 0.02666666666666667 0.03
0 0.41833333333333333 0.23 0.03666666666666667 0.03
0 0.32666666666666666 0.46 0.03 0.03