0 0.41833333333333333 0.265 0.03 0.028333333333333332
0 0.39666666666666667 0.23833333333333334 0.02 0.02666666666666667
0 0.375 0.205 0.02 0.023333333333333334
0 0.3416666666666667 0.25666666666666665 0.03833333333333333 0.03
0 0.36833333333333335 0.14166666666666666 0.02666666666666667 0.02
0 0.3933333333333333 0.11833333333333333 0.02 0.02
0 0.44 0.47 0.02 0.016666666666666666
0 0.45666666666666667 0.3983333333333333 0.02 0.02
0 0.47333333333333333 0.485 0.03333333333333333 0.03
0 0.46 0.28833333333333333 0.02666666666666667 0.023333333333333334
0 0.36333333333333334 0.6016666666666667 0.023333333333333334 0.03
0 0.4066666666666667 0.775 0.025 0.02666666666666667
0 0.5083333333333333 0.365 0.028333333333333332 0.02666666666666667
0 0.53 0.3383333333333333 0.02666666666666667 0.02
0 0.64 0.315 0.02666666666666667 0.023333333333333334
0 0.5216666666666666 0.39666666666666667 0.02 0.02
0 0.49166666666666664 0.33666666666666667 0.02666666666666667 0.023333333333333334
0 0.5233333333333333 0.425 0.02666666666666667 0.02
0 0.6733333333333333 0.3616666666666667 0.03 0.023333333333333334
0 0.5966666666666667 0.38166666666666665 0.023333333333333334 0.02666666666666667
0 0.4116666666666667 0.6183333333333333 0.02666666666666667 0.02666666666666667