0 0.03833333333333333 0.12333333333333334 0.021666666666666667 0.02666666666666667
0 0.10833333333333334 0.105 0.023333333333333334 0.02666666666666667
0 0.13 0.125 0.023333333333333334 0.023333333333333334
0 0.13833333333333334 0.051666666666666666 0.02666666666666667 0.02666666666666667
0 0.021666666666666667 0.04 0.023333333333333334 0.025
0 0.051666666666666666 0.18166666666666667 0.02666666666666667 0.025
0 0.26166666666666666 0.105 0.021666666666666667 0.021666666666666667
0 0.023333333333333334 0.76 0.02666666666666667 0.02
0 0.08666666666666667 0.7266666666666667 0.023333333333333334 0.02666666666666667
0 0.685 0.9516666666666667 0.023333333333333334 0.023333333333333334
0 0.08333333333333333 0.018333333333333333 0.025 0.02
0 0.14166666666666666 0.22333333333333333 0.021666666666666667 0.021666666666666667
0 0.25166666666666665 0.43666666666666665 0.025 0.021666666666666667
0 0.38666666666666666 0.8883333333333333 0.021666666666666667 0.023333333333333334