0 0.63 0.6533333333333333 0.03666666666666667 0.03
0 0.585 0.6416666666666667 0.03 0.03
0 0.6316666666666667 0.615 0.03 0.03
0 0.7783333333333333 0.8533333333333334 0.03 0.03
0 0.63 0.9583333333333334 0.03 0.02666666666666667
0 0.63 0.8083333333333333 0.02666666666666667 0.023333333333333334
0 0.5933333333333334 0.7483333333333333 0.02666666666666667 0.023333333333333334
0 0.65 0.8816666666666667 0.02666666666666667 0.03
0 0.6333333333333333 0.8366666666666667 0.03333333333333333 0.03
0 0.7633333333333333 0.695 0.02666666666666667 0.028333333333333332
0 0.6666666666666666 0.575 0.023333333333333334 0.02666666666666667
0 0.5733333333333334 0.8016666666666666 0.02666666666666667 0.02666666666666667
0 0.8233333333333334 0.6166666666666667 0.02666666666666667 0.03
0 0.8516666666666667 0.8666666666666667 0.023333333333333334 0.023333333333333334
0 0.8466666666666667 0.8333333333333334 0.02666666666666667 0.023333333333333334
0 0.6983333333333334 0.7533333333333333 0.03333333333333333 0.03333333333333333
0 0.7666666666666667 0.8216666666666667 0.02666666666666667 0.023333333333333334
0 0.6066666666666667 0.7866666666666666 0.02666666666666667 0.02
0 0.8133333333333334 0.9766666666666667 0.03333333333333333 0.025
0 0.6666666666666666 0.6766666666666666 0.02666666666666667 0.03
0 0.83 0.5866666666666667 0.02666666666666667 0.03333333333333333
0 0.8333333333333334 0.8616666666666667 0.023333333333333334 0.02
0 0.5733333333333334 0.775 0.02666666666666667 0.02666666666666667
0 0.145 0.6316666666666667 0.03 0.023333333333333334
0 0.25166666666666665 0.7783333333333333 0.03 0.03
0 0.03666666666666667 0.8166666666666667 0.023333333333333334 0.02666666666666667
0 0.545 0.32 0.023333333333333334 0.023333333333333334
0 0.6466666666666666 0.08833333333333333 0.03 0.03
0 0.635 0.105 0.028333333333333332 0.02666666666666667
0 0.5883333333333334 0.11 0.03 0.023333333333333334
0 0.735 0.4216666666666667 0.02666666666666667 0.03666666666666667
0 0.69 0.4483333333333333 0.02666666666666667 0.02666666666666667
0 0.625 0.3383333333333333 0.03 0.03
0 0.5866666666666667 0.03333333333333333 0.03 0.02666666666666667
0 0.5783333333333334 0.35333333333333333 0.02666666666666667 0.023333333333333334
0 0.6283333333333333 0.19166666666666668 0.03333333333333333 0.03
0 0.78 0.275 0.02666666666666667 0.02666666666666667
0 0.8 0.21833333333333332 0.02 0.02
0 0.7766666666666666 0.20333333333333334 0.02 0.02
0 0.7916666666666666 0.19333333333333333 0.02666666666666667 0.03
0 0.8266666666666667 0.3516666666666667 0.02666666666666667 0.021666666666666667
0 0.5233333333333333 0.8433333333333334 0.03333333333333333 0.03
0 0.5266666666666666 0.03166666666666667 0.02666666666666667 0.02666666666666667
0 0.5583333333333333 0.006666666666666667 0.03 0.013333333333333334
0 0.415 0.115 0.02666666666666667 0.03166666666666667
0 0.125 0.8466666666666667 0.03 0.02666666666666667
0 0.7966666666666666 0.5616666666666666 0.025 0.021666666666666667
0 0.75 0.8933333333333333 0.03 0.03