0 0.81 0.16166666666666665 0.02666666666666667 0.03
0 0.7266666666666667 0.235 0.03 0.04
0 0.7533333333333333 0.44333333333333336 0.023333333333333334 0.023333333333333334
0 0.7716666666666666 0.008333333333333333 0.03 0.016666666666666666
0 0.6966666666666667 0.008333333333333333 0.02666666666666667 0.016666666666666666
0 0.74 0.01 0.02666666666666667 0.02
0 0.9866666666666667 0.2633333333333333 0.02666666666666667 0.02666666666666667
0 0.545 0.445 0.03 0.02666666666666667
0 0.7766666666666666 0.22166666666666668 0.02666666666666667 0.023333333333333334
0 0.31166666666666665 0.9483333333333334 0.023333333333333334 0.02666666666666667
0 0.26166666666666666 0.92 0.03666666666666667 0.02666666666666667
0 0.23166666666666666 0.7533333333333333 0.02666666666666667 0.02666666666666667
0 0.13666666666666666 0.9866666666666667 0.03 0.023333333333333334
0 0.13333333333333333 0.86 0.02666666666666667 0.02666666666666667
0 0.12333333333333334 0.8366666666666667 0.023333333333333334 0.03
0 0.215 0.8416666666666667 0.023333333333333334 0.02666666666666667
0 0.058333333333333334 0.9 0.02 0.02
0 0.8133333333333334 0.9133333333333333 0.02 0.023333333333333334
0 0.8183333333333334 0.8 0.023333333333333334 0.02
0 0.36833333333333335 0.5683333333333334 0.03 0.02
0 0.11666666666666667 0.7483333333333333 0.02 0.02666666666666667
0 0.5116666666666667 0.98 0.02666666666666667 0.03
0 0.51 0.9433333333333334 0.023333333333333334 0.02666666666666667
0 0.16666666666666666 0.6916666666666667 0.03 0.03
0 0.49666666666666665 0.7483333333333333 0.02666666666666667 0.023333333333333334
0 0.023333333333333334 0.69 0.03 0.02666666666666667
0 0.13666666666666666 0.08833333333333333 0.023333333333333334 0.02
0 0.08666666666666667 0.11333333333333333 0.02666666666666667 0.023333333333333334
0 0.13333333333333333 0.056666666666666664 0.03 0.023333333333333334
0 0.25666666666666665 0.365 0.023333333333333334 0.03
0 0.15666666666666668 0.3933333333333333 0.02666666666666667 0.023333333333333334
0 0.215 0.19333333333333333 0.02 0.023333333333333334
0 0.19833333333333333 0.21166666666666667 0.02666666666666667 0.023333333333333334
0 0.15333333333333332 0.19333333333333333 0.02666666666666667 0.02666666666666667
0 0.14333333333333334 0.24833333333333332 0.03 0.023333333333333334
0 0.18333333333333332 0.12 0.023333333333333334 0.02
0 0.17166666666666666 0.11333333333333333 0.02 0.023333333333333334
0 0.2816666666666667 0.30833333333333335 0.02 0.023333333333333334
0 0.29333333333333333 0.33166666666666667 0.023333333333333334 0.023333333333333334
0 0.21833333333333332 0.38166666666666665 0.02666666666666667 0.02666666666666667
0 0.11666666666666667 0.13 0.023333333333333334 0.02
0 0.215 0.055 0.023333333333333334 0.023333333333333334
0 0.21166666666666667 0.24333333333333335 0.02666666666666667 0.023333333333333334
0 0.16 0.3333333333333333 0.02666666666666667 0.023333333333333334
0 0.16666666666666666 0.05333333333333334 0.023333333333333334 0.02
0 0.13166666666666665 0.15833333333333333 0.023333333333333334 0.023333333333333334
0 0.18166666666666667 0.085 0.023333333333333334 0.023333333333333334
0 0.20166666666666666 0.49 0.02666666666666667 0.03
0 0.14833333333333334 0.9583333333333334 0.023333333333333334 0.02666666666666667