0 0.815 0.38666666666666666 0.02666666666666667 0.02
0 0.9216666666666666 0.03666666666666667 0.02 0.02
0 0.715 0.7783333333333333 0.023333333333333334 0.02666666666666667
0 0.7733333333333333 0.7466666666666667 0.02666666666666667 0.023333333333333334
0 0.8 0.8616666666666667 0.02666666666666667 0.02666666666666667
0 0.7316666666666667 0.8366666666666667 0.03 0.03
0 0.29333333333333333 0.5833333333333334 0.023333333333333334 0.02666666666666667
0 0.21666666666666667 0.5966666666666667 0.02 0.02666666666666667
0 0.26166666666666666 0.6616666666666666 0.03 0.03
0 0.335 0.6633333333333333 0.023333333333333334 0.02666666666666667
0 0.6616666666666666 0.6633333333333333 0.03 0.023333333333333334
0 0.6266666666666667 0.6966666666666667 0.02666666666666667 0.02
0 0.7933333333333333 0.6783333333333333 0.025 0.02666666666666667
0 0.18333333333333332 0.6166666666666667 0.023333333333333334 0.02
0 0.5866666666666667 0.7483333333333333 0.02 0.023333333333333334
0 0.5683333333333334 0.725 0.02 0.02
0 0.5683333333333334 0.6716666666666666 0.02 0.02
0 0.86 0.8716666666666667 0.02 0.023333333333333334
0 0.7866666666666666 0.7733333333333333 0.02666666666666667 0.023333333333333334
0 0.7616666666666667 0.6416666666666667 0.023333333333333334 0.02
0 0.915 0.9233333333333333 0.02 0.02666666666666667
0 0.8916666666666667 0.9066666666666666 0.02 0.023333333333333334
0 0.9866666666666667 0.8433333333333334 0.02 0.02
0 0.9733333333333334 0.92 0.02 0.03
0 0.37166666666666665 0.665 0.02666666666666667 0.03
0 0.2733333333333333 0.645 0.03 0.02666666666666667
0 0.7633333333333333 0.8333333333333334 0.03 0.025
0 0.4483333333333333 0.5366666666666666 0.02 0.02
0 0.205 0.54 0.023333333333333334 0.023333333333333334
0 0.5116666666666667 0.6783333333333333 0.02 0.02
0 0.915 0.8966666666666666 0.02666666666666667 0.02
0 0.88 0.8866666666666667 0.025 0.03
0 0.15166666666666667 0.5816666666666667 0.02666666666666667 0.02
0 0.34833333333333333 0.6283333333333333 0.03 0.03
0 0.8966666666666666 0.8183333333333334 0.02666666666666667 0.023333333333333334
0 0.9483333333333334 0.8416666666666667 0.023333333333333334 0.023333333333333334
0 0.7083333333333334 0.685 0.023333333333333334 0.023333333333333334
0 0.8433333333333334 0.7216666666666667 0.02666666666666667 0.03
0 0.5233333333333333 0.69 0.016666666666666666 0.02
0 0.13666666666666666 0.5616666666666666 0.023333333333333334 0.023333333333333334
0 0.16166666666666665 0.5383333333333333 0.02666666666666667 0.02666666666666667
0 0.825 0.7066666666666667 0.023333333333333334 0.023333333333333334
0 0.5866666666666667 0.7283333333333334 0.023333333333333334 0.02
0 0.20833333333333334 0.455 0.023333333333333334 0.02
0 0.3333333333333333 0.4533333333333333 0.023333333333333334 0.02666666666666667
0 0.36 0.45666666666666667 0.02 0.02
0 0.19166666666666668 0.4166666666666667 0.023333333333333334 0.02666666666666667
0 0.2833333333333333 0.4166666666666667 0.02666666666666667 0.023333333333333334
0 0.17833333333333334 0.4716666666666667 0.03 0.03333333333333333
0 0.37166666666666665 0.485 0.023333333333333334 0.03
0 0.26 0.6833333333333333 0.02666666666666667 0.025
0 0.445 0.7316666666666667 0.03166666666666667 0.021666666666666667