0 0.8283333333333334 0.6233333333333333 0.02666666666666667 0.02666666666666667
0 0.78 0.51 0.03 0.03
0 0.9116666666666666 0.6283333333333333 0.02666666666666667 0.02666666666666667
0 0.6483333333333333 0.6333333333333333 0.03 0.023333333333333334
0 0.9583333333333334 0.7583333333333333 0.02666666666666667 0.02666666666666667
0 0.78 0.7316666666666667 0.02666666666666667 0.02666666666666667
0 0.905 0.5733333333333334 0.025 0.02666666666666667
0 0.7016666666666667 0.5233333333333333 0.03 0.02666666666666667
0 0.83 0.8316666666666667 0.03 0.03
0 0.74 0.5966666666666667 0.02666666666666667 0.02666666666666667
0 0.8783333333333333 0.9466666666666667 0.04 0.03666666666666667
0 0.7833333333333333 0.56 0.02666666666666667 0.03
0 0.95 0.5716666666666667 0.03 0.03
0 0.4166666666666667 0.9633333333333334 0.03333333333333333 0.03