0 0.08333333333333333 0.45666666666666667 0.02 0.023333333333333334
0 0.49333333333333335 0.12166666666666667 0.023333333333333334 0.023333333333333334
0 0.7666666666666667 0.15 0.03 0.03
0 0.84 0.09 0.02666666666666667 0.021666666666666667
0 0.97 0.43166666666666664 0.023333333333333334 0.023333333333333334
0 0.35 0.525 0.02666666666666667 0.02
0 0.3933333333333333 0.5633333333333334 0.023333333333333334 0.023333333333333334
0 0.16166666666666665 0.7666666666666667 0.025 0.028333333333333332
0 0.49333333333333335 0.96 0.02 0.023333333333333334
0 0.25666666666666665 0.6183333333333333 0.02666666666666667 0.02666666666666667
0 0.8016666666666666 0.675 0.023333333333333334 0.02666666666666667
0 0.8233333333333334 0.7933333333333333 0.03 0.023333333333333334
0 0.5933333333333334 0.715 0.023333333333333334 0.03166666666666667
0 0.61 0.5033333333333333 0.02666666666666667 0.023333333333333334
0 0.8316666666666667 0.5683333333333334 0.023333333333333334 0.02666666666666667
0 0.8866666666666667 0.5583333333333333 0.023333333333333334 0.02666666666666667
0 0.7733333333333333 0.6466666666666666 0.02666666666666667 0.02
0 0.6216666666666667 0.6566666666666666 0.023333333333333334 0.023333333333333334
0 0.6516666666666666 0.7566666666666667 0.02666666666666667 0.03
0 0.8283333333333334 0.5433333333333333 0.023333333333333334 0.02
0 0.22333333333333333 0.71 0.02 0.023333333333333334
0 0.56 0.06 0.028333333333333332 0.025
0 0.575 0.9883333333333333 0.023333333333333334 0.023333333333333334