0 0.9433333333333334 0.25666666666666665 0.03 0.03
0 0.9466666666666667 0.22666666666666666 0.02666666666666667 0.03
0 0.9866666666666667 0.25333333333333335 0.02666666666666667 0.02
0 0.9216666666666666 0.01 0.02666666666666667 0.02
0 0.9433333333333334 0.7583333333333333 0.02666666666666667 0.023333333333333334
0 0.9033333333333333 0.7716666666666666 0.02 0.023333333333333334
0 0.88 0.7683333333333333 0.02 0.02
0 0.8883333333333333 0.6433333333333333 0.02 0.023333333333333334
0 0.9566666666666667 0.6466666666666666 0.02 0.023333333333333334
0 0.9283333333333333 0.7133333333333334 0.023333333333333334 0.02666666666666667
0 0.9183333333333333 0.62 0.03 0.03333333333333333
0 0.9583333333333334 0.5083333333333333 0.03 0.03666666666666667
0 0.9716666666666667 0.6083333333333333 0.023333333333333334 0.02
0 0.98 0.5 0.02 0.02
0 0.9333333333333333 0.6683333333333333 0.023333333333333334 0.02666666666666667