0 0.6466666666666666 0.31166666666666665 0.02666666666666667 0.02666666666666667
0 0.6683333333333333 0.18333333333333332 0.02666666666666667 0.02666666666666667
0 0.785 0.02666666666666667 0.023333333333333334 0.023333333333333334
0 0.5033333333333333 0.28833333333333333 0.02666666666666667 0.02666666666666667
0 0.8116666666666666 0.07333333333333333 0.023333333333333334 0.023333333333333334
0 0.05 0.22333333333333333 0.02666666666666667 0.023333333333333334
0 0.635 0.20833333333333334 0.02666666666666667 0.023333333333333334
0 0.7766666666666666 0.11666666666666667 0.02666666666666667 0.02666666666666667
0 0.03 0.19833333333333333 0.023333333333333334 0.023333333333333334
0 0.48333333333333334 0.31833333333333336 0.023333333333333334 0.02666666666666667
0 0.8616666666666667 0.07666666666666666 0.023333333333333334 0.02
0 0.7516666666666667 0.04666666666666667 0.02666666666666667 0.02666666666666667
0 0.9683333333333334 0.115 0.023333333333333334 0.023333333333333334
0 0.575 0.3233333333333333 0.02666666666666667 0.02666666666666667
0 0.9183333333333333 0.43833333333333335 0.03 0.03
0 0.8766666666666667 0.058333333333333334 0.023333333333333334 0.023333333333333334
0 0.9416666666666667 0.155 0.023333333333333334 0.023333333333333334
0 0.8366666666666667 0.3983333333333333 0.02666666666666667 0.023333333333333334
0 0.045 0.25333333333333335 0.02666666666666667 0.023333333333333334
0 0.6016666666666667 0.21666666666666667 0.023333333333333334 0.02
0 0.8333333333333334 0.2783333333333333 0.023333333333333334 0.023333333333333334
0 0.7116666666666667 0.2 0.023333333333333334 0.023333333333333334
0 0.7466666666666667 0.6533333333333333 0.021666666666666667 0.023333333333333334
0 0.7366666666666667 0.8966666666666666 0.02666666666666667 0.02666666666666667
0 0.68 0.87 0.02666666666666667 0.023333333333333334
0 0.73 0.5883333333333334 0.02666666666666667 0.02666666666666667
0 0.8783333333333333 0.67 0.021666666666666667 0.021666666666666667
0 0.5816666666666667 0.8883333333333333 0.023333333333333334 0.023333333333333334
0 0.72 0.5566666666666666 0.023333333333333334 0.02
0 0.66 0.7066666666666667 0.023333333333333334 0.02666666666666667
0 0.605 0.7316666666666667 0.02666666666666667 0.023333333333333334
0 0.9416666666666667 0.6916666666666667 0.023333333333333334 0.023333333333333334
0 0.9116666666666666 0.6466666666666666 0.021666666666666667 0.023333333333333334
0 0.7516666666666667 0.625 0.023333333333333334 0.023333333333333334
0 0.685 0.68 0.023333333333333334 0.023333333333333334
0 0.635 0.58 0.021666666666666667 0.021666666666666667
0 0.56 0.9116666666666666 0.025 0.021666666666666667
0 0.855 0.48833333333333334 0.02666666666666667 0.02666666666666667
0 0.16166666666666665 0.7633333333333333 0.03 0.02666666666666667
0 0.5316666666666666 0.62 0.02666666666666667 0.02666666666666667
0 0.4633333333333333 0.9433333333333334 0.023333333333333334 0.023333333333333334
0 0.34833333333333333 0.9616666666666667 0.023333333333333334 0.023333333333333334
0 0.185 0.6883333333333334 0.02666666666666667 0.023333333333333334
0 0.13 0.8116666666666666 0.023333333333333334 0.023333333333333334
0 0.285 0.6083333333333333 0.028333333333333332 0.03
0 0.795 0.9416666666666667 0.016666666666666666 0.02666666666666667