0 0.7933333333333333 0.07833333333333334 0.03666666666666667 0.03333333333333333
0 0.7816666666666666 0.043333333333333335 0.03 0.03
0 0.9566666666666667 0.09 0.02666666666666667 0.03333333333333333
0 0.97 0.02666666666666667 0.03333333333333333 0.03
0 0.9633333333333334 0.30833333333333335 0.04 0.03
0 0.94 0.12833333333333333 0.03 0.03
0 0.8633333333333333 0.16166666666666665 0.03 0.02666666666666667
0 0.9016666666666666 0.23833333333333334 0.03 0.03
0 0.94 0.22666666666666666 0.03 0.02666666666666667
0 0.9766666666666667 0.14833333333333334 0.03 0.03333333333333333
0 0.9366666666666666 0.3383333333333333 0.02666666666666667 0.02666666666666667
0 0.8883333333333333 0.03 0.02666666666666667 0.023333333333333334
0 0.9683333333333334 0.17666666666666667 0.023333333333333334 0.03
0 0.9266666666666666 0.27666666666666667 0.02666666666666667 0.03666666666666667
0 0.8083333333333333 0.16666666666666666 0.03 0.02666666666666667
0 0.7266666666666667 0.8583333333333333 0.023333333333333334 0.028333333333333332
0 0.625 0.8583333333333333 0.03 0.03
0 0.6933333333333334 0.9683333333333334 0.02666666666666667 0.03
0 0.685 0.7283333333333334 0.03 0.03
0 0.57 0.97 0.023333333333333334 0.02666666666666667
0 0.5333333333333333 0.8933333333333333 0.025 0.02666666666666667
0 0.6683333333333333 0.9 0.02 0.03
0 0.8016666666666666 0.9333333333333333 0.02 0.023333333333333334
0 0.4866666666666667 0.8666666666666667 0.023333333333333334 0.02
0 0.17333333333333334 0.7816666666666666 0.023333333333333334 0.023333333333333334
0 0.13 0.5533333333333333 0.03333333333333333 0.03
0 0.39166666666666666 0.9616666666666667 0.023333333333333334 0.023333333333333334
0 0.4583333333333333 0.7733333333333333 0.02 0.02666666666666667
0 0.06166666666666667 0.6066666666666667 0.02666666666666667 0.02666666666666667
0 0.19333333333333333 0.7033333333333334 0.02 0.023333333333333334
0 0.12333333333333334 0.515 0.02666666666666667 0.02
0 0.18333333333333332 0.4266666666666667 0.03333333333333333 0.02
0 0.17666666666666667 0.39666666666666667 0.023333333333333334 0.023333333333333334
0 0.20166666666666666 0.38666666666666666 0.023333333333333334 0.03
0 0.14833333333333334 0.385 0.03 0.03
0 0.19833333333333333 0.44666666666666666 0.03 0.02
0 0.165 0.15666666666666668 0.023333333333333334 0.03
0 0.37666666666666665 0.4766666666666667 0.023333333333333334 0.023333333333333334
0 0.7266666666666667 0.008333333333333333 0.02666666666666667 0.016666666666666666
0 0.8 0.011666666666666667 0.03666666666666667 0.023333333333333334
0 0.47 0.7183333333333334 0.03 0.023333333333333334
0 0.12666666666666668 0.485 0.025 0.025
0 0.02 0.5833333333333334 0.025 0.028333333333333332
0 0.04666666666666667 0.7233333333333334 0.03 0.03
0 0.15 0.7483333333333333 0.025 0.03333333333333333
0 0.051666666666666666 0.6383333333333333 0.028333333333333332 0.03
0 0.4766666666666667 0.67 0.03 0.02666666666666667
0 0.5416666666666666 0.5883333333333334 0.023333333333333334 0.025
0 0.8616666666666667 0.6583333333333333 0.025 0.028333333333333332
0 0.99 0.4116666666666667 0.018333333333333333 0.028333333333333332
0 0.9883333333333333 0.225 0.023333333333333334 0.03
0 0.2816666666666667 0.23 0.02666666666666667 0.028333333333333332
0 0.19 0.4816666666666667 0.023333333333333334 0.02666666666666667
0 0.051666666666666666 0.5533333333333333 0.018333333333333333 0.02666666666666667