0 0.7633333333333333 0.055 0.02 0.02
0 0.7466666666666667 0.06333333333333334 0.02 0.023333333333333334
0 0.7466666666666667 0.12833333333333333 0.023333333333333334 0.02666666666666667
0 0.8416666666666667 0.19333333333333333 0.028333333333333332 0.02666666666666667
0 0.775 0.27 0.02666666666666667 0.023333333333333334
0 0.66 0.32666666666666666 0.021666666666666667 0.025
0 0.6916666666666667 0.3616666666666667 0.023333333333333334 0.02666666666666667
0 0.9766666666666667 0.10333333333333333 0.02666666666666667 0.02666666666666667
0 0.7866666666666666 0.105 0.023333333333333334 0.02
0 0.6766666666666666 0.29833333333333334 0.03 0.025
0 0.7366666666666667 0.22833333333333333 0.023333333333333334 0.02
0 0.39166666666666666 0.6616666666666666 0.028333333333333332 0.02666666666666667
0 0.13666666666666666 0.8783333333333333 0.02 0.02666666666666667
0 0.18333333333333332 0.9 0.02666666666666667 0.023333333333333334
0 0.08333333333333333 0.8533333333333334 0.023333333333333334 0.023333333333333334
0 0.10333333333333333 0.8783333333333333 0.023333333333333334 0.023333333333333334
0 0.028333333333333332 0.905 0.02666666666666667 0.02666666666666667
0 0.36666666666666664 0.7766666666666666 0.02 0.023333333333333334
0 0.44166666666666665 0.39166666666666666 0.023333333333333334 0.02
0 0.51 0.4633333333333333 0.02 0.02
0 0.54 0.44666666666666666 0.023333333333333334 0.023333333333333334