0 0.18666666666666668 0.23166666666666666 0.04 0.03
0 0.4633333333333333 0.47833333333333333 0.03333333333333333 0.03333333333333333
0 0.2833333333333333 0.10666666666666667 0.02666666666666667 0.03
0 0.185 0.085 0.02666666666666667 0.03
0 0.15666666666666668 0.058333333333333334 0.02666666666666667 0.02666666666666667
0 0.19666666666666666 0.05333333333333334 0.028333333333333332 0.028333333333333332
0 0.285 0.07333333333333333 0.023333333333333334 0.02
0 0.14833333333333334 0.21666666666666667 0.03333333333333333 0.03666666666666667
0 0.4266666666666667 0.5216666666666666 0.03 0.03333333333333333
0 0.22 0.26666666666666666 0.03666666666666667 0.03
0 0.39 0.05 0.03 0.03666666666666667
0 0.17666666666666667 0.14166666666666666 0.03 0.03
0 0.20166666666666666 0.8533333333333334 0.03333333333333333 0.03
0 0.17333333333333334 0.8233333333333334 0.03333333333333333 0.02666666666666667
0 0.17 0.7983333333333333 0.03 0.023333333333333334
0 0.38333333333333336 0.8533333333333334 0.04 0.02666666666666667
0 0.46 0.8116666666666666 0.03333333333333333 0.03
0 0.25833333333333336 0.7766666666666666 0.03 0.02666666666666667
0 0.185 0.6933333333333334 0.03 0.03
0 0.17833333333333334 0.6016666666666667 0.03 0.02666666666666667
0 0.17333333333333334 0.7783333333333333 0.03 0.023333333333333334
0 0.225 0.485 0.03 0.02666666666666667
0 0.44166666666666665 0.03 0.03 0.02666666666666667
0 0.4683333333333333 0.92 0.023333333333333334 0.023333333333333334
0 0.47333333333333333 0.8916666666666667 0.023333333333333334 0.023333333333333334
0 0.43 0.8683333333333333 0.023333333333333334 0.02
0 0.27 0.043333333333333335 0.03 0.023333333333333334
0 0.36333333333333334 0.016666666666666666 0.02666666666666667 0.023333333333333334
0 0.3433333333333333 0.028333333333333332 0.02666666666666667 0.02666666666666667
0 0.255 0.008333333333333333 0.03 0.016666666666666666
0 0.49166666666666664 0.7666666666666667 0.023333333333333334 0.023333333333333334
0 0.22333333333333333 0.03166666666666667 0.02666666666666667 0.03
0 0.57 0.775 0.02666666666666667 0.03333333333333333
0 0.5883333333333334 0.8016666666666666 0.02666666666666667 0.03
0 0.8566666666666667 0.8783333333333333 0.02666666666666667 0.03
0 0.6283333333333333 0.77 0.023333333333333334 0.023333333333333334
0 0.5466666666666666 0.5783333333333334 0.02666666666666667 0.023333333333333334
0 0.6666666666666666 0.32166666666666666 0.03 0.03
0 0.7316666666666667 0.30833333333333335 0.03 0.023333333333333334
0 0.7716666666666666 0.29333333333333333 0.03333333333333333 0.023333333333333334
0 0.8083333333333333 0.27666666666666667 0.03 0.023333333333333334
0 0.6216666666666667 0.3383333333333333 0.023333333333333334 0.02
0 0.8633333333333333 0.07166666666666667 0.03 0.03
0 0.74 0.095 0.03 0.02666666666666667
0 0.5533333333333333 0.058333333333333334 0.03 0.03333333333333333
0 0.8083333333333333 0.24833333333333332 0.02666666666666667 0.03
0 0.9216666666666666 0.1 0.02666666666666667 0.023333333333333334
0 0.9416666666666667 0.09833333333333333 0.02 0.02666666666666667
0 0.5716666666666667 0.2783333333333333 0.03 0.03
0 0.9166666666666666 0.20666666666666667 0.02666666666666667 0.02666666666666667
0 0.6816666666666666 0.13833333333333334 0.023333333333333334 0.02
0 0.6833333333333333 0.25666666666666665 0.02666666666666667 0.02666666666666667
0 0.9483333333333334 0.23166666666666666 0.023333333333333334 0.023333333333333334
0 0.6016666666666667 0.16166666666666665 0.023333333333333334 0.023333333333333334
0 0.675 0.9733333333333334 0.02666666666666667 0.03333333333333333
0 0.52 0.04666666666666667 0.03333333333333333 0.03333333333333333
0 0.595 0.5383333333333333 0.02666666666666667 0.025
0 0.8483333333333334 0.9683333333333334 0.023333333333333334 0.02666666666666667
0 0.15333333333333332 0.28 0.023333333333333334 0.028333333333333332
0 0.39666666666666667 0.19666666666666666 0.03 0.03
0 0.4 0.43666666666666665 0.025 0.02666666666666667
0 0.4666666666666667 0.5683333333333334 0.028333333333333332 0.025
0 0.23333333333333334 0.91 0.03 0.02666666666666667
0 0.22833333333333333 0.315 0.02666666666666667 0.02666666666666667
0 0.7 0.2966666666666667 0.021666666666666667 0.03166666666666667
0 0.305 0.055 0.02666666666666667 0.02666666666666667