0 0.10166666666666667 0.9066666666666666 0.03 0.02666666666666667
0 0.17166666666666666 0.7516666666666667 0.02666666666666667 0.03
0 0.2 0.9016666666666666 0.02666666666666667 0.023333333333333334
0 0.013333333333333334 0.6666666666666666 0.02666666666666667 0.023333333333333334
0 0.235 0.8216666666666667 0.02666666666666667 0.02666666666666667
0 0.21666666666666667 0.8116666666666666 0.02666666666666667 0.023333333333333334
0 0.06166666666666667 0.8766666666666667 0.03 0.02666666666666667
0 0.31 0.9733333333333334 0.03 0.023333333333333334
0 0.285 0.985 0.023333333333333334 0.02666666666666667
0 0.3383333333333333 0.9866666666666667 0.023333333333333334 0.02666666666666667
0 0.06 0.7933333333333333 0.02 0.02666666666666667
0 0.14333333333333334 0.7266666666666667 0.02 0.02666666666666667
0 0.011666666666666667 0.9033333333333333 0.023333333333333334 0.02
0 0.31666666666666665 0.9566666666666667 0.02666666666666667 0.02
0 0.31166666666666665 0.9316666666666666 0.03 0.02
0 0.21 0.8333333333333334 0.02666666666666667 0.02
0 0.15666666666666668 0.9233333333333333 0.02666666666666667 0.02666666666666667
0 0.49333333333333335 0.8066666666666666 0.03 0.02666666666666667
0 0.021666666666666667 0.5233333333333333 0.023333333333333334 0.023333333333333334
0 0.19666666666666666 0.9833333333333333 0.023333333333333334 0.023333333333333334
0 0.36833333333333335 0.49666666666666665 0.023333333333333334 0.023333333333333334
0 0.2633333333333333 0.9766666666666667 0.02 0.02
0 0.07666666666666666 0.495 0.02666666666666667 0.02666666666666667
0 0.3516666666666667 0.7333333333333333 0.02666666666666667 0.02666666666666667
0 0.7866666666666666 0.485 0.03 0.02666666666666667
0 0.8066666666666666 0.44333333333333336 0.02666666666666667 0.02
0 0.7683333333333333 0.058333333333333334 0.02666666666666667 0.023333333333333334
0 0.7383333333333333 0.25333333333333335 0.03 0.03
0 0.6633333333333333 0.275 0.03666666666666667 0.02666666666666667
0 0.6783333333333333 0.9516666666666667 0.023333333333333334 0.02666666666666667