0 0.705 0.44666666666666666 0.023333333333333334 0.023333333333333334
0 0.46 0.555 0.03 0.023333333333333334
0 0.5483333333333333 0.33166666666666667 0.02666666666666667 0.02666666666666667
0 0.8616666666666667 0.24833333333333332 0.023333333333333334 0.023333333333333334
0 0.9866666666666667 0.245 0.02 0.023333333333333334
0 0.86 0.1 0.02666666666666667 0.02666666666666667
0 0.06666666666666667 0.49166666666666664 0.03333333333333333 0.02
0 0.12833333333333333 0.5016666666666667 0.02666666666666667 0.023333333333333334
0 0.30666666666666664 0.12 0.023333333333333334 0.023333333333333334
0 0.8 0.15666666666666668 0.02666666666666667 0.02666666666666667
0 0.8533333333333334 0.18666666666666668 0.03 0.03
0 0.9433333333333334 0.17166666666666666 0.023333333333333334 0.023333333333333334
0 0.445 0.41 0.023333333333333334 0.023333333333333334
0 0.8866666666666667 0.25666666666666665 0.02666666666666667 0.02666666666666667
0 0.6316666666666667 0.425 0.02666666666666667 0.023333333333333334
0 0.35333333333333333 0.6283333333333333 0.02666666666666667 0.023333333333333334
0 0.9666666666666667 0.5933333333333334 0.023333333333333334 0.023333333333333334
0 0.9566666666666667 0.76 0.03 0.03
0 0.8983333333333333 0.30333333333333334 0.023333333333333334 0.025
0 0.49 0.475 0.025 0.023333333333333334
0 0.83 0.24166666666666667 0.023333333333333334 0.023333333333333334
0 0.9083333333333333 0.19333333333333333 0.03166666666666667 0.03