0 0.5866666666666667 0.36333333333333334 0.03 0.03
0 0.8433333333333334 0.185 0.02666666666666667 0.03
0 0.8433333333333334 0.14666666666666667 0.03 0.023333333333333334
0 0.9616666666666667 0.21666666666666667 0.02666666666666667 0.023333333333333334
0 0.7916666666666666 0.7683333333333333 0.023333333333333334 0.023333333333333334
0 0.5466666666666666 0.6783333333333333 0.03 0.02
0 0.7766666666666666 0.11 0.02 0.02666666666666667
0 0.465 0.235 0.02666666666666667 0.03
0 0.495 0.23833333333333334 0.03 0.03333333333333333
0 0.5616666666666666 0.275 0.028333333333333332 0.03
0 0.8383333333333334 0.25 0.021666666666666667 0.025
0 0.815 0.555 0.021666666666666667 0.023333333333333334
0 0.685 0.785 0.03166666666666667 0.03166666666666667