0 0.07 0.5883333333333334 0.021666666666666667 0.028333333333333332
0 0.4083333333333333 0.7 0.025 0.028333333333333332
0 0.21 0.68 0.023333333333333334 0.02666666666666667
0 0.13666666666666666 0.625 0.028333333333333332 0.03
0 0.058333333333333334 0.6416666666666667 0.02666666666666667 0.02666666666666667
0 0.095 0.49333333333333335 0.02 0.02
0 0.48333333333333334 0.41 0.03333333333333333 0.03333333333333333
0 0.2 0.5516666666666666 0.03 0.03333333333333333
0 0.3616666666666667 0.7233333333333334 0.023333333333333334 0.02666666666666667
0 0.06666666666666667 0.5483333333333333 0.025 0.025
0 0.30333333333333334 0.46166666666666667 0.02666666666666667 0.02666666666666667
0 0.09166666666666666 0.6366666666666667 0.02666666666666667 0.02666666666666667
0 0.31666666666666665 0.028333333333333332 0.023333333333333334 0.023333333333333334
0 0.06166666666666667 0.49 0.023333333333333334 0.023333333333333334
0 0.33166666666666667 0.62 0.02666666666666667 0.023333333333333334
0 0.3416666666666667 0.5066666666666667 0.023333333333333334 0.023333333333333334
0 0.16666666666666666 0.57 0.023333333333333334 0.02666666666666667
0 0.5016666666666667 0.615 0.02 0.023333333333333334
0 0.25333333333333335 0.21666666666666667 0.023333333333333334 0.02
0 0.5533333333333333 0.41333333333333333 0.03333333333333333 0.035
0 0.535 0.47833333333333333 0.03166666666666667 0.03166666666666667
0 0.5833333333333334 0.46166666666666667 0.02666666666666667 0.02
0 0.8766666666666667 0.09333333333333334 0.023333333333333334 0.023333333333333334
0 0.8166666666666667 0.07833333333333334 0.02666666666666667 0.02666666666666667
0 0.8083333333333333 0.13666666666666666 0.023333333333333334 0.023333333333333334
0 0.5916666666666667 0.43666666666666665 0.023333333333333334 0.023333333333333334
0 0.5016666666666667 0.545 0.02 0.023333333333333334
0 0.58 0.675 0.023333333333333334 0.03
0 0.6166666666666667 0.64 0.03 0.02666666666666667
0 0.7533333333333333 0.76 0.028333333333333332 0.03166666666666667
0 0.9683333333333334 0.615 0.03666666666666667 0.03833333333333333
0 0.9333333333333333 0.545 0.023333333333333334 0.03333333333333333
0 0.7683333333333333 0.6116666666666667 0.02 0.02666666666666667
0 0.7833333333333333 0.5816666666666667 0.025 0.02666666666666667
0 0.9666666666666667 0.5316666666666666 0.023333333333333334 0.02
0 0.9666666666666667 0.5566666666666666 0.03166666666666667 0.03
0 0.8966666666666666 0.55 0.03166666666666667 0.03833333333333333
0 0.5433333333333333 0.715 0.02666666666666667 0.023333333333333334
0 0.53 0.5533333333333333 0.02 0.02666666666666667
0 0.595 0.625 0.02666666666666667 0.02666666666666667
0 0.5816666666666667 0.7383333333333333 0.02666666666666667 0.02666666666666667
0 0.5883333333333334 0.5716666666666667 0.023333333333333334 0.02
0 0.6333333333333333 0.5633333333333334 0.023333333333333334 0.02666666666666667
0 0.5966666666666667 0.4766666666666667 0.02 0.02666666666666667
0 0.5583333333333333 0.5 0.02666666666666667 0.023333333333333334
0 0.61 0.5083333333333333 0.02666666666666667 0.02666666666666667
0 0.905 0.5166666666666667 0.03166666666666667 0.035
0 0.8466666666666667 0.20666666666666667 0.023333333333333334 0.028333333333333332
0 0.5733333333333334 0.64 0.028333333333333332 0.03166666666666667
0 0.6566666666666666 0.6083333333333333 0.028333333333333332 0.03166666666666667
0 0.8666666666666667 0.21 0.021666666666666667 0.02666666666666667
0 0.11 0.5916666666666667 0.02 0.028333333333333332
0 0.06166666666666667 0.25166666666666665 0.02 0.02666666666666667
0 0.65 0.44166666666666665 0.023333333333333334 0.028333333333333332
0 0.7383333333333333 0.6616666666666666 0.025 0.02666666666666667