0 0.465 0.31166666666666665 0.02 0.023333333333333334
0 0.043333333333333335 0.245 0.023333333333333334 0.021666666666666667
0 0.03 0.03166666666666667 0.02666666666666667 0.02666666666666667
0 0.8133333333333334 0.8016666666666666 0.03 0.02666666666666667
0 0.7633333333333333 0.685 0.025 0.023333333333333334
0 0.8166666666666667 0.6783333333333333 0.023333333333333334 0.025
0 0.5233333333333333 0.405 0.02666666666666667 0.03
0 0.5716666666666667 0.3933333333333333 0.025 0.021666666666666667
0 0.8883333333333333 0.255 0.023333333333333334 0.023333333333333334
0 0.9583333333333334 0.35333333333333333 0.021666666666666667 0.02666666666666667
0 0.9566666666666667 0.29333333333333333 0.023333333333333334 0.02666666666666667
0 0.95 0.25166666666666665 0.02 0.021666666666666667
0 0.18166666666666667 0.6716666666666666 0.023333333333333334 0.02666666666666667
0 0.205 0.7066666666666667 0.023333333333333334 0.023333333333333334
0 0.335 0.7933333333333333 0.02666666666666667 0.023333333333333334
0 0.7966666666666666 0.5983333333333334 0.028333333333333332 0.02
0 0.5116666666666667 0.10166666666666667 0.02666666666666667 0.023333333333333334
0 0.6066666666666667 0.03833333333333333 0.021666666666666667 0.02
0 0.7533333333333333 0.11666666666666667 0.025 0.028333333333333332
0 0.8566666666666667 0.24166666666666667 0.02666666666666667 0.023333333333333334
0 0.8366666666666667 0.285 0.02 0.03
0 0.6383333333333333 0.35833333333333334 0.02666666666666667 0.03
0 0.49833333333333335 0.43666666666666665 0.023333333333333334 0.02
0 0.3433333333333333 0.61 0.02 0.025
0 0.36833333333333335 0.5866666666666667 0.023333333333333334 0.03
0 0.24166666666666667 0.91 0.023333333333333334 0.025
0 0.8233333333333334 0.7366666666666667 0.03 0.025
0 0.54 0.24166666666666667 0.03 0.02
0 0.6816666666666666 0.3333333333333333 0.023333333333333334 0.02666666666666667
0 0.8333333333333334 0.20333333333333334 0.02 0.023333333333333334
0 0.9333333333333333 0.2783333333333333 0.02 0.02
0 0.9883333333333333 0.25333333333333335 0.021666666666666667 0.025
0 0.96 0.21666666666666667 0.02 0.02666666666666667
0 0.2816666666666667 0.72 0.021666666666666667 0.025
0 0.25666666666666665 0.7833333333333333 0.02 0.02
0 0.44 0.8216666666666667 0.021666666666666667 0.023333333333333334
0 0.38666666666666666 0.5916666666666667 0.02 0.025
0 0.7183333333333334 0.35 0.021666666666666667 0.025
0 0.65 0.39 0.025 0.025