0 0.675 0.2866666666666667 0.02666666666666667 0.02666666666666667
0 0.675 0.25833333333333336 0.02666666666666667 0.02666666666666667
0 0.7783333333333333 0.18666666666666668 0.023333333333333334 0.023333333333333334
0 0.7433333333333333 0.4 0.03 0.023333333333333334
0 0.2783333333333333 0.051666666666666666 0.023333333333333334 0.023333333333333334
0 0.095 0.011666666666666667 0.02666666666666667 0.02
0 0.7466666666666667 0.44 0.02666666666666667 0.02
0 0.68 0.36833333333333335 0.023333333333333334 0.02666666666666667
0 0.7866666666666666 0.33166666666666667 0.023333333333333334 0.02666666666666667
0 0.6516666666666666 0.5383333333333333 0.03333333333333333 0.023333333333333334
0 0.7016666666666667 0.5266666666666666 0.02666666666666667 0.02666666666666667
0 0.28 0.7566666666666667 0.03 0.023333333333333334
0 0.06833333333333333 0.6566666666666666 0.02 0.02
0 0.38666666666666666 0.79 0.023333333333333334 0.023333333333333334
0 0.17333333333333334 0.6683333333333333 0.03 0.028333333333333332
0 0.8633333333333333 0.12166666666666667 0.02666666666666667 0.03