0 0.6716666666666666 0.7016666666666667 0.03166666666666667 0.03833333333333333
0 0.6866666666666666 0.7333333333333333 0.023333333333333334 0.03666666666666667
0 0.5783333333333334 0.7033333333333334 0.03 0.02666666666666667
0 0.6766666666666666 0.77 0.023333333333333334 0.02666666666666667
0 0.725 0.72 0.023333333333333334 0.03
0 0.7583333333333333 0.7183333333333334 0.02 0.03333333333333333
0 0.98 0.6833333333333333 0.03333333333333333 0.03
0 0.11 0.6466666666666666 0.02666666666666667 0.02
0 0.115 0.675 0.03 0.02666666666666667
0 0.18166666666666667 0.6433333333333333 0.03 0.03
0 0.22666666666666666 0.7633333333333333 0.02666666666666667 0.023333333333333334
0 0.075 0.435 0.02666666666666667 0.02666666666666667
0 0.5733333333333334 0.18833333333333332 0.023333333333333334 0.023333333333333334
0 0.13333333333333333 0.495 0.02666666666666667 0.02666666666666667
0 0.22666666666666666 0.9683333333333334 0.03 0.03
0 0.155 0.7616666666666667 0.02666666666666667 0.02666666666666667
0 0.03833333333333333 0.6433333333333333 0.03 0.03
0 0.2 0.585 0.03333333333333333 0.03333333333333333
0 0.7333333333333333 0.7533333333333333 0.02 0.023333333333333334
0 0.8883333333333333 0.52 0.02 0.03