0 0.19333333333333333 0.10666666666666667 0.03 0.03
0 0.255 0.06666666666666667 0.03 0.03
0 0.325 0.205 0.02666666666666667 0.03
0 0.06666666666666667 0.21666666666666667 0.03 0.03333333333333333
0 0.06333333333333334 0.31166666666666665 0.023333333333333334 0.03
0 0.49666666666666665 0.12166666666666667 0.03 0.03
0 0.4666666666666667 0.145 0.03333333333333333 0.03
0 0.36 0.17166666666666666 0.023333333333333334 0.03
0 0.26 0.21666666666666667 0.021666666666666667 0.02666666666666667
0 0.475 0.04 0.02666666666666667 0.02666666666666667
0 0.3383333333333333 0.12333333333333334 0.023333333333333334 0.023333333333333334
0 0.07166666666666667 0.36333333333333334 0.03 0.02666666666666667
0 0.36833333333333335 0.13833333333333334 0.03 0.03
0 0.16833333333333333 0.25166666666666665 0.023333333333333334 0.023333333333333334
0 0.445 0.12833333333333333 0.03 0.03
0 0.17666666666666667 0.18333333333333332 0.023333333333333334 0.023333333333333334
0 0.2866666666666667 0.4583333333333333 0.028333333333333332 0.028333333333333332
0 0.42 0.18166666666666667 0.02666666666666667 0.02666666666666667
0 0.385 0.4633333333333333 0.02666666666666667 0.023333333333333334
0 0.13333333333333333 0.27166666666666667 0.02666666666666667 0.023333333333333334
0 0.28833333333333333 0.23 0.023333333333333334 0.023333333333333334
0 0.17666666666666667 0.165 0.023333333333333334 0.023333333333333334
0 0.5933333333333334 0.7966666666666666 0.028333333333333332 0.02666666666666667
0 0.5933333333333334 0.8983333333333333 0.023333333333333334 0.023333333333333334
0 0.7016666666666667 0.7983333333333333 0.023333333333333334 0.023333333333333334
0 0.25833333333333336 0.7233333333333334 0.02 0.021666666666666667
0 0.4533333333333333 0.6566666666666666 0.02666666666666667 0.02666666666666667
0 0.25666666666666665 0.7516666666666667 0.023333333333333334 0.02
0 0.3016666666666667 0.6116666666666667 0.02666666666666667 0.023333333333333334
0 0.5166666666666667 0.7383333333333333 0.02666666666666667 0.02666666666666667