0 0.9016666666666666 0.5183333333333333 0.02666666666666667 0.02666666666666667
0 0.8216666666666667 0.545 0.028333333333333332 0.03166666666666667
0 0.9783333333333334 0.6883333333333334 0.02666666666666667 0.02666666666666667
0 0.18333333333333332 0.22 0.025 0.025
0 0.21666666666666667 0.5433333333333333 0.023333333333333334 0.023333333333333334
0 0.23833333333333334 0.56 0.02 0.023333333333333334
0 0.145 0.49 0.028333333333333332 0.02666666666666667
0 0.29 0.47 0.02666666666666667 0.02666666666666667
0 0.17166666666666666 0.12666666666666668 0.02 0.023333333333333334
0 0.45 0.37666666666666665 0.023333333333333334 0.028333333333333332
0 0.14833333333333334 0.645 0.03 0.03333333333333333
0 0.25333333333333335 0.5833333333333334 0.02666666666666667 0.023333333333333334
0 0.055 0.6833333333333333 0.02666666666666667 0.03
0 0.12333333333333334 0.4166666666666667 0.02666666666666667 0.02666666666666667
0 0.32666666666666666 0.46 0.023333333333333334 0.023333333333333334
0 0.48 0.87 0.021666666666666667 0.025
0 0.6266666666666667 0.7833333333333333 0.02666666666666667 0.02666666666666667
0 0.5866666666666667 0.7183333333333334 0.02 0.025
0 0.5283333333333333 0.43166666666666664 0.023333333333333334 0.02666666666666667