0 0.38333333333333336 0.4266666666666667 0.02666666666666667 0.02666666666666667
0 0.27666666666666667 0.32166666666666666 0.02666666666666667 0.02666666666666667
0 0.22666666666666666 0.3416666666666667 0.023333333333333334 0.02
0 0.12 0.4116666666666667 0.023333333333333334 0.023333333333333334
0 0.8466666666666667 0.5283333333333333 0.02666666666666667 0.023333333333333334
0 0.5533333333333333 0.31 0.02666666666666667 0.02666666666666667
0 0.23666666666666666 0.24 0.021666666666666667 0.018333333333333333
0 0.7533333333333333 0.565 0.02 0.02
0 0.021666666666666667 0.7466666666666667 0.023333333333333334 0.023333333333333334
0 0.39666666666666667 0.8616666666666667 0.021666666666666667 0.02
0 0.78 0.07333333333333333 0.03 0.02666666666666667
0 0.6966666666666667 0.29833333333333334 0.023333333333333334 0.023333333333333334
0 0.55 0.43333333333333335 0.023333333333333334 0.023333333333333334
0 0.9016666666666666 0.8333333333333334 0.02666666666666667 0.02666666666666667
0 0.26 0.43166666666666664 0.023333333333333334 0.023333333333333334
0 0.435 0.8183333333333334 0.023333333333333334 0.03333333333333333