0 0.175 0.9566666666666667 0.03 0.02666666666666667
0 0.14166666666666666 0.9683333333333334 0.03 0.023333333333333334
0 0.11166666666666666 0.975 0.02666666666666667 0.023333333333333334
0 0.6216666666666667 0.14333333333333334 0.03333333333333333 0.03
0 0.7233333333333334 0.125 0.04 0.03
0 0.7083333333333334 0.09333333333333334 0.03 0.03
0 0.6133333333333333 0.03333333333333333 0.03333333333333333 0.03
0 0.6466666666666666 0.058333333333333334 0.03333333333333333 0.03
0 0.6533333333333333 0.38 0.03 0.03
0 0.7283333333333334 0.23833333333333334 0.03 0.03
0 0.5933333333333334 0.09833333333333333 0.02666666666666667 0.03
0 0.5166666666666667 0.06333333333333334 0.04 0.045
0 0.6666666666666666 0.12166666666666667 0.03 0.03
0 0.625 0.36833333333333335 0.03 0.03
0 0.7566666666666667 0.215 0.03 0.03
0 0.5583333333333333 0.125 0.03 0.02666666666666667
0 0.6516666666666666 0.016666666666666666 0.03 0.02666666666666667
0 0.615 0.19666666666666666 0.02666666666666667 0.02666666666666667
0 0.5266666666666666 0.17166666666666666 0.023333333333333334 0.023333333333333334
0 0.5483333333333333 0.13833333333333334 0.023333333333333334 0.023333333333333334
0 0.715 0.36833333333333335 0.023333333333333334 0.02
0 0.6133333333333333 0.29 0.03333333333333333 0.02666666666666667
0 0.66 0.043333333333333335 0.03 0.02