0 0.25833333333333336 0.5483333333333333 0.023333333333333334 0.02666666666666667
0 0.4266666666666667 0.4766666666666667 0.023333333333333334 0.03
0 0.3616666666666667 0.555 0.02 0.023333333333333334
0 0.385 0.5666666666666667 0.023333333333333334 0.021666666666666667
0 0.20833333333333334 0.6183333333333333 0.03 0.023333333333333334
0 0.3416666666666667 0.41 0.02 0.021666666666666667
0 0.19833333333333333 0.4083333333333333 0.02 0.023333333333333334
0 0.4116666666666667 0.415 0.023333333333333334 0.025
0 0.5116666666666667 0.49166666666666664 0.023333333333333334 0.025
0 0.14833333333333334 0.435 0.023333333333333334 0.02
0 0.8433333333333334 0.9516666666666667 0.02 0.023333333333333334
0 0.8383333333333334 0.7816666666666666 0.02666666666666667 0.03
0 0.7183333333333334 0.645 0.025 0.023333333333333334
0 0.7416666666666667 0.6383333333333333 0.02 0.023333333333333334
0 0.7933333333333333 0.6866666666666666 0.02666666666666667 0.021666666666666667
0 0.9233333333333333 0.9083333333333333 0.02 0.023333333333333334
0 0.9616666666666667 0.9033333333333333 0.03 0.03
0 0.9266666666666666 0.8866666666666667 0.02666666666666667 0.02666666666666667
0 0.8566666666666667 0.7166666666666667 0.02666666666666667 0.03
0 0.5366666666666666 0.6666666666666666 0.02666666666666667 0.02666666666666667
0 0.5483333333333333 0.6 0.023333333333333334 0.02666666666666667
0 0.7183333333333334 0.61 0.028333333333333332 0.025
0 0.6166666666666667 0.56 0.02666666666666667 0.023333333333333334
0 0.565 0.5166666666666667 0.023333333333333334 0.023333333333333334
0 0.53 0.42833333333333334 0.023333333333333334 0.03
0 0.5283333333333333 0.35 0.02 0.023333333333333334
0 0.8116666666666666 0.8583333333333333 0.023333333333333334 0.03166666666666667
0 0.65 0.855 0.023333333333333334 0.03166666666666667
0 0.685 0.5766666666666667 0.023333333333333334 0.025
0 0.9116666666666666 0.9483333333333334 0.02666666666666667 0.02666666666666667
0 0.645 0.7983333333333333 0.02 0.023333333333333334
0 0.79 0.645 0.018333333333333333 0.021666666666666667
0 0.9566666666666667 0.8233333333333334 0.025 0.03
0 0.6733333333333333 0.825 0.028333333333333332 0.03333333333333333