0 0.2733333333333333 0.31 0.02666666666666667 0.02666666666666667
0 0.20166666666666666 0.42333333333333334 0.02666666666666667 0.023333333333333334
0 0.2816666666666667 0.73 0.02666666666666667 0.02666666666666667
0 0.18 0.8216666666666667 0.02 0.023333333333333334
0 0.1 0.8716666666666667 0.03 0.02
0 0.36333333333333334 0.5916666666666667 0.023333333333333334 0.02666666666666667
0 0.5033333333333333 0.5466666666666666 0.023333333333333334 0.02666666666666667
0 0.06 0.7233333333333334 0.02 0.02
0 0.06666666666666667 0.7366666666666667 0.023333333333333334 0.02
0 0.08833333333333333 0.7483333333333333 0.02 0.02
0 0.635 0.395 0.025 0.02666666666666667
0 0.5966666666666667 0.4666666666666667 0.023333333333333334 0.023333333333333334
0 0.5466666666666666 0.375 0.02666666666666667 0.02666666666666667
0 0.5516666666666666 0.4633333333333333 0.023333333333333334 0.023333333333333334
0 0.9133333333333333 0.27666666666666667 0.023333333333333334 0.023333333333333334
0 0.5383333333333333 0.43 0.02666666666666667 0.02666666666666667
0 0.6566666666666666 0.34 0.023333333333333334 0.02
0 0.7033333333333334 0.285 0.023333333333333334 0.023333333333333334
0 0.5283333333333333 0.021666666666666667 0.023333333333333334 0.023333333333333334
0 0.5616666666666666 0.7983333333333333 0.02666666666666667 0.023333333333333334
0 0.5716666666666667 0.8266666666666667 0.023333333333333334 0.023333333333333334
0 0.96 0.8933333333333333 0.023333333333333334 0.023333333333333334
0 0.955 0.5733333333333334 0.023333333333333334 0.016666666666666666
0 0.9516666666666667 0.5883333333333334 0.023333333333333334 0.023333333333333334
0 0.53 0.5 0.02666666666666667 0.02666666666666667
0 0.9866666666666667 0.48333333333333334 0.025 0.023333333333333334
0 0.7583333333333333 0.46166666666666667 0.02666666666666667 0.023333333333333334