0 0.2866666666666667 0.22333333333333333 0.025 0.025
0 0.375 0.115 0.04 0.025
0 0.44 0.24666666666666667 0.023333333333333334 0.02666666666666667
0 0.39666666666666667 0.3 0.03 0.023333333333333334
0 0.4083333333333333 0.3416666666666667 0.023333333333333334 0.023333333333333334
0 0.30666666666666664 0.45 0.03 0.023333333333333334
0 0.34 0.4483333333333333 0.023333333333333334 0.023333333333333334
0 0.305 0.4866666666666667 0.03 0.02
0 0.36666666666666664 0.5 0.03 0.023333333333333334
0 0.2816666666666667 0.5216666666666666 0.02666666666666667 0.02666666666666667
0 0.285 0.5516666666666666 0.03 0.02666666666666667
0 0.3416666666666667 0.7216666666666667 0.03 0.023333333333333334
0 0.41333333333333333 0.7516666666666667 0.03 0.03
0 0.4216666666666667 0.6666666666666666 0.02666666666666667 0.03
0 0.41333333333333333 0.8283333333333334 0.02666666666666667 0.02666666666666667
0 0.44166666666666665 0.8366666666666667 0.02666666666666667 0.02
0 0.37166666666666665 0.8833333333333333 0.03 0.03
0 0.4116666666666667 0.9233333333333333 0.03 0.03
0 0.455 0.9283333333333333 0.03 0.02666666666666667
0 0.39166666666666666 0.9533333333333334 0.023333333333333334 0.023333333333333334
0 0.4866666666666667 0.5 0.021666666666666667 0.025
0 0.4483333333333333 0.7716666666666666 0.02666666666666667 0.02666666666666667
0 0.325 0.155 0.03833333333333333 0.03
0 0.4 0.6916666666666667 0.023333333333333334 0.02
0 0.6216666666666667 0.97 0.02666666666666667 0.02666666666666667
0 0.64 0.8666666666666667 0.023333333333333334 0.02666666666666667
0 0.5183333333333333 0.5083333333333333 0.02666666666666667 0.023333333333333334
0 0.59 0.48833333333333334 0.03 0.02666666666666667
0 0.445 0.9733333333333334 0.028333333333333332 0.02666666666666667
0 0.315 0.40166666666666667 0.025 0.03