0 0.435 0.625 0.023333333333333334 0.02
0 0.2 0.8566666666666667 0.028333333333333332 0.02666666666666667
0 0.2966666666666667 0.9066666666666666 0.023333333333333334 0.02666666666666667
0 0.3233333333333333 0.9083333333333333 0.02666666666666667 0.02
0 0.8166666666666667 0.03666666666666667 0.02666666666666667 0.03333333333333333
0 0.97 0.24666666666666667 0.03 0.02666666666666667
0 0.051666666666666666 0.46 0.023333333333333334 0.023333333333333334
0 0.03833333333333333 0.3933333333333333 0.02666666666666667 0.02666666666666667
0 0.03833333333333333 0.6033333333333334 0.02666666666666667 0.02666666666666667
0 0.24833333333333332 0.91 0.023333333333333334 0.023333333333333334
0 0.25833333333333336 0.7666666666666667 0.03 0.03166666666666667