0 0.8066666666666666 0.8866666666666667 0.02 0.02666666666666667
0 0.8133333333333334 0.9583333333333334 0.02666666666666667 0.023333333333333334
0 0.39166666666666666 0.42833333333333334 0.03 0.023333333333333334
0 0.3516666666666667 0.36 0.02666666666666667 0.03
0 0.25666666666666665 0.5833333333333334 0.02 0.02
0 0.39666666666666667 0.8516666666666667 0.02 0.023333333333333334
0 0.8466666666666667 0.9433333333333334 0.02 0.02
0 0.75 0.95 0.02 0.02666666666666667
0 0.25333333333333335 0.935 0.03 0.03166666666666667
0 0.335 0.5216666666666666 0.023333333333333334 0.02
0 0.06833333333333333 0.7583333333333333 0.02666666666666667 0.02
0 0.24333333333333335 0.545 0.02 0.02
0 0.28833333333333333 0.8683333333333333 0.02666666666666667 0.02666666666666667
0 0.7683333333333333 0.98 0.02666666666666667 0.02666666666666667
0 0.7366666666666667 0.9766666666666667 0.03 0.03
0 0.7933333333333333 0.985 0.02 0.02
0 0.85 0.9833333333333333 0.03 0.02666666666666667
0 0.9533333333333334 0.07 0.02666666666666667 0.02666666666666667
0 0.7883333333333333 0.9033333333333333 0.023333333333333334 0.023333333333333334
0 0.3333333333333333 0.9116666666666666 0.03 0.02666666666666667
0 0.45666666666666667 0.86 0.023333333333333334 0.023333333333333334
0 0.03666666666666667 0.7133333333333334 0.023333333333333334 0.023333333333333334
0 0.35333333333333333 0.32 0.02666666666666667 0.02666666666666667
0 0.22666666666666666 0.5683333333333334 0.02 0.02
0 0.38333333333333336 0.46166666666666667 0.02666666666666667 0.02666666666666667
0 0.395 0.485 0.025 0.02666666666666667
0 0.5716666666666667 0.03333333333333333 0.023333333333333334 0.023333333333333334
0 0.6066666666666667 0.105 0.023333333333333334 0.023333333333333334
0 0.695 0.22333333333333333 0.02 0.02
0 0.7133333333333334 0.24833333333333332 0.02666666666666667 0.02666666666666667
0 0.8733333333333333 0.53 0.023333333333333334 0.023333333333333334
0 0.30833333333333335 0.5033333333333333 0.02666666666666667 0.023333333333333334
0 0.2683333333333333 0.8716666666666667 0.023333333333333334 0.02666666666666667
0 0.4166666666666667 0.8583333333333333 0.02 0.023333333333333334
0 0.27166666666666667 0.5516666666666666 0.025 0.03
0 0.22666666666666666 0.6333333333333333 0.03166666666666667 0.023333333333333334