0 0.8566666666666667 0.1 0.02666666666666667 0.023333333333333334
0 0.8583333333333333 0.11833333333333333 0.02666666666666667 0.02
0 0.8916666666666667 0.12833333333333333 0.023333333333333334 0.02
0 0.7666666666666667 0.16833333333333333 0.023333333333333334 0.02
0 0.7483333333333333 0.11166666666666666 0.023333333333333334 0.02666666666666667
0 0.6633333333333333 0.26666666666666666 0.023333333333333334 0.02
0 0.595 0.051666666666666666 0.03 0.03
0 0.7616666666666667 0.07833333333333334 0.03 0.03
0 0.695 0.2683333333333333 0.023333333333333334 0.023333333333333334
0 0.6266666666666667 0.31166666666666665 0.02666666666666667 0.02
0 0.8733333333333333 0.075 0.02666666666666667 0.02666666666666667
0 0.8516666666666667 0.15166666666666667 0.02666666666666667 0.023333333333333334
0 0.7916666666666666 0.16166666666666665 0.023333333333333334 0.023333333333333334
0 0.6383333333333333 0.04 0.023333333333333334 0.023333333333333334
0 0.6683333333333333 0.33666666666666667 0.023333333333333334 0.02666666666666667
0 0.7566666666666667 0.04833333333333333 0.02666666666666667 0.02666666666666667
0 0.9366666666666666 0.025 0.023333333333333334 0.02
0 0.8633333333333333 0.27666666666666667 0.023333333333333334 0.03
0 0.885 0.2916666666666667 0.023333333333333334 0.023333333333333334
0 0.7766666666666666 0.18 0.02666666666666667 0.02
0 0.885 0.92 0.02666666666666667 0.02
0 0.8 0.8166666666666667 0.03 0.02666666666666667
0 0.5983333333333334 0.6483333333333333 0.03 0.03
0 0.74 0.9 0.02 0.02
0 0.8383333333333334 0.83 0.023333333333333334 0.028333333333333332
0 0.7983333333333333 0.8816666666666667 0.02 0.023333333333333334
0 0.9733333333333334 0.6816666666666666 0.023333333333333334 0.023333333333333334
0 0.78 0.8766666666666667 0.02 0.023333333333333334
0 0.7266666666666667 0.8583333333333333 0.023333333333333334 0.02666666666666667
0 0.8516666666666667 0.9883333333333333 0.023333333333333334 0.023333333333333334
0 0.5466666666666666 0.8366666666666667 0.023333333333333334 0.021666666666666667
0 0.9316666666666666 0.8633333333333333 0.023333333333333334 0.023333333333333334
0 0.5966666666666667 0.7533333333333333 0.023333333333333334 0.023333333333333334
0 0.575 0.7166666666666667 0.023333333333333334 0.023333333333333334
0 0.3983333333333333 0.015 0.03 0.028333333333333332
0 0.44 0.015 0.02666666666666667 0.03
0 0.99 0.6633333333333333 0.018333333333333333 0.02666666666666667
0 0.9233333333333333 0.675 0.023333333333333334 0.028333333333333332