0 0.4633333333333333 0.745 0.02 0.02
0 0.7633333333333333 0.185 0.03 0.02666666666666667
0 0.6966666666666667 0.12 0.03 0.023333333333333334
0 0.71 0.09666666666666666 0.02666666666666667 0.02666666666666667
0 0.9733333333333334 0.3883333333333333 0.03 0.03
0 0.6783333333333333 0.07666666666666666 0.02666666666666667 0.03
0 0.9466666666666667 0.37333333333333335 0.02 0.02
0 0.8716666666666667 0.27166666666666667 0.02 0.023333333333333334
0 0.8266666666666667 0.235 0.02 0.02
0 0.9266666666666666 0.3616666666666667 0.023333333333333334 0.02
0 0.7616666666666667 0.97 0.02666666666666667 0.02
0 0.7633333333333333 0.9466666666666667 0.02666666666666667 0.023333333333333334
0 0.885 0.435 0.023333333333333334 0.02666666666666667
0 0.75 0.145 0.02666666666666667 0.02666666666666667
0 0.20833333333333334 0.16666666666666666 0.02666666666666667 0.03