0 0.68 0.56 0.023333333333333334 0.02666666666666667
0 0.7616666666666667 0.6466666666666666 0.03333333333333333 0.02666666666666667
0 0.6216666666666667 0.7116666666666667 0.02 0.023333333333333334
0 0.6216666666666667 0.6883333333333334 0.02 0.02
0 0.6133333333333333 0.6533333333333333 0.02 0.023333333333333334
0 0.645 0.6466666666666666 0.03 0.023333333333333334
0 0.6566666666666666 0.6283333333333333 0.02666666666666667 0.023333333333333334
0 0.6983333333333334 0.5916666666666667 0.023333333333333334 0.03
0 0.7266666666666667 0.8133333333333334 0.023333333333333334 0.02666666666666667
0 0.6533333333333333 0.8266666666666667 0.023333333333333334 0.023333333333333334
0 0.7333333333333333 0.5333333333333333 0.02 0.023333333333333334
0 0.785 0.5233333333333333 0.02 0.02666666666666667
0 0.8083333333333333 0.5483333333333333 0.03333333333333333 0.02
0 0.8666666666666667 0.45 0.03 0.023333333333333334
0 0.8716666666666667 0.38666666666666666 0.02666666666666667 0.02
0 0.9166666666666666 0.5716666666666667 0.02 0.02666666666666667
0 0.8733333333333333 0.64 0.023333333333333334 0.023333333333333334
0 0.8283333333333334 0.6883333333333334 0.023333333333333334 0.02666666666666667
0 0.62 0.54 0.03 0.02666666666666667
0 0.9383333333333334 0.7233333333333334 0.02 0.02
0 0.8566666666666667 0.7316666666666667 0.03 0.02
0 0.66 0.41333333333333333 0.02666666666666667 0.02666666666666667
0 0.9783333333333334 0.6066666666666667 0.023333333333333334 0.02666666666666667
0 0.9383333333333334 0.6366666666666667 0.02 0.02666666666666667
0 0.8516666666666667 0.5616666666666666 0.023333333333333334 0.023333333333333334
0 0.7533333333333333 0.49666666666666665 0.03 0.02666666666666667
0 0.8033333333333333 0.4066666666666667 0.02666666666666667 0.02666666666666667
0 0.7416666666666667 0.39 0.023333333333333334 0.02
0 0.965 0.28833333333333333 0.03 0.023333333333333334
0 0.8766666666666667 0.67 0.02666666666666667 0.03
0 0.9816666666666667 0.7266666666666667 0.023333333333333334 0.023333333333333334
0 0.9333333333333333 0.13166666666666665 0.023333333333333334 0.023333333333333334
0 0.6266666666666667 0.8283333333333334 0.023333333333333334 0.023333333333333334
0 0.5933333333333334 0.6516666666666666 0.023333333333333334 0.023333333333333334
0 0.37666666666666665 0.26666666666666666 0.02666666666666667 0.023333333333333334
0 0.38166666666666665 0.18 0.023333333333333334 0.023333333333333334
0 0.45 0.15 0.02666666666666667 0.03
0 0.48333333333333334 0.5516666666666666 0.02666666666666667 0.02666666666666667
0 0.8016666666666666 0.7316666666666667 0.028333333333333332 0.02666666666666667
0 0.93 0.7583333333333333 0.028333333333333332 0.025
0 0.8916666666666667 0.5166666666666667 0.03 0.03
0 0.99 0.33666666666666667 0.02 0.02666666666666667
0 0.43166666666666664 0.18833333333333332 0.03333333333333333 0.025
0 0.655 0.19666666666666666 0.035 0.03166666666666667