0 0.37333333333333335 0.8883333333333333 0.02666666666666667 0.03
0 0.3566666666666667 0.8366666666666667 0.03666666666666667 0.03
0 0.385 0.84 0.03666666666666667 0.03333333333333333
0 0.36 0.8116666666666666 0.03666666666666667 0.03333333333333333
0 0.12166666666666667 0.7966666666666666 0.03 0.03
0 0.11 0.71 0.03333333333333333 0.03
0 0.07 0.67 0.03333333333333333 0.02666666666666667
0 0.14333333333333334 0.6483333333333333 0.03333333333333333 0.03333333333333333
0 0.18666666666666668 0.7733333333333333 0.03333333333333333 0.023333333333333334
0 0.15333333333333332 0.8683333333333333 0.03333333333333333 0.03
0 0.14166666666666666 0.7083333333333334 0.03 0.02666666666666667
0 0.14833333333333334 0.73 0.03 0.02666666666666667
0 0.17833333333333334 0.6883333333333334 0.02666666666666667 0.023333333333333334
0 0.19166666666666668 0.86 0.023333333333333334 0.02
0 0.9316666666666666 0.5516666666666666 0.03 0.03
0 0.13166666666666665 0.8583333333333333 0.03 0.03
0 0.08833333333333333 0.6133333333333333 0.03 0.02666666666666667
0 0.21833333333333332 0.7466666666666667 0.02666666666666667 0.02666666666666667
0 0.24333333333333335 0.7283333333333334 0.03 0.03333333333333333
0 0.135 0.8216666666666667 0.03 0.02666666666666667
0 0.18333333333333332 0.7066666666666667 0.02666666666666667 0.023333333333333334
0 0.55 0.051666666666666666 0.02666666666666667 0.02
0 0.5516666666666666 0.11333333333333333 0.023333333333333334 0.02
0 0.5716666666666667 0.03333333333333333 0.02666666666666667 0.02
0 0.6116666666666667 0.025 0.02666666666666667 0.023333333333333334
0 0.72 0.455 0.03 0.02
0 0.705 0.25333333333333335 0.02666666666666667 0.023333333333333334
0 0.6616666666666666 0.26166666666666666 0.02666666666666667 0.03
0 0.6833333333333333 0.1 0.028333333333333332 0.02666666666666667
0 0.73 0.11666666666666667 0.02 0.023333333333333334
0 0.7366666666666667 0.375 0.03 0.03
0 0.935 0.41333333333333333 0.03 0.03
0 0.9833333333333333 0.4266666666666667 0.023333333333333334 0.023333333333333334
0 0.9733333333333334 0.455 0.023333333333333334 0.023333333333333334
0 0.7966666666666666 0.03 0.02666666666666667 0.023333333333333334
0 0.49333333333333335 0.11833333333333333 0.02666666666666667 0.02666666666666667
0 0.5383333333333333 0.13333333333333333 0.03666666666666667 0.02
0 0.4716666666666667 0.10166666666666667 0.02666666666666667 0.023333333333333334
0 0.48833333333333334 0.22166666666666668 0.03 0.023333333333333334
0 0.49833333333333335 0.26666666666666666 0.02666666666666667 0.023333333333333334
0 0.4633333333333333 0.30833333333333335 0.023333333333333334 0.03
0 0.48333333333333334 0.3016666666666667 0.023333333333333334 0.03
0 0.5183333333333333 0.305 0.023333333333333334 0.023333333333333334
0 0.5766666666666667 0.49166666666666664 0.03333333333333333 0.02666666666666667
0 0.9016666666666666 0.52 0.02666666666666667 0.025
0 0.9266666666666666 0.485 0.023333333333333334 0.023333333333333334
0 0.985 0.5033333333333333 0.02666666666666667 0.02666666666666667
0 0.041666666666666664 0.7333333333333333 0.03 0.023333333333333334