0 0.5883333333333334 0.7066666666666667 0.023333333333333334 0.02
0 0.7816666666666666 0.7033333333333334 0.02666666666666667 0.03
0 0.4483333333333333 0.765 0.02666666666666667 0.03
0 0.785 0.815 0.023333333333333334 0.02666666666666667
0 0.37333333333333335 0.8816666666666667 0.023333333333333334 0.023333333333333334
0 0.9583333333333334 0.9366666666666666 0.023333333333333334 0.023333333333333334
0 0.67 0.06666666666666667 0.02 0.023333333333333334
0 0.5466666666666666 0.07833333333333334 0.023333333333333334 0.02666666666666667
0 0.6383333333333333 0.115 0.03333333333333333 0.02666666666666667
0 0.6633333333333333 0.11333333333333333 0.02666666666666667 0.02666666666666667
0 0.8366666666666667 0.11833333333333333 0.03 0.03
0 0.8833333333333333 0.26666666666666666 0.023333333333333334 0.02
0 0.5883333333333334 0.29 0.02 0.02
0 0.7566666666666667 0.3333333333333333 0.03 0.03
0 0.61 0.4166666666666667 0.02 0.02
0 0.745 0.41333333333333333 0.02666666666666667 0.02666666666666667
0 0.8666666666666667 0.03 0.03 0.03
0 0.42833333333333334 0.9716666666666667 0.02666666666666667 0.023333333333333334
0 0.7383333333333333 0.27 0.02666666666666667 0.02666666666666667
0 0.5983333333333334 0.285 0.02 0.02
0 0.7583333333333333 0.6716666666666666 0.02666666666666667 0.02666666666666667
0 0.6833333333333333 0.17 0.02666666666666667 0.023333333333333334
0 0.6866666666666666 0.04666666666666667 0.02 0.02
0 0.9233333333333333 0.8616666666666667 0.023333333333333334 0.023333333333333334
0 0.8183333333333334 0.17666666666666667 0.023333333333333334 0.023333333333333334
0 0.5616666666666666 0.11666666666666667 0.02666666666666667 0.02666666666666667
0 0.8 0.195 0.023333333333333334 0.023333333333333334
0 0.8766666666666667 0.2783333333333333 0.023333333333333334 0.023333333333333334
0 0.6583333333333333 0.013333333333333334 0.02 0.02666666666666667
0 0.6966666666666667 0.07 0.02666666666666667 0.023333333333333334
0 0.23 0.86 0.025 0.023333333333333334
0 0.76 0.2816666666666667 0.02666666666666667 0.023333333333333334
0 0.5533333333333333 0.20333333333333334 0.03 0.03
0 0.605 0.24333333333333335 0.028333333333333332 0.03