0 0.9616666666666667 0.7533333333333333 0.03333333333333333 0.03
0 0.8516666666666667 0.32 0.02 0.02666666666666667
0 0.73 0.5366666666666666 0.03 0.02666666666666667
0 0.8 0.021666666666666667 0.028333333333333332 0.03166666666666667
0 0.9566666666666667 0.5816666666666667 0.03333333333333333 0.03
0 0.9633333333333334 0.545 0.03 0.03
0 0.8966666666666666 0.865 0.02666666666666667 0.02666666666666667
0 0.7833333333333333 0.3333333333333333 0.02666666666666667 0.02666666666666667
0 0.7533333333333333 0.06666666666666667 0.03 0.03
0 0.775 0.17833333333333334 0.03 0.03
0 0.975 0.21666666666666667 0.02666666666666667 0.02666666666666667
0 0.7216666666666667 0.6783333333333333 0.03 0.03
0 0.8733333333333333 0.29333333333333333 0.02666666666666667 0.02666666666666667
0 0.7083333333333334 0.008333333333333333 0.03 0.016666666666666666
0 0.285 0.051666666666666666 0.023333333333333334 0.02666666666666667
0 0.89 0.33666666666666667 0.03166666666666667 0.02666666666666667
0 0.77 0.5483333333333333 0.023333333333333334 0.03166666666666667