0 0.6383333333333333 0.195 0.023333333333333334 0.02666666666666667
0 0.5833333333333334 0.09 0.02 0.02666666666666667
0 0.5233333333333333 0.23666666666666666 0.023333333333333334 0.03666666666666667
0 0.69 0.22833333333333333 0.023333333333333334 0.03
0 0.16333333333333333 0.5666666666666667 0.03 0.03
0 0.4216666666666667 0.965 0.023333333333333334 0.023333333333333334
0 0.485 0.8683333333333333 0.023333333333333334 0.02666666666666667
0 0.08333333333333333 0.8183333333333334 0.02666666666666667 0.02666666666666667
0 0.051666666666666666 0.8133333333333334 0.02 0.02
0 0.03166666666666667 0.8033333333333333 0.02 0.02
0 0.17166666666666666 0.83 0.023333333333333334 0.02666666666666667
0 0.3016666666666667 0.9333333333333333 0.02 0.02666666666666667
0 0.44166666666666665 0.8433333333333334 0.03 0.03333333333333333
0 0.345 0.8566666666666667 0.03 0.03
0 0.22833333333333333 0.5683333333333334 0.023333333333333334 0.02666666666666667
0 0.44166666666666665 0.6783333333333333 0.023333333333333334 0.02
0 0.2866666666666667 0.78 0.03 0.02
0 0.22833333333333333 0.6433333333333333 0.02 0.02
0 0.03833333333333333 0.37833333333333335 0.02666666666666667 0.023333333333333334
0 0.16333333333333333 0.4533333333333333 0.02 0.023333333333333334
0 0.18166666666666667 0.43333333333333335 0.03 0.03
0 0.13833333333333334 0.08833333333333333 0.02666666666666667 0.02
0 0.24 0.10833333333333334 0.03 0.03
0 0.4866666666666667 0.11166666666666666 0.02666666666666667 0.02666666666666667
0 0.021666666666666667 0.8416666666666667 0.02666666666666667 0.023333333333333334
0 0.04 0.635 0.02666666666666667 0.02666666666666667
0 0.008333333333333333 0.9516666666666667 0.016666666666666666 0.02666666666666667
0 0.39166666666666666 0.26166666666666666 0.02666666666666667 0.03
0 0.5216666666666666 0.6183333333333333 0.023333333333333334 0.028333333333333332
0 0.44166666666666665 0.8933333333333333 0.023333333333333334 0.035
0 0.7266666666666667 0.8433333333333334 0.021666666666666667 0.023333333333333334
0 0.545 0.8816666666666667 0.023333333333333334 0.025
0 0.71 0.8666666666666667 0.02666666666666667 0.025
0 0.49 0.66 0.023333333333333334 0.025
0 0.5233333333333333 0.6633333333333333 0.02666666666666667 0.02666666666666667
0 0.4216666666666667 0.051666666666666666 0.028333333333333332 0.03
0 0.4033333333333333 0.515 0.023333333333333334 0.018333333333333333
0 0.39666666666666667 0.84 0.03 0.02666666666666667
0 0.45 0.12666666666666668 0.025 0.02666666666666667
0 0.27166666666666667 0.4866666666666667 0.028333333333333332 0.023333333333333334