0 0.6416666666666667 0.98 0.03 0.02666666666666667
0 0.695 0.615 0.023333333333333334 0.02666666666666667
0 0.21 0.5783333333333334 0.02666666666666667 0.023333333333333334
0 0.37833333333333335 0.5533333333333333 0.023333333333333334 0.03
0 0.43 0.6033333333333334 0.02666666666666667 0.03
0 0.16833333333333333 0.8833333333333333 0.02666666666666667 0.02666666666666667
0 0.5016666666666667 0.545 0.03 0.03
0 0.165 0.33666666666666667 0.02 0.016666666666666666
0 0.2783333333333333 0.19 0.02666666666666667 0.03
0 0.195 0.26666666666666666 0.02 0.02
0 0.21166666666666667 0.2833333333333333 0.02 0.02
0 0.17333333333333334 0.3233333333333333 0.02 0.02
0 0.37666666666666665 0.03166666666666667 0.023333333333333334 0.023333333333333334
0 0.755 0.06833333333333333 0.02 0.023333333333333334
0 0.7366666666666667 0.07 0.023333333333333334 0.02666666666666667
0 0.7666666666666667 0.24666666666666667 0.02 0.018333333333333333
0 0.9433333333333334 0.42333333333333334 0.03 0.03
0 0.745 0.10166666666666667 0.02666666666666667 0.02666666666666667
0 0.74 0.135 0.023333333333333334 0.023333333333333334
0 0.555 0.6083333333333333 0.025 0.03
0 0.67 0.8966666666666666 0.028333333333333332 0.03166666666666667