0 0.4166666666666667 0.37 0.023333333333333334 0.023333333333333334
0 0.16 0.36 0.023333333333333334 0.023333333333333334
0 0.4716666666666667 0.27166666666666667 0.02 0.023333333333333334
0 0.4083333333333333 0.22666666666666666 0.02666666666666667 0.02
0 0.425 0.18666666666666668 0.023333333333333334 0.02
0 0.11333333333333333 0.31333333333333335 0.023333333333333334 0.02
0 0.8116666666666666 0.8583333333333333 0.02666666666666667 0.02
0 0.7133333333333334 0.145 0.03 0.02
0 0.66 0.16833333333333333 0.023333333333333334 0.023333333333333334
0 0.8883333333333333 0.7233333333333334 0.02666666666666667 0.02666666666666667
0 0.31333333333333335 0.9066666666666666 0.023333333333333334 0.02
0 0.4 0.685 0.023333333333333334 0.02
0 0.09666666666666666 0.7233333333333334 0.02 0.023333333333333334
0 0.24 0.6166666666666667 0.023333333333333334 0.023333333333333334
0 0.13666666666666666 0.6716666666666666 0.023333333333333334 0.023333333333333334
0 0.016666666666666666 0.525 0.02666666666666667 0.02666666666666667
0 0.09333333333333334 0.8483333333333334 0.028333333333333332 0.03166666666666667