0 0.22833333333333333 0.735 0.023333333333333334 0.02
0 0.18 0.7583333333333333 0.03333333333333333 0.02
0 0.20833333333333334 0.7533333333333333 0.02 0.02
0 0.18833333333333332 0.7733333333333333 0.023333333333333334 0.02
0 0.09833333333333333 0.8666666666666667 0.02666666666666667 0.03
0 0.3016666666666667 0.7466666666666667 0.023333333333333334 0.023333333333333334
0 0.32 0.7633333333333333 0.02666666666666667 0.023333333333333334
0 0.20666666666666667 0.9366666666666666 0.02666666666666667 0.03
0 0.435 0.8766666666666667 0.023333333333333334 0.023333333333333334
0 0.515 0.89 0.02666666666666667 0.03
0 0.5983333333333334 0.9483333333333334 0.03 0.02
0 0.5733333333333334 0.9666666666666667 0.02666666666666667 0.023333333333333334
0 0.23333333333333334 0.6016666666666667 0.03 0.023333333333333334
0 0.3 0.6316666666666667 0.02666666666666667 0.023333333333333334
0 0.11833333333333333 0.7016666666666667 0.02666666666666667 0.023333333333333334
0 0.12833333333333333 0.835 0.03333333333333333 0.03
0 0.3016666666666667 0.9016666666666666 0.02666666666666667 0.02666666666666667
0 0.055 0.89 0.03 0.03
0 0.5133333333333333 0.8633333333333333 0.023333333333333334 0.023333333333333334
0 0.31166666666666665 0.945 0.023333333333333334 0.023333333333333334
0 0.46166666666666667 0.9366666666666666 0.03 0.03666666666666667
0 0.31333333333333335 0.051666666666666666 0.023333333333333334 0.02666666666666667
0 0.375 0.06 0.02666666666666667 0.023333333333333334
0 0.24333333333333335 0.12666666666666668 0.03 0.023333333333333334
0 0.17833333333333334 0.37666666666666665 0.023333333333333334 0.023333333333333334
0 0.305 0.44166666666666665 0.02 0.02666666666666667
0 0.47833333333333333 0.4083333333333333 0.03 0.03
0 0.13333333333333333 0.06 0.023333333333333334 0.02
0 0.32166666666666666 0.375 0.02666666666666667 0.023333333333333334
0 0.3416666666666667 0.015 0.023333333333333334 0.023333333333333334
0 0.21833333333333332 0.006666666666666667 0.02666666666666667 0.013333333333333334
0 0.13166666666666665 0.43833333333333335 0.02666666666666667 0.02666666666666667
0 0.36 0.10333333333333333 0.02666666666666667 0.03
0 0.2733333333333333 0.15 0.03 0.02666666666666667