0 0.3883333333333333 0.018333333333333333 0.021666666666666667 0.025
0 0.4816666666666667 0.18833333333333332 0.02666666666666667 0.03
0 0.30333333333333334 0.045 0.03 0.023333333333333334
0 0.7683333333333333 0.45666666666666667 0.03 0.021666666666666667
0 0.4633333333333333 0.18833333333333332 0.02666666666666667 0.02666666666666667
0 0.44666666666666666 0.01 0.03 0.02
0 0.59 0.405 0.03 0.03
0 0.9733333333333334 0.38 0.03 0.03
0 0.67 0.39166666666666666 0.02666666666666667 0.02666666666666667
0 0.44666666666666666 0.01 0.02666666666666667 0.02
0 0.7616666666666667 0.2866666666666667 0.02666666666666667 0.02666666666666667
0 0.09666666666666666 0.74 0.03 0.03
0 0.495 0.6833333333333333 0.023333333333333334 0.023333333333333334
0 0.20833333333333334 0.6783333333333333 0.03 0.02666666666666667
0 0.37166666666666665 0.835 0.02666666666666667 0.02666666666666667
0 0.6966666666666667 0.6833333333333333 0.023333333333333334 0.02
0 0.8633333333333333 0.92 0.02666666666666667 0.02666666666666667
0 0.8116666666666666 0.7383333333333333 0.02666666666666667 0.02666666666666667
0 0.8733333333333333 0.7566666666666667 0.03 0.03
0 0.115 0.2833333333333333 0.023333333333333334 0.023333333333333334
0 0.07166666666666667 0.22 0.02 0.023333333333333334
0 0.31666666666666665 0.08333333333333333 0.02 0.018333333333333333