0 0.18833333333333332 0.08166666666666667 0.02666666666666667 0.02
0 0.175 0.05 0.028333333333333332 0.025
0 0.43666666666666665 0.37166666666666665 0.023333333333333334 0.023333333333333334
0 0.4483333333333333 0.4583333333333333 0.02666666666666667 0.023333333333333334
0 0.20166666666666666 0.05 0.02666666666666667 0.02666666666666667
0 0.20166666666666666 0.105 0.02666666666666667 0.023333333333333334
0 0.4666666666666667 0.25333333333333335 0.023333333333333334 0.023333333333333334
0 0.49333333333333335 0.21833333333333332 0.03 0.03
0 0.48833333333333334 0.2966666666666667 0.03 0.02666666666666667
0 0.051666666666666666 0.09333333333333334 0.02666666666666667 0.023333333333333334
0 0.8233333333333334 0.03333333333333333 0.023333333333333334 0.023333333333333334
0 0.975 0.26166666666666666 0.03 0.025
0 0.6966666666666667 0.3 0.023333333333333334 0.021666666666666667
0 0.7066666666666667 0.26 0.023333333333333334 0.03
0 0.5833333333333334 0.18666666666666668 0.02666666666666667 0.02666666666666667
0 0.6716666666666666 0.20666666666666667 0.02666666666666667 0.023333333333333334
0 0.7533333333333333 0.43 0.02666666666666667 0.02
0 0.8583333333333333 0.41333333333333333 0.03 0.023333333333333334
0 0.5766666666666667 0.405 0.02 0.02
0 0.7266666666666667 0.145 0.02 0.023333333333333334
0 0.7116666666666667 0.4766666666666667 0.023333333333333334 0.02
0 0.9183333333333333 0.055 0.02 0.02666666666666667
0 0.94 0.20833333333333334 0.023333333333333334 0.023333333333333334
0 0.6633333333333333 0.44333333333333336 0.02666666666666667 0.03
0 0.7983333333333333 0.205 0.02 0.02
0 0.6583333333333333 0.45666666666666667 0.02666666666666667 0.02666666666666667
0 0.6316666666666667 0.4683333333333333 0.025 0.02666666666666667
0 0.24333333333333335 0.9666666666666667 0.02 0.02666666666666667
0 0.22166666666666668 0.96 0.02 0.02
0 0.19333333333333333 0.9633333333333334 0.028333333333333332 0.021666666666666667
0 0.04666666666666667 0.91 0.02666666666666667 0.02666666666666667
0 0.625 0.895 0.02666666666666667 0.02666666666666667
0 0.5783333333333334 0.6933333333333334 0.023333333333333334 0.023333333333333334
0 0.6916666666666667 0.7966666666666666 0.021666666666666667 0.02
0 0.7516666666666667 0.8533333333333334 0.023333333333333334 0.02666666666666667
0 0.7216666666666667 0.8316666666666667 0.023333333333333334 0.023333333333333334
0 0.008333333333333333 0.04 0.016666666666666666 0.03
0 0.02 0.6616666666666666 0.02666666666666667 0.02666666666666667
0 0.025 0.016666666666666666 0.023333333333333334 0.025
0 0.6783333333333333 0.51 0.03 0.021666666666666667
0 0.675 0.535 0.025 0.02666666666666667
0 0.4083333333333333 0.355 0.023333333333333334 0.025
0 0.265 0.8533333333333334 0.021666666666666667 0.023333333333333334
0 0.24 0.6666666666666666 0.018333333333333333 0.025
0 0.17666666666666667 0.905 0.02666666666666667 0.02
0 0.09 0.18833333333333332 0.025 0.03
0 0.665 0.8 0.03 0.03166666666666667
0 0.5233333333333333 0.8 0.028333333333333332 0.025
0 0.66 0.9333333333333333 0.02666666666666667 0.025
0 0.7683333333333333 0.6383333333333333 0.03 0.03333333333333333