0 0.6566666666666666 0.6066666666666667 0.03333333333333333 0.03
0 0.8366666666666667 0.81 0.023333333333333334 0.02666666666666667
0 0.805 0.76 0.03 0.03333333333333333
0 0.8316666666666667 0.7366666666666667 0.03 0.03
0 0.8433333333333334 0.535 0.023333333333333334 0.023333333333333334
0 0.7616666666666667 0.6533333333333333 0.02666666666666667 0.02666666666666667
0 0.655 0.645 0.02666666666666667 0.023333333333333334
0 0.8883333333333333 0.7066666666666667 0.023333333333333334 0.023333333333333334
0 0.8216666666666667 0.8 0.02 0.02666666666666667
0 0.8633333333333333 0.6 0.023333333333333334 0.03333333333333333
0 0.7816666666666666 0.5283333333333333 0.023333333333333334 0.03
0 0.9316666666666666 0.5916666666666667 0.03 0.03
0 0.8166666666666667 0.24333333333333335 0.02666666666666667 0.03
0 0.84 0.16666666666666666 0.02666666666666667 0.023333333333333334
0 0.695 0.37166666666666665 0.02666666666666667 0.02666666666666667
0 0.67 0.3933333333333333 0.02666666666666667 0.02666666666666667
0 0.8716666666666667 0.4866666666666667 0.03 0.03
0 0.9083333333333333 0.4533333333333333 0.023333333333333334 0.02666666666666667
0 0.8216666666666667 0.38666666666666666 0.02666666666666667 0.02666666666666667
0 0.54 0.435 0.023333333333333334 0.023333333333333334
0 0.5466666666666666 0.405 0.03 0.023333333333333334
0 0.8783333333333333 0.35333333333333333 0.023333333333333334 0.023333333333333334
0 0.8466666666666667 0.4033333333333333 0.023333333333333334 0.023333333333333334
0 0.6766666666666666 0.49 0.023333333333333334 0.02666666666666667
0 0.7233333333333334 0.4266666666666667 0.023333333333333334 0.02666666666666667
0 0.6666666666666666 0.4166666666666667 0.02 0.03
0 0.7666666666666667 0.41833333333333333 0.023333333333333334 0.02666666666666667
0 0.6966666666666667 0.43666666666666665 0.02666666666666667 0.02
0 0.8666666666666667 0.18166666666666667 0.023333333333333334 0.02
0 0.9666666666666667 0.38166666666666665 0.023333333333333334 0.025
0 0.8116666666666666 0.4216666666666667 0.02666666666666667 0.02666666666666667
0 0.8033333333333333 0.25666666666666665 0.02 0.02
0 0.7583333333333333 0.4683333333333333 0.03 0.025