0 0.6333333333333333 0.905 0.02 0.02666666666666667
0 0.6566666666666666 0.9083333333333333 0.023333333333333334 0.02666666666666667
0 0.6633333333333333 0.9316666666666666 0.023333333333333334 0.03
0 0.645 0.041666666666666664 0.02666666666666667 0.03
0 0.55 0.06833333333333333 0.02666666666666667 0.03
0 0.5816666666666667 0.14333333333333334 0.023333333333333334 0.025
0 0.7133333333333334 0.265 0.02666666666666667 0.025
0 0.595 0.025 0.02666666666666667 0.023333333333333334
0 0.6533333333333333 0.011666666666666667 0.03333333333333333 0.023333333333333334
0 0.58 0.043333333333333335 0.023333333333333334 0.02
0 0.555 0.041666666666666664 0.023333333333333334 0.02
0 0.545 0.13833333333333334 0.023333333333333334 0.02
0 0.7933333333333333 0.23 0.023333333333333334 0.023333333333333334
0 0.6533333333333333 0.36666666666666664 0.025 0.023333333333333334
0 0.7233333333333334 0.44 0.02 0.02
0 0.9633333333333334 0.4266666666666667 0.02 0.02
0 0.6216666666666667 0.3883333333333333 0.023333333333333334 0.021666666666666667
0 0.765 0.93 0.023333333333333334 0.023333333333333334
0 0.61 0.41 0.023333333333333334 0.023333333333333334
0 0.41 0.21666666666666667 0.025 0.021666666666666667
0 0.43833333333333335 0.22166666666666668 0.02666666666666667 0.02666666666666667
0 0.3616666666666667 0.23833333333333334 0.025 0.025
0 0.175 0.27666666666666667 0.025 0.023333333333333334
0 0.4583333333333333 0.20166666666666666 0.023333333333333334 0.02
0 0.5183333333333333 0.12166666666666667 0.023333333333333334 0.02
0 0.51 0.9566666666666667 0.025 0.025
0 0.28 0.895 0.02666666666666667 0.023333333333333334
0 0.25833333333333336 0.8116666666666666 0.03 0.03
0 0.24666666666666667 0.8866666666666667 0.023333333333333334 0.023333333333333334
0 0.12333333333333334 0.79 0.023333333333333334 0.028333333333333332
0 0.21 0.8 0.02666666666666667 0.02666666666666667
0 0.15 0.7666666666666667 0.023333333333333334 0.023333333333333334
0 0.4766666666666667 0.86 0.02666666666666667 0.02666666666666667
0 0.505 0.1 0.023333333333333334 0.023333333333333334
0 0.23166666666666666 0.7983333333333333 0.02666666666666667 0.02666666666666667
0 0.54 0.43833333333333335 0.025 0.023333333333333334