0 0.8233333333333334 0.18666666666666668 0.023333333333333334 0.023333333333333334
0 0.7133333333333334 0.37833333333333335 0.02666666666666667 0.02666666666666667
0 0.7166666666666667 0.3466666666666667 0.02666666666666667 0.02666666666666667
0 0.7533333333333333 0.415 0.023333333333333334 0.023333333333333334
0 0.8083333333333333 0.4533333333333333 0.02666666666666667 0.02666666666666667
0 0.8316666666666667 0.41333333333333333 0.02666666666666667 0.023333333333333334
0 0.8966666666666666 0.765 0.03333333333333333 0.03
0 0.19166666666666668 0.8883333333333333 0.03 0.03
0 0.04666666666666667 0.9733333333333334 0.03 0.03
0 0.325 0.69 0.03 0.03
0 0.33 0.9033333333333333 0.03666666666666667 0.03
0 0.3616666666666667 0.8516666666666667 0.03333333333333333 0.03333333333333333
0 0.14 0.9433333333333334 0.03666666666666667 0.023333333333333334
0 0.3 0.4266666666666667 0.02666666666666667 0.02666666666666667
0 0.22666666666666666 0.195 0.03 0.02666666666666667
0 0.25833333333333336 0.42333333333333334 0.02666666666666667 0.023333333333333334
0 0.36833333333333335 0.45666666666666667 0.023333333333333334 0.023333333333333334
0 0.41333333333333333 0.016666666666666666 0.03 0.03
0 0.4166666666666667 0.06 0.03 0.03
0 0.245 0.355 0.02666666666666667 0.025
0 0.40166666666666667 0.45 0.03 0.02666666666666667
0 0.40166666666666667 0.40166666666666667 0.03333333333333333 0.02666666666666667
0 0.265 0.4866666666666667 0.02666666666666667 0.02666666666666667
0 0.31666666666666665 0.48833333333333334 0.023333333333333334 0.023333333333333334
0 0.43 0.4866666666666667 0.03 0.02666666666666667
0 0.23333333333333334 0.495 0.02666666666666667 0.023333333333333334
0 0.225 0.5966666666666667 0.025 0.025
0 0.4166666666666667 0.19166666666666668 0.025 0.03166666666666667