0 0.7166666666666667 0.14833333333333334 0.03 0.023333333333333334
0 0.5966666666666667 0.29333333333333333 0.03333333333333333 0.03333333333333333
0 0.5433333333333333 0.225 0.023333333333333334 0.03
0 0.7416666666666667 0.225 0.023333333333333334 0.023333333333333334
0 0.7683333333333333 0.22666666666666666 0.02 0.02666666666666667
0 0.6316666666666667 0.33 0.03 0.03333333333333333
0 0.64 0.36 0.02 0.023333333333333334
0 0.6866666666666666 0.3616666666666667 0.03 0.03
0 0.6716666666666666 0.3233333333333333 0.023333333333333334 0.02666666666666667
0 0.5483333333333333 0.355 0.02666666666666667 0.023333333333333334
0 0.5483333333333333 0.24666666666666667 0.02666666666666667 0.023333333333333334
0 0.6216666666666667 0.21833333333333332 0.02 0.023333333333333334
0 0.95 0.3 0.02666666666666667 0.025
0 0.9266666666666666 0.455 0.023333333333333334 0.02666666666666667
0 0.6533333333333333 0.27166666666666667 0.03 0.03
0 0.5583333333333333 0.40166666666666667 0.03 0.03
0 0.8733333333333333 0.11833333333333333 0.03 0.03
0 0.7416666666666667 0.14166666666666666 0.023333333333333334 0.02666666666666667
0 0.5366666666666666 0.3016666666666667 0.023333333333333334 0.02
0 0.42333333333333334 0.56 0.03 0.03
0 0.49833333333333335 0.5383333333333333 0.02666666666666667 0.02666666666666667
0 0.043333333333333335 0.058333333333333334 0.02666666666666667 0.02
0 0.043333333333333335 0.12166666666666667 0.023333333333333334 0.02
0 0.058333333333333334 0.021666666666666667 0.02666666666666667 0.02
0 0.058333333333333334 0.03666666666666667 0.02666666666666667 0.02
0 0.09833333333333333 0.028333333333333332 0.02666666666666667 0.023333333333333334
0 0.21166666666666667 0.4633333333333333 0.03 0.02
0 0.2 0.2633333333333333 0.03333333333333333 0.03
0 0.16166666666666665 0.275 0.02666666666666667 0.03
0 0.17833333333333334 0.10666666666666667 0.02666666666666667 0.023333333333333334
0 0.22166666666666668 0.12166666666666667 0.02 0.023333333333333334
0 0.22833333333333333 0.38166666666666665 0.03 0.03
0 0.42833333333333334 0.42 0.03 0.03
0 0.4766666666666667 0.43333333333333335 0.023333333333333334 0.023333333333333334
0 0.465 0.4633333333333333 0.023333333333333334 0.023333333333333334
0 0.17333333333333334 0.3283333333333333 0.023333333333333334 0.023333333333333334
0 0.19 0.15833333333333333 0.02 0.02
0 0.48833333333333334 0.3566666666666667 0.02666666666666667 0.02666666666666667
0 0.4533333333333333 0.4533333333333333 0.023333333333333334 0.023333333333333334
0 0.5416666666666666 0.4583333333333333 0.02666666666666667 0.025
0 0.5283333333333333 0.39166666666666666 0.02666666666666667 0.02666666666666667
0 0.03 0.14 0.03666666666666667 0.02
0 0.011666666666666667 0.31166666666666665 0.023333333333333334 0.023333333333333334
0 0.07833333333333334 0.5016666666666667 0.03333333333333333 0.02666666666666667
0 0.39166666666666666 0.5216666666666666 0.03 0.02666666666666667
0 0.41833333333333333 0.49333333333333335 0.023333333333333334 0.023333333333333334
0 0.4766666666666667 0.5116666666666667 0.02666666666666667 0.02666666666666667
0 0.835 0.5716666666666667 0.03 0.02666666666666667
0 0.785 0.7016666666666667 0.028333333333333332 0.02666666666666667
0 0.7933333333333333 0.6166666666666667 0.023333333333333334 0.023333333333333334
0 0.6916666666666667 0.7566666666666667 0.02666666666666667 0.023333333333333334
0 0.8566666666666667 0.5 0.028333333333333332 0.028333333333333332
0 0.5583333333333333 0.9633333333333334 0.023333333333333334 0.023333333333333334
0 0.77 0.7733333333333333 0.02666666666666667 0.023333333333333334
0 0.9083333333333333 0.49 0.02666666666666667 0.023333333333333334
0 0.8333333333333334 0.5316666666666666 0.023333333333333334 0.023333333333333334
0 0.7683333333333333 0.7483333333333333 0.023333333333333334 0.023333333333333334
0 0.71 0.965 0.02666666666666667 0.02666666666666667
0 0.925 0.9266666666666666 0.023333333333333334 0.023333333333333334
0 0.6316666666666667 0.9166666666666666 0.028333333333333332 0.03333333333333333
0 0.9533333333333334 0.9516666666666667 0.023333333333333334 0.02666666666666667
0 0.8366666666666667 0.735 0.02666666666666667 0.03
0 0.7016666666666667 0.24166666666666667 0.035 0.03166666666666667
0 0.5183333333333333 0.4533333333333333 0.025 0.02666666666666667
0 0.29 0.03666666666666667 0.03166666666666667 0.028333333333333332
0 0.48833333333333334 0.9433333333333334 0.025 0.023333333333333334