0 0.445 0.33 0.02666666666666667 0.025
0 0.49666666666666665 0.325 0.023333333333333334 0.02
0 0.5083333333333333 0.375 0.023333333333333334 0.02666666666666667
0 0.41833333333333333 0.36333333333333334 0.02666666666666667 0.023333333333333334
0 0.415 0.33166666666666667 0.025 0.021666666666666667
0 0.47333333333333333 0.3933333333333333 0.02 0.023333333333333334
0 0.84 0.3433333333333333 0.023333333333333334 0.023333333333333334
0 0.6433333333333333 0.32 0.02666666666666667 0.02666666666666667
0 0.5333333333333333 0.215 0.02666666666666667 0.02666666666666667
0 0.63 0.8816666666666667 0.03 0.03
0 0.6116666666666667 0.8216666666666667 0.03 0.023333333333333334
0 0.51 0.7533333333333333 0.02666666666666667 0.02666666666666667
0 0.4583333333333333 0.7316666666666667 0.02666666666666667 0.02666666666666667
0 0.6183333333333333 0.655 0.023333333333333334 0.02666666666666667
0 0.3983333333333333 0.6016666666666667 0.028333333333333332 0.03166666666666667
0 0.3616666666666667 0.5733333333333334 0.025 0.025