0 0.44 0.5166666666666667 0.03 0.03
0 0.42833333333333334 0.5766666666666667 0.02666666666666667 0.03
0 0.4633333333333333 0.5633333333333334 0.02 0.02666666666666667
0 0.4816666666666667 0.6 0.028333333333333332 0.02666666666666667
0 0.24833333333333332 0.45166666666666666 0.03 0.03
0 0.20833333333333334 0.465 0.02 0.023333333333333334
0 0.4766666666666667 0.8533333333333334 0.03 0.02666666666666667
0 0.4033333333333333 0.24666666666666667 0.02666666666666667 0.02666666666666667
0 0.24666666666666667 0.4816666666666667 0.023333333333333334 0.023333333333333334
0 0.88 0.735 0.028333333333333332 0.028333333333333332
0 0.6666666666666666 0.7083333333333334 0.023333333333333334 0.02666666666666667
0 0.6416666666666667 0.7466666666666667 0.02666666666666667 0.02666666666666667
0 0.6166666666666667 0.6166666666666667 0.023333333333333334 0.02666666666666667
0 0.895 0.355 0.02 0.023333333333333334
0 0.5266666666666666 0.36666666666666664 0.02666666666666667 0.02666666666666667
0 0.5416666666666666 0.4866666666666667 0.03166666666666667 0.03
0 0.595 0.4683333333333333 0.023333333333333334 0.023333333333333334
0 0.6066666666666667 0.2966666666666667 0.02666666666666667 0.03
0 0.6 0.2 0.02666666666666667 0.023333333333333334
0 0.5383333333333333 0.21166666666666667 0.03 0.02666666666666667
0 0.5266666666666666 0.5366666666666666 0.023333333333333334 0.03
0 0.535 0.23833333333333334 0.023333333333333334 0.023333333333333334
0 0.5716666666666667 0.15833333333333333 0.02666666666666667 0.03
0 0.525 0.11166666666666666 0.02666666666666667 0.02666666666666667
0 0.8633333333333333 0.125 0.03 0.03
0 0.9333333333333333 0.47833333333333333 0.021666666666666667 0.02666666666666667
0 0.9166666666666666 0.10666666666666667 0.02666666666666667 0.023333333333333334
0 0.7833333333333333 0.11666666666666667 0.03333333333333333 0.03
0 0.7933333333333333 0.06 0.02666666666666667 0.02666666666666667
0 0.495 0.8033333333333333 0.03166666666666667 0.03166666666666667