0 0.545 0.575 0.03 0.03333333333333333
0 0.5833333333333334 0.5283333333333333 0.02666666666666667 0.03
0 0.7466666666666667 0.8766666666666667 0.03 0.03
0 0.7883333333333333 0.8433333333333334 0.02666666666666667 0.03
0 0.7583333333333333 0.6983333333333334 0.03 0.023333333333333334
0 0.8316666666666667 0.56 0.03 0.02666666666666667
0 0.6433333333333333 0.555 0.02 0.02666666666666667
0 0.7616666666666667 0.58 0.02666666666666667 0.023333333333333334
0 0.7816666666666666 0.5466666666666666 0.023333333333333334 0.023333333333333334
0 0.8516666666666667 0.6533333333333333 0.02666666666666667 0.02666666666666667
0 0.705 0.6566666666666666 0.023333333333333334 0.023333333333333334
0 0.8383333333333334 0.82 0.03 0.03
0 0.7166666666666667 0.5233333333333333 0.02666666666666667 0.023333333333333334
0 0.8766666666666667 0.565 0.03 0.03
0 0.8033333333333333 0.5683333333333334 0.023333333333333334 0.023333333333333334
0 0.8816666666666667 0.8083333333333333 0.02666666666666667 0.028333333333333332
0 0.735 0.5566666666666666 0.023333333333333334 0.023333333333333334
0 0.7416666666666667 0.6383333333333333 0.023333333333333334 0.02
0 0.7266666666666667 0.865 0.023333333333333334 0.02666666666666667
0 0.735 0.8433333333333334 0.02666666666666667 0.023333333333333334
0 0.8716666666666667 0.6416666666666667 0.023333333333333334 0.02666666666666667
0 0.8783333333333333 0.6633333333333333 0.02666666666666667 0.023333333333333334
0 0.7683333333333333 0.6316666666666667 0.03 0.02666666666666667
0 0.7816666666666666 0.7483333333333333 0.02666666666666667 0.02
0 0.47833333333333333 0.6016666666666667 0.03333333333333333 0.03
0 0.5366666666666666 0.5533333333333333 0.02666666666666667 0.023333333333333334
0 0.495 0.665 0.02 0.023333333333333334
0 0.6033333333333334 0.09833333333333333 0.02 0.023333333333333334
0 0.6233333333333333 0.05333333333333334 0.02 0.02
0 0.6416666666666667 0.02666666666666667 0.02666666666666667 0.023333333333333334
0 0.6266666666666667 0.01 0.02666666666666667 0.02
0 0.6466666666666666 0.05 0.023333333333333334 0.03
0 0.5916666666666667 0.4666666666666667 0.02666666666666667 0.02
0 0.5816666666666667 0.4166666666666667 0.023333333333333334 0.023333333333333334
0 0.64 0.4583333333333333 0.03 0.02666666666666667
0 0.6083333333333333 0.42833333333333334 0.02 0.02666666666666667
0 0.6416666666666667 0.32166666666666666 0.02666666666666667 0.02666666666666667
0 0.6733333333333333 0.3566666666666667 0.03 0.023333333333333334
0 0.7033333333333334 0.3016666666666667 0.023333333333333334 0.02
0 0.7016666666666667 0.19333333333333333 0.023333333333333334 0.02666666666666667
0 0.845 0.09666666666666666 0.023333333333333334 0.02666666666666667
0 0.7766666666666666 0.028333333333333332 0.023333333333333334 0.02666666666666667
0 0.8783333333333333 0.3616666666666667 0.02666666666666667 0.02666666666666667
0 0.8833333333333333 0.20333333333333334 0.03 0.023333333333333334
0 0.72 0.27 0.02666666666666667 0.02
0 0.7683333333333333 0.42333333333333334 0.02666666666666667 0.023333333333333334
0 0.6966666666666667 0.42833333333333334 0.03 0.02666666666666667
0 0.7666666666666667 0.37166666666666665 0.023333333333333334 0.02666666666666667
0 0.7783333333333333 0.38333333333333336 0.03 0.02
0 0.8033333333333333 0.3883333333333333 0.03 0.02
0 0.8416666666666667 0.31333333333333335 0.023333333333333334 0.02666666666666667
0 0.7466666666666667 0.44166666666666665 0.02666666666666667 0.02666666666666667
0 0.87 0.12833333333333333 0.023333333333333334 0.023333333333333334
0 0.785 0.11166666666666666 0.02666666666666667 0.02666666666666667
0 0.57 0.07166666666666667 0.02666666666666667 0.02666666666666667
0 0.8083333333333333 0.4216666666666667 0.023333333333333334 0.023333333333333334
0 0.8383333333333334 0.07333333333333333 0.02666666666666667 0.02666666666666667
0 0.68 0.26666666666666666 0.023333333333333334 0.023333333333333334
0 0.6233333333333333 0.425 0.02666666666666667 0.023333333333333334
0 0.7 0.32166666666666666 0.023333333333333334 0.023333333333333334
0 0.8433333333333334 0.04666666666666667 0.02666666666666667 0.02666666666666667
0 0.5333333333333333 0.28833333333333333 0.023333333333333334 0.02666666666666667
0 0.7983333333333333 0.11 0.02666666666666667 0.02666666666666667
0 0.8016666666666666 0.095 0.02666666666666667 0.023333333333333334
0 0.76 0.225 0.023333333333333334 0.02666666666666667
0 0.85 0.41 0.03 0.03
0 0.745 0.09 0.03 0.03
0 0.8166666666666667 0.028333333333333332 0.016666666666666666 0.02666666666666667
0 0.7833333333333333 0.2 0.02 0.02666666666666667
0 0.8733333333333333 0.15333333333333332 0.02666666666666667 0.023333333333333334
0 0.7366666666666667 0.20333333333333334 0.02 0.02666666666666667
0 0.7166666666666667 0.21166666666666667 0.023333333333333334 0.03
0 0.7033333333333334 0.25666666666666665 0.023333333333333334 0.02666666666666667
0 0.8516666666666667 0.20666666666666667 0.023333333333333334 0.023333333333333334
0 0.6066666666666667 0.023333333333333334 0.023333333333333334 0.023333333333333334
0 0.36833333333333335 0.03833333333333333 0.02666666666666667 0.03
0 0.3883333333333333 0.07333333333333333 0.03 0.02666666666666667
0 0.38166666666666665 0.09166666666666666 0.02666666666666667 0.023333333333333334
0 0.44666666666666666 0.055 0.02666666666666667 0.03
0 0.2783333333333333 0.12333333333333334 0.023333333333333334 0.02
0 0.425 0.016666666666666666 0.025 0.03
0 0.49333333333333335 0.10166666666666667 0.03 0.023333333333333334
0 0.3283333333333333 0.041666666666666664 0.023333333333333334 0.03
0 0.44 0.16 0.02666666666666667 0.02
0 0.5316666666666666 0.125 0.03 0.02
0 0.465 0.19666666666666666 0.023333333333333334 0.023333333333333334
0 0.45666666666666667 0.22333333333333333 0.03 0.03
0 0.2733333333333333 0.19333333333333333 0.03 0.035
0 0.4683333333333333 0.33666666666666667 0.03333333333333333 0.03
0 0.45666666666666667 0.39166666666666666 0.03666666666666667 0.02666666666666667
0 0.49833333333333335 0.2833333333333333 0.03 0.023333333333333334
0 0.47833333333333333 0.2783333333333333 0.02 0.023333333333333334
0 0.43 0.3016666666666667 0.03 0.023333333333333334
0 0.30666666666666664 0.285 0.02666666666666667 0.03
0 0.37166666666666665 0.2916666666666667 0.023333333333333334 0.02666666666666667
0 0.5816666666666667 0.5066666666666667 0.023333333333333334 0.02
0 0.6783333333333333 0.49833333333333335 0.023333333333333334 0.02666666666666667
0 0.4066666666666667 0.43166666666666664 0.02666666666666667 0.02
0 0.8116666666666666 0.505 0.03 0.03
0 0.835 0.5116666666666667 0.03 0.03
0 0.9783333333333334 0.465 0.03 0.03
0 0.3016666666666667 0.155 0.02666666666666667 0.02666666666666667
0 0.47833333333333333 0.12833333333333333 0.02666666666666667 0.02666666666666667
0 0.44666666666666666 0.2683333333333333 0.02666666666666667 0.02666666666666667
0 0.52 0.5183333333333333 0.02666666666666667 0.02666666666666667
0 0.43833333333333335 0.4866666666666667 0.023333333333333334 0.023333333333333334
0 0.4533333333333333 0.4116666666666667 0.03 0.03
0 0.5816666666666667 0.5083333333333333 0.023333333333333334 0.023333333333333334
0 0.5383333333333333 0.4816666666666667 0.023333333333333334 0.02666666666666667
0 0.645 0.49166666666666664 0.02666666666666667 0.03
0 0.5216666666666666 0.3283333333333333 0.02666666666666667 0.02666666666666667
0 0.43666666666666665 0.12333333333333334 0.03333333333333333 0.02666666666666667
0 0.4116666666666667 0.3933333333333333 0.023333333333333334 0.023333333333333334
0 0.08333333333333333 0.013333333333333334 0.016666666666666666 0.023333333333333334
0 0.30333333333333334 0.05333333333333334 0.018333333333333333 0.023333333333333334
0 0.6316666666666667 0.12 0.021666666666666667 0.025
0 0.34 0.08833333333333333 0.028333333333333332 0.03
0 0.655 0.07666666666666666 0.03 0.028333333333333332
0 0.13333333333333333 0.03666666666666667 0.02666666666666667 0.025
0 0.16666666666666666 0.018333333333333333 0.02666666666666667 0.028333333333333332
0 0.55 0.18833333333333332 0.028333333333333332 0.02666666666666667