0 0.18833333333333332 0.07666666666666666 0.03333333333333333 0.03
0 0.10666666666666667 0.03833333333333333 0.03666666666666667 0.023333333333333334
0 0.10166666666666667 0.095 0.03 0.03
0 0.13166666666666665 0.028333333333333332 0.02666666666666667 0.02666666666666667
0 0.051666666666666666 0.36666666666666664 0.02 0.02
0 0.09833333333333333 0.12833333333333333 0.023333333333333334 0.02
0 0.07666666666666666 0.37666666666666665 0.02 0.02
0 0.18833333333333332 0.11833333333333333 0.023333333333333334 0.023333333333333334
0 0.585 0.7033333333333334 0.03 0.03
0 0.8733333333333333 0.20333333333333334 0.04 0.03
0 0.9433333333333334 0.17666666666666667 0.03 0.023333333333333334
0 0.6816666666666666 0.66 0.02666666666666667 0.02666666666666667
0 0.6216666666666667 0.9816666666666667 0.02666666666666667 0.023333333333333334
0 0.54 0.6466666666666666 0.04 0.03
0 0.5066666666666667 0.9266666666666666 0.03 0.023333333333333334
0 0.53 0.9333333333333333 0.03333333333333333 0.023333333333333334
0 0.5166666666666667 0.88 0.03 0.03
0 0.018333333333333333 0.015 0.023333333333333334 0.03