0 0.4633333333333333 0.36833333333333335 0.03 0.025
0 0.47 0.8166666666666667 0.021666666666666667 0.02666666666666667
0 0.041666666666666664 0.545 0.018333333333333333 0.023333333333333334
0 0.715 0.315 0.02666666666666667 0.02
0 0.6816666666666666 0.4633333333333333 0.02 0.02
0 0.5116666666666667 0.48833333333333334 0.02666666666666667 0.02666666666666667
0 0.5283333333333333 0.915 0.025 0.03
0 0.58 0.8983333333333333 0.025 0.02666666666666667
0 0.8966666666666666 0.7616666666666667 0.023333333333333334 0.023333333333333334
0 0.9633333333333334 0.86 0.03 0.02666666666666667
0 0.96 0.7983333333333333 0.023333333333333334 0.02666666666666667
0 0.9683333333333334 0.8166666666666667 0.02666666666666667 0.02
0 0.5166666666666667 0.6066666666666667 0.02666666666666667 0.023333333333333334
0 0.6133333333333333 0.545 0.025 0.02
0 0.76 0.6233333333333333 0.023333333333333334 0.025
0 0.8633333333333333 0.745 0.02666666666666667 0.023333333333333334
0 0.8433333333333334 0.7916666666666666 0.02 0.03
0 0.6466666666666666 0.865 0.023333333333333334 0.02
0 0.6516666666666666 0.8966666666666666 0.023333333333333334 0.02
0 0.5066666666666667 0.94 0.02666666666666667 0.02666666666666667
0 0.5466666666666666 0.7483333333333333 0.03 0.023333333333333334
0 0.6866666666666666 0.8416666666666667 0.023333333333333334 0.02
0 0.84 0.71 0.02 0.023333333333333334
0 0.94 0.7833333333333333 0.02 0.02
0 0.735 0.5733333333333334 0.023333333333333334 0.023333333333333334
0 0.5883333333333334 0.7566666666666667 0.023333333333333334 0.023333333333333334
0 0.965 0.3416666666666667 0.02 0.021666666666666667
0 0.5066666666666667 0.405 0.02666666666666667 0.023333333333333334
0 0.6 0.48 0.023333333333333334 0.023333333333333334
0 0.7133333333333334 0.965 0.021666666666666667 0.028333333333333332
0 0.67 0.24666666666666667 0.023333333333333334 0.03