0 0.04666666666666667 0.7916666666666666 0.02666666666666667 0.023333333333333334
0 0.7233333333333334 0.92 0.023333333333333334 0.023333333333333334
0 0.5916666666666667 0.016666666666666666 0.028333333333333332 0.028333333333333332
0 0.6683333333333333 0.03666666666666667 0.03 0.02666666666666667
0 0.6833333333333333 0.05333333333333334 0.025 0.028333333333333332
0 0.5666666666666667 0.035 0.03 0.03
0 0.55 0.08333333333333333 0.02666666666666667 0.02666666666666667
0 0.74 0.23166666666666666 0.023333333333333334 0.023333333333333334
0 0.545 0.015 0.035 0.03
0 0.27666666666666667 0.4116666666666667 0.02 0.02666666666666667
0 0.4033333333333333 0.13 0.02666666666666667 0.023333333333333334
0 0.03 0.8183333333333334 0.03333333333333333 0.03
0 0.013333333333333334 0.7933333333333333 0.02 0.023333333333333334
0 0.5383333333333333 0.11 0.021666666666666667 0.03
0 0.515 0.09166666666666666 0.03166666666666667 0.03
0 0.45 0.15833333333333333 0.03 0.03166666666666667
0 0.32666666666666666 0.45666666666666667 0.02666666666666667 0.028333333333333332