0 0.22666666666666666 0.42333333333333334 0.03 0.03
0 0.18666666666666668 0.425 0.03 0.02666666666666667
0 0.7233333333333334 0.345 0.02 0.02
0 0.7133333333333334 0.38333333333333336 0.023333333333333334 0.023333333333333334
0 0.86 0.48333333333333334 0.02666666666666667 0.023333333333333334
0 0.18833333333333332 0.7516666666666667 0.02666666666666667 0.023333333333333334
0 0.2733333333333333 0.7383333333333333 0.03 0.03
0 0.4083333333333333 0.7333333333333333 0.02666666666666667 0.02666666666666667
0 0.12 0.8166666666666667 0.03 0.03
0 0.44166666666666665 0.75 0.02666666666666667 0.02666666666666667
0 0.19166666666666668 0.925 0.03 0.02666666666666667
0 0.915 0.5783333333333334 0.021666666666666667 0.023333333333333334
0 0.6733333333333333 0.6933333333333334 0.021666666666666667 0.025
0 0.8283333333333334 0.4666666666666667 0.025 0.028333333333333332