0 0.9283333333333333 0.9466666666666667 0.02 0.02666666666666667
0 0.74 0.6616666666666666 0.023333333333333334 0.025
0 0.7466666666666667 0.7783333333333333 0.03166666666666667 0.025
0 0.7916666666666666 0.7766666666666666 0.023333333333333334 0.023333333333333334
0 0.8966666666666666 0.91 0.023333333333333334 0.023333333333333334
0 0.5483333333333333 0.25 0.02666666666666667 0.02666666666666667
0 0.565 0.11666666666666667 0.028333333333333332 0.023333333333333334
0 0.7566666666666667 0.5083333333333333 0.023333333333333334 0.028333333333333332
0 0.6766666666666666 0.305 0.023333333333333334 0.02666666666666667
0 0.7233333333333334 0.27666666666666667 0.03 0.03
0 0.9216666666666666 0.016666666666666666 0.03 0.03
0 0.6683333333333333 0.27166666666666667 0.023333333333333334 0.02
0 0.98 0.06333333333333334 0.02666666666666667 0.02666666666666667
0 0.76 0.41 0.023333333333333334 0.018333333333333333
0 0.6366666666666667 0.3233333333333333 0.023333333333333334 0.023333333333333334
0 0.09 0.6416666666666667 0.02 0.023333333333333334
0 0.23833333333333334 0.54 0.03 0.023333333333333334
0 0.155 0.5283333333333333 0.02 0.023333333333333334
0 0.31 0.7733333333333333 0.023333333333333334 0.021666666666666667
0 0.31333333333333335 0.7883333333333333 0.025 0.025
0 0.355 0.7883333333333333 0.03 0.023333333333333334
0 0.33666666666666667 0.7616666666666667 0.02666666666666667 0.02
0 0.28 0.8333333333333334 0.03 0.03333333333333333
0 0.21333333333333335 0.8466666666666667 0.02 0.02
0 0.3 0.9783333333333334 0.02666666666666667 0.021666666666666667
0 0.13166666666666665 0.9833333333333333 0.02 0.02
0 0.11 0.885 0.02666666666666667 0.02
0 0.30666666666666664 0.945 0.02 0.03
0 0.42 0.9216666666666666 0.02666666666666667 0.02
0 0.4033333333333333 0.88 0.023333333333333334 0.02
0 0.37166666666666665 0.9 0.02 0.02
0 0.043333333333333335 0.5683333333333334 0.023333333333333334 0.02666666666666667
0 0.14 0.7033333333333334 0.02666666666666667 0.028333333333333332
0 0.12166666666666667 0.7266666666666667 0.03 0.03
0 0.023333333333333334 0.7133333333333334 0.023333333333333334 0.023333333333333334
0 0.245 0.64 0.03 0.03
0 0.24166666666666667 0.7833333333333333 0.02666666666666667 0.02
0 0.18 0.7183333333333334 0.023333333333333334 0.02
0 0.26666666666666666 0.705 0.023333333333333334 0.028333333333333332
0 0.06333333333333334 0.64 0.02 0.023333333333333334
0 0.2733333333333333 0.7883333333333333 0.02666666666666667 0.02666666666666667
0 0.09666666666666666 0.655 0.02666666666666667 0.02666666666666667
0 0.27166666666666667 0.6566666666666666 0.03 0.03
0 0.19333333333333333 0.6 0.02666666666666667 0.023333333333333334
0 0.07 0.21 0.023333333333333334 0.02
0 0.16833333333333333 0.375 0.021666666666666667 0.023333333333333334
0 0.043333333333333335 0.455 0.023333333333333334 0.023333333333333334
0 0.10333333333333333 0.48 0.02 0.023333333333333334
0 0.13333333333333333 0.43166666666666664 0.03 0.023333333333333334
0 0.19666666666666666 0.4683333333333333 0.02666666666666667 0.025
0 0.14666666666666667 0.5116666666666667 0.02 0.02666666666666667
0 0.11666666666666667 0.49666666666666665 0.023333333333333334 0.02666666666666667
0 0.5066666666666667 0.9183333333333333 0.023333333333333334 0.023333333333333334
0 0.015 0.68 0.021666666666666667 0.028333333333333332
0 0.5833333333333334 0.41833333333333333 0.028333333333333332 0.025
0 0.7733333333333333 0.21333333333333335 0.025 0.021666666666666667
0 0.09166666666666666 0.975 0.025 0.023333333333333334