0 0.4816666666666667 0.16666666666666666 0.03 0.03
0 0.5283333333333333 0.19 0.03 0.02666666666666667
0 0.43666666666666665 0.06333333333333334 0.03 0.03
0 0.48333333333333334 0.041666666666666664 0.03 0.03
0 0.5583333333333333 0.04 0.02666666666666667 0.03
0 0.49833333333333335 0.19166666666666668 0.03 0.023333333333333334
0 0.7433333333333333 0.14333333333333334 0.02666666666666667 0.03
0 0.6883333333333334 0.17333333333333334 0.023333333333333334 0.02
0 0.11166666666666666 0.12333333333333334 0.03 0.02666666666666667
0 0.11333333333333333 0.21 0.02 0.023333333333333334
0 0.4716666666666667 0.125 0.02 0.02
0 0.4866666666666667 0.13 0.03 0.02
0 0.6016666666666667 0.09333333333333334 0.02666666666666667 0.02
0 0.56 0.17666666666666667 0.023333333333333334 0.03
0 0.75 0.07166666666666667 0.03 0.03
0 0.3283333333333333 0.915 0.03 0.02666666666666667
0 0.29 0.905 0.03 0.02666666666666667
0 0.2683333333333333 0.9366666666666666 0.03 0.023333333333333334
0 0.08666666666666667 0.9666666666666667 0.03 0.02666666666666667
0 0.056666666666666664 0.8566666666666667 0.02666666666666667 0.023333333333333334
0 0.045 0.8233333333333334 0.02666666666666667 0.023333333333333334
0 0.16166666666666665 0.81 0.023333333333333334 0.023333333333333334
0 0.10833333333333334 0.6266666666666667 0.025 0.023333333333333334
0 0.05 0.62 0.02666666666666667 0.023333333333333334
0 0.04833333333333333 0.5516666666666666 0.025 0.023333333333333334
0 0.06166666666666667 0.5166666666666667 0.02666666666666667 0.023333333333333334
0 0.17833333333333334 0.8533333333333334 0.025 0.025