0 0.535 0.8933333333333333 0.028333333333333332 0.02666666666666667
0 0.5216666666666666 0.8616666666666667 0.023333333333333334 0.023333333333333334
0 0.5516666666666666 0.8583333333333333 0.023333333333333334 0.023333333333333334
0 0.32 0.7733333333333333 0.03 0.023333333333333334
0 0.33166666666666667 0.82 0.02 0.023333333333333334
0 0.3433333333333333 0.8366666666666667 0.02 0.02
0 0.5416666666666666 0.9433333333333334 0.023333333333333334 0.03
0 0.8683333333333333 0.9733333333333334 0.028333333333333332 0.028333333333333332
0 0.27666666666666667 0.40166666666666667 0.02 0.03
0 0.575 0.25833333333333336 0.03 0.035
0 0.595 0.77 0.028333333333333332 0.028333333333333332
0 0.6733333333333333 0.4583333333333333 0.023333333333333334 0.02666666666666667
0 0.385 0.2 0.02666666666666667 0.023333333333333334
0 0.9866666666666667 0.675 0.023333333333333334 0.02666666666666667
0 0.95 0.6866666666666666 0.02666666666666667 0.03
0 0.5066666666666667 0.6133333333333333 0.028333333333333332 0.03
0 0.31166666666666665 0.33 0.03 0.03333333333333333
0 0.945 0.8383333333333334 0.03 0.03333333333333333
0 0.9733333333333334 0.8566666666666667 0.03 0.03166666666666667