0 0.5083333333333333 0.8 0.02 0.023333333333333334
0 0.24166666666666667 0.055 0.02 0.023333333333333334
0 0.38333333333333336 0.8016666666666666 0.02666666666666667 0.03
0 0.49166666666666664 0.8516666666666667 0.03 0.03
0 0.795 0.6283333333333333 0.02666666666666667 0.03
0 0.635 0.745 0.03 0.023333333333333334
0 0.6216666666666667 0.7166666666666667 0.023333333333333334 0.03
0 0.6016666666666667 0.23166666666666666 0.03 0.03
0 0.5216666666666666 0.815 0.02 0.02666666666666667
0 0.53 0.8383333333333334 0.02666666666666667 0.023333333333333334
0 0.7016666666666667 0.5983333333333334 0.02666666666666667 0.02666666666666667
0 0.6033333333333334 0.5933333333333334 0.02666666666666667 0.02666666666666667
0 0.7083333333333334 0.16333333333333333 0.03 0.02666666666666667
0 0.8683333333333333 0.325 0.025 0.023333333333333334
0 0.735 0.6533333333333333 0.025 0.025
0 0.4266666666666667 0.4633333333333333 0.028333333333333332 0.03333333333333333
0 0.5316666666666666 0.6516666666666666 0.02666666666666667 0.03333333333333333
0 0.4633333333333333 0.8716666666666667 0.03 0.028333333333333332