0 0.07166666666666667 0.08333333333333333 0.03 0.02
0 0.105 0.255 0.02666666666666667 0.025
0 0.12166666666666667 0.021666666666666667 0.023333333333333334 0.023333333333333334
0 0.14333333333333334 0.30333333333333334 0.02666666666666667 0.023333333333333334
0 0.44333333333333336 0.43166666666666664 0.03166666666666667 0.02666666666666667
0 0.07166666666666667 0.14833333333333334 0.023333333333333334 0.02
0 0.12833333333333333 0.4216666666666667 0.02666666666666667 0.023333333333333334
0 0.12166666666666667 0.29 0.02 0.02
0 0.12666666666666668 0.37833333333333335 0.023333333333333334 0.02
0 0.14166666666666666 0.17 0.03 0.023333333333333334
0 0.18166666666666667 0.08666666666666667 0.02666666666666667 0.03
0 0.13166666666666665 0.49166666666666664 0.02666666666666667 0.02666666666666667
0 0.03166666666666667 0.40166666666666667 0.023333333333333334 0.02
0 0.36333333333333334 0.48833333333333334 0.03 0.03
0 0.03833333333333333 0.13833333333333334 0.02666666666666667 0.023333333333333334
0 0.07833333333333334 0.45166666666666666 0.03 0.02
0 0.09 0.31666666666666665 0.023333333333333334 0.023333333333333334
0 0.07833333333333334 0.4666666666666667 0.02666666666666667 0.02
0 0.13166666666666665 0.4716666666666667 0.02 0.02
0 0.36333333333333334 0.7583333333333333 0.02666666666666667 0.023333333333333334
0 0.34833333333333333 0.7816666666666666 0.03 0.02
0 0.8216666666666667 0.8266666666666667 0.02 0.02666666666666667
0 0.69 0.845 0.023333333333333334 0.02666666666666667
0 0.8683333333333333 0.58 0.02666666666666667 0.023333333333333334
0 0.86 0.8816666666666667 0.023333333333333334 0.023333333333333334
0 0.89 0.94 0.02666666666666667 0.023333333333333334
0 0.2833333333333333 0.9866666666666667 0.02666666666666667 0.023333333333333334
0 0.9566666666666667 0.7816666666666666 0.02 0.02
0 0.785 0.665 0.02666666666666667 0.02666666666666667
0 0.25 0.76 0.028333333333333332 0.025
0 0.09333333333333334 0.5533333333333333 0.02666666666666667 0.02666666666666667
0 0.8233333333333334 0.8566666666666667 0.02666666666666667 0.023333333333333334
0 0.14 0.53 0.023333333333333334 0.023333333333333334
0 0.27166666666666667 0.9766666666666667 0.02666666666666667 0.02
0 0.13166666666666665 0.5566666666666666 0.02666666666666667 0.03
0 0.16333333333333333 0.51 0.016666666666666666 0.016666666666666666
0 0.3016666666666667 0.7983333333333333 0.023333333333333334 0.023333333333333334
0 0.9516666666666667 0.5033333333333333 0.023333333333333334 0.023333333333333334
0 0.9733333333333334 0.7883333333333333 0.016666666666666666 0.023333333333333334
0 0.15333333333333332 0.5216666666666666 0.02 0.02
0 0.9316666666666666 0.31833333333333336 0.023333333333333334 0.02666666666666667
0 0.8633333333333333 0.21333333333333335 0.023333333333333334 0.023333333333333334
0 0.8416666666666667 0.30666666666666664 0.02 0.02
0 0.935 0.2783333333333333 0.02666666666666667 0.023333333333333334
0 0.02 0.3283333333333333 0.03 0.028333333333333332
0 0.10333333333333333 0.20166666666666666 0.02666666666666667 0.023333333333333334