0 0.8266666666666667 0.17666666666666667 0.023333333333333334 0.03333333333333333
0 0.9066666666666666 0.19666666666666666 0.03 0.03
0 0.85 0.20333333333333334 0.023333333333333334 0.023333333333333334
0 0.8916666666666667 0.22166666666666668 0.03 0.023333333333333334
0 0.6533333333333333 0.33166666666666667 0.02666666666666667 0.02
0 0.9166666666666666 0.38166666666666665 0.03 0.023333333333333334
0 0.915 0.43833333333333335 0.023333333333333334 0.02
0 0.92 0.41833333333333333 0.03 0.023333333333333334
0 0.89 0.4116666666666667 0.023333333333333334 0.02666666666666667
0 0.92 0.45666666666666667 0.023333333333333334 0.016666666666666666
0 0.3566666666666667 0.595 0.02666666666666667 0.02666666666666667
0 0.405 0.6283333333333333 0.02666666666666667 0.02
0 0.41 0.6633333333333333 0.02666666666666667 0.02
0 0.21333333333333335 0.5983333333333334 0.02 0.02
0 0.36333333333333334 0.6966666666666667 0.02666666666666667 0.023333333333333334
0 0.275 0.5666666666666667 0.02666666666666667 0.02666666666666667
0 0.38333333333333336 0.06833333333333333 0.023333333333333334 0.02
0 0.4033333333333333 0.10333333333333333 0.023333333333333334 0.02
0 0.3883333333333333 0.145 0.023333333333333334 0.02
0 0.34833333333333333 0.15833333333333333 0.023333333333333334 0.023333333333333334
0 0.33166666666666667 0.18 0.023333333333333334 0.02
0 0.245 0.24 0.023333333333333334 0.02
0 0.31 0.2966666666666667 0.03 0.023333333333333334
0 0.3516666666666667 0.30833333333333335 0.02666666666666667 0.02
0 0.37666666666666665 0.325 0.023333333333333334 0.023333333333333334
0 0.30833333333333335 0.3466666666666667 0.02666666666666667 0.023333333333333334
0 0.37666666666666665 0.36 0.02 0.02
0 0.3433333333333333 0.4483333333333333 0.023333333333333334 0.023333333333333334
0 0.39166666666666666 0.21 0.02666666666666667 0.02666666666666667
0 0.38666666666666666 0.10833333333333334 0.02 0.02
0 0.38166666666666665 0.43666666666666665 0.02 0.02
0 0.36 0.4683333333333333 0.023333333333333334 0.02
0 0.35833333333333334 0.12666666666666668 0.023333333333333334 0.02
0 0.3883333333333333 0.23333333333333334 0.02 0.023333333333333334
0 0.3883333333333333 0.16666666666666666 0.028333333333333332 0.02
0 0.6966666666666667 0.38333333333333336 0.03333333333333333 0.03166666666666667