0 0.16333333333333333 0.11 0.03 0.02
0 0.21666666666666667 0.12 0.03 0.023333333333333334
0 0.21666666666666667 0.405 0.03 0.03
0 0.21 0.36666666666666664 0.02 0.023333333333333334
0 0.435 0.30833333333333335 0.02666666666666667 0.03
0 0.36666666666666664 0.37166666666666665 0.023333333333333334 0.02666666666666667
0 0.3566666666666667 0.58 0.03 0.023333333333333334
0 0.37333333333333335 0.5966666666666667 0.03 0.023333333333333334
0 0.38166666666666665 0.615 0.03 0.023333333333333334
0 0.38 0.3016666666666667 0.023333333333333334 0.02
0 0.3883333333333333 0.275 0.03 0.023333333333333334
0 0.48833333333333334 0.395 0.023333333333333334 0.02666666666666667
0 0.39666666666666667 0.3233333333333333 0.02666666666666667 0.023333333333333334
0 0.43333333333333335 0.335 0.02 0.02666666666666667
0 0.48 0.42 0.02666666666666667 0.02666666666666667
0 0.36666666666666664 0.37166666666666665 0.023333333333333334 0.023333333333333334
0 0.41 0.025 0.02666666666666667 0.02666666666666667
0 0.3516666666666667 0.405 0.02666666666666667 0.02666666666666667
0 0.37833333333333335 0.3933333333333333 0.023333333333333334 0.023333333333333334
0 0.4033333333333333 0.37166666666666665 0.023333333333333334 0.023333333333333334
0 0.21666666666666667 0.30833333333333335 0.02666666666666667 0.02666666666666667
0 0.4483333333333333 0.13333333333333333 0.021666666666666667 0.023333333333333334