0 0.055 0.655 0.02 0.02666666666666667
0 0.10333333333333333 0.6016666666666667 0.023333333333333334 0.02
0 0.2816666666666667 0.59 0.03 0.023333333333333334
0 0.2733333333333333 0.785 0.02666666666666667 0.028333333333333332
0 0.23166666666666666 0.7733333333333333 0.02 0.023333333333333334
0 0.44666666666666666 0.6666666666666666 0.023333333333333334 0.02666666666666667
0 0.32666666666666666 0.735 0.03166666666666667 0.02666666666666667
0 0.37 0.65 0.023333333333333334 0.03
0 0.39166666666666666 0.5933333333333334 0.03 0.03
0 0.2783333333333333 0.7166666666666667 0.02666666666666667 0.02666666666666667
0 0.29833333333333334 0.8583333333333333 0.03333333333333333 0.03333333333333333
0 0.43166666666666664 0.645 0.02666666666666667 0.02666666666666667
0 0.14166666666666666 0.6083333333333333 0.02666666666666667 0.023333333333333334
0 0.42833333333333334 0.565 0.02666666666666667 0.02666666666666667
0 0.058333333333333334 0.5233333333333333 0.03 0.02666666666666667
0 0.465 0.985 0.03 0.03
0 0.3383333333333333 0.5483333333333333 0.023333333333333334 0.023333333333333334
0 0.32166666666666666 0.5933333333333334 0.023333333333333334 0.023333333333333334
0 0.3416666666666667 0.6166666666666667 0.023333333333333334 0.023333333333333334
0 0.12666666666666668 0.5216666666666666 0.03 0.03
0 0.3466666666666667 0.5733333333333334 0.02666666666666667 0.02666666666666667
0 0.08166666666666667 0.5483333333333333 0.023333333333333334 0.02666666666666667
0 0.3233333333333333 0.5616666666666666 0.023333333333333334 0.02666666666666667
0 0.87 0.13333333333333333 0.035 0.03333333333333333
0 0.97 0.29833333333333334 0.02666666666666667 0.02
0 0.013333333333333334 0.04666666666666667 0.02666666666666667 0.02666666666666667
0 0.10333333333333333 0.04666666666666667 0.02666666666666667 0.02666666666666667
0 0.018333333333333333 0.105 0.02666666666666667 0.02666666666666667
0 0.2783333333333333 0.3466666666666667 0.03 0.023333333333333334
0 0.28833333333333333 0.37333333333333335 0.023333333333333334 0.02
0 0.15666666666666668 0.485 0.03 0.02666666666666667
0 0.46166666666666667 0.4633333333333333 0.03 0.02666666666666667
0 0.3933333333333333 0.14833333333333334 0.02666666666666667 0.02666666666666667
0 0.535 0.135 0.02666666666666667 0.02666666666666667
0 0.12833333333333333 0.10666666666666667 0.02666666666666667 0.023333333333333334
0 0.575 0.10333333333333333 0.02666666666666667 0.023333333333333334
0 0.225 0.285 0.03 0.025
0 0.5683333333333334 0.11666666666666667 0.02666666666666667 0.02666666666666667
0 0.77 0.91 0.023333333333333334 0.023333333333333334
0 0.8 0.845 0.02666666666666667 0.023333333333333334
0 0.8116666666666666 0.9283333333333333 0.023333333333333334 0.02
0 0.6866666666666666 0.9016666666666666 0.03 0.04
0 0.79 0.9483333333333334 0.023333333333333334 0.02666666666666667
0 0.5316666666666666 0.8116666666666666 0.02666666666666667 0.02666666666666667
0 0.5016666666666667 0.545 0.03 0.03
0 0.47833333333333333 0.17166666666666666 0.03 0.02666666666666667
0 0.03666666666666667 0.3333333333333333 0.03166666666666667 0.025
0 0.49166666666666664 0.5183333333333333 0.021666666666666667 0.02
0 0.4166666666666667 0.505 0.02666666666666667 0.021666666666666667
0 0.44 0.5033333333333333 0.018333333333333333 0.02