0 0.7133333333333334 0.345 0.03333333333333333 0.02666666666666667
0 0.7916666666666666 0.30833333333333335 0.02666666666666667 0.02666666666666667
0 0.8316666666666667 0.37166666666666665 0.023333333333333334 0.02666666666666667
0 0.8766666666666667 0.35833333333333334 0.02666666666666667 0.023333333333333334
0 0.88 0.375 0.023333333333333334 0.02
0 0.7633333333333333 0.4033333333333333 0.02666666666666667 0.03
0 0.7716666666666666 0.42333333333333334 0.03 0.02666666666666667
0 0.7366666666666667 0.41333333333333333 0.02666666666666667 0.02666666666666667
0 0.6533333333333333 0.3233333333333333 0.03 0.02666666666666667
0 0.6566666666666666 0.2916666666666667 0.023333333333333334 0.021666666666666667
0 0.7983333333333333 0.37333333333333335 0.023333333333333334 0.02666666666666667
0 0.7966666666666666 0.3616666666666667 0.023333333333333334 0.023333333333333334
0 0.7883333333333333 0.44666666666666666 0.023333333333333334 0.02666666666666667
0 0.7266666666666667 0.4866666666666667 0.02 0.021666666666666667
0 0.835 0.4816666666666667 0.023333333333333334 0.023333333333333334
0 0.5833333333333334 0.17 0.02666666666666667 0.03
0 0.6883333333333334 0.2816666666666667 0.02666666666666667 0.03
0 0.81 0.5083333333333333 0.028333333333333332 0.023333333333333334
0 0.7716666666666666 0.48833333333333334 0.03333333333333333 0.021666666666666667
0 0.7866666666666666 0.385 0.023333333333333334 0.02666666666666667
0 0.7916666666666666 0.675 0.023333333333333334 0.02666666666666667
0 0.8433333333333334 0.6716666666666666 0.023333333333333334 0.021666666666666667
0 0.8183333333333334 0.7 0.025 0.023333333333333334
0 0.785 0.6433333333333333 0.021666666666666667 0.021666666666666667
0 0.735 0.6266666666666667 0.023333333333333334 0.025
0 0.7916666666666666 0.7233333333333334 0.02 0.02
0 0.795 0.7616666666666667 0.025 0.02
0 0.91 0.7116666666666667 0.02666666666666667 0.025
0 0.9116666666666666 0.8083333333333333 0.023333333333333334 0.023333333333333334
0 0.785 0.8333333333333334 0.025 0.021666666666666667
0 0.86 0.515 0.03 0.02
0 0.73 0.25666666666666665 0.018333333333333333 0.016666666666666666
0 0.7216666666666667 0.3 0.023333333333333334 0.016666666666666666
0 0.8216666666666667 0.33166666666666667 0.023333333333333334 0.025
0 0.755 0.36 0.028333333333333332 0.021666666666666667