0 0.09833333333333333 0.8016666666666666 0.03 0.023333333333333334
0 0.285 0.5766666666666667 0.02 0.02666666666666667
0 0.4633333333333333 0.58 0.023333333333333334 0.023333333333333334
0 0.49166666666666664 0.5816666666666667 0.023333333333333334 0.02
0 0.5166666666666667 0.585 0.02 0.02
0 0.47333333333333333 0.6033333333333334 0.023333333333333334 0.023333333333333334
0 0.505 0.565 0.025 0.03
0 0.81 0.9333333333333333 0.023333333333333334 0.02666666666666667
0 0.8333333333333334 0.8983333333333333 0.02 0.02666666666666667
0 0.8616666666666667 0.8933333333333333 0.02666666666666667 0.023333333333333334
0 0.48 0.5366666666666666 0.02666666666666667 0.02666666666666667
0 0.32666666666666666 0.5516666666666666 0.02666666666666667 0.02666666666666667
0 0.56 0.665 0.023333333333333334 0.023333333333333334
0 0.9116666666666666 0.8283333333333334 0.023333333333333334 0.023333333333333334
0 0.5433333333333333 0.5733333333333334 0.02666666666666667 0.02666666666666667
0 0.37666666666666665 0.61 0.023333333333333334 0.02
0 0.9083333333333333 0.9716666666666667 0.02666666666666667 0.02666666666666667
0 0.21333333333333335 0.635 0.02666666666666667 0.023333333333333334
0 0.9166666666666666 0.9233333333333333 0.02666666666666667 0.023333333333333334
0 0.9116666666666666 0.8466666666666667 0.02666666666666667 0.02
0 0.3416666666666667 0.5183333333333333 0.03 0.03
0 0.36833333333333335 0.5183333333333333 0.02 0.02666666666666667
0 0.41833333333333333 0.535 0.023333333333333334 0.02666666666666667
0 0.44166666666666665 0.5533333333333333 0.023333333333333334 0.023333333333333334
0 0.2866666666666667 0.6483333333333333 0.023333333333333334 0.03
0 0.8933333333333333 0.9266666666666666 0.023333333333333334 0.03
0 0.555 0.6083333333333333 0.02 0.023333333333333334
0 0.24666666666666667 0.5883333333333334 0.03333333333333333 0.02666666666666667
0 0.43166666666666664 0.575 0.023333333333333334 0.03333333333333333
0 0.38333333333333336 0.5466666666666666 0.023333333333333334 0.03
0 0.4033333333333333 0.5533333333333333 0.02 0.03333333333333333
0 0.8766666666666667 0.9883333333333333 0.023333333333333334 0.02
0 0.8733333333333333 0.39 0.03333333333333333 0.023333333333333334
0 0.6383333333333333 0.39 0.03 0.02
0 0.6666666666666666 0.38333333333333336 0.023333333333333334 0.02
0 0.6533333333333333 0.4633333333333333 0.023333333333333334 0.02666666666666667
0 0.205 0.125 0.03 0.02666666666666667
0 0.19166666666666668 0.09166666666666666 0.02666666666666667 0.02666666666666667
0 0.18666666666666668 0.02666666666666667 0.02666666666666667 0.02666666666666667
0 0.30833333333333335 0.07333333333333333 0.02666666666666667 0.02666666666666667
0 0.045 0.4716666666666667 0.03 0.028333333333333332
0 0.23666666666666666 0.09333333333333334 0.023333333333333334 0.023333333333333334
0 0.30333333333333334 0.03666666666666667 0.023333333333333334 0.023333333333333334
0 0.20166666666666666 0.47833333333333333 0.02666666666666667 0.03
0 0.3383333333333333 0.10166666666666667 0.03 0.03333333333333333
0 0.3333333333333333 0.01 0.03 0.02
0 0.18166666666666667 0.505 0.023333333333333334 0.03166666666666667