0 0.19833333333333333 0.76 0.023333333333333334 0.023333333333333334
0 0.13333333333333333 0.7533333333333333 0.02666666666666667 0.023333333333333334
0 0.13333333333333333 0.7766666666666666 0.03 0.023333333333333334
0 0.22166666666666668 0.8633333333333333 0.02666666666666667 0.02
0 0.35833333333333334 0.685 0.03 0.023333333333333334
0 0.38166666666666665 0.7633333333333333 0.023333333333333334 0.023333333333333334
0 0.435 0.735 0.02666666666666667 0.02666666666666667
0 0.06333333333333334 0.8133333333333334 0.02666666666666667 0.02666666666666667
0 0.19333333333333333 0.7133333333333334 0.023333333333333334 0.023333333333333334
0 0.30666666666666664 0.6733333333333333 0.02 0.023333333333333334
0 0.3983333333333333 0.7016666666666667 0.02 0.02
0 0.175 0.7966666666666666 0.02 0.023333333333333334
0 0.11166666666666666 0.8366666666666667 0.02 0.023333333333333334
0 0.6166666666666667 0.6133333333333333 0.023333333333333334 0.02666666666666667
0 0.6266666666666667 0.64 0.02666666666666667 0.023333333333333334
0 0.8066666666666666 0.8183333333333334 0.02 0.02
0 0.6833333333333333 0.7283333333333334 0.023333333333333334 0.023333333333333334
0 0.6633333333333333 0.78 0.02 0.02
0 0.5433333333333333 0.75 0.023333333333333334 0.023333333333333334
0 0.5583333333333333 0.7133333333333334 0.023333333333333334 0.023333333333333334
0 0.5883333333333334 0.6816666666666666 0.02666666666666667 0.02666666666666667
0 0.7316666666666667 0.23833333333333334 0.03 0.02666666666666667
0 0.7333333333333333 0.185 0.03 0.03
0 0.6916666666666667 0.035 0.023333333333333334 0.02
0 0.73 0.03166666666666667 0.02666666666666667 0.02666666666666667
0 0.7516666666666667 0.20166666666666666 0.02666666666666667 0.023333333333333334
0 0.6966666666666667 0.11333333333333333 0.02666666666666667 0.02666666666666667
0 0.7066666666666667 0.285 0.02 0.023333333333333334
0 0.8183333333333334 0.255 0.023333333333333334 0.02
0 0.8016666666666666 0.3 0.023333333333333334 0.02
0 0.74 0.056666666666666664 0.02 0.02666666666666667
0 0.6666666666666666 0.10833333333333334 0.023333333333333334 0.02666666666666667
0 0.6983333333333334 0.17166666666666666 0.023333333333333334 0.02666666666666667
0 0.5366666666666666 0.6366666666666667 0.02 0.02
0 0.51 0.8316666666666667 0.02666666666666667 0.02666666666666667
0 0.5533333333333333 0.815 0.025 0.02666666666666667