0 0.4866666666666667 0.5066666666666667 0.03 0.03333333333333333
0 0.83 0.43333333333333335 0.03 0.03
0 0.18333333333333332 0.8633333333333333 0.02 0.03333333333333333
0 0.11666666666666667 0.9 0.023333333333333334 0.03
0 0.24333333333333335 0.8416666666666667 0.023333333333333334 0.023333333333333334
0 0.2733333333333333 0.7933333333333333 0.02 0.023333333333333334
0 0.24833333333333332 0.6183333333333333 0.023333333333333334 0.023333333333333334
0 0.11333333333333333 0.15166666666666667 0.02666666666666667 0.03166666666666667
0 0.45666666666666667 0.35833333333333334 0.02 0.02
0 0.5733333333333334 0.925 0.023333333333333334 0.023333333333333334
0 0.15666666666666668 0.255 0.02 0.02
0 0.17666666666666667 0.28833333333333333 0.02 0.02
0 0.225 0.23166666666666666 0.02 0.023333333333333334
0 0.17833333333333334 0.03166666666666667 0.02 0.02
0 0.7366666666666667 0.5716666666666667 0.03333333333333333 0.03
0 0.6666666666666666 0.4116666666666667 0.02666666666666667 0.02666666666666667
0 0.35333333333333333 0.8583333333333333 0.02 0.03
0 0.10333333333333333 0.6883333333333334 0.02666666666666667 0.023333333333333334
0 0.08333333333333333 0.6933333333333334 0.02666666666666667 0.02
0 0.175 0.76 0.023333333333333334 0.02666666666666667
0 0.14833333333333334 0.77 0.023333333333333334 0.023333333333333334
0 0.9266666666666666 0.7366666666666667 0.02 0.03
0 0.4033333333333333 0.4866666666666667 0.02666666666666667 0.02
0 0.58 0.44333333333333336 0.02 0.023333333333333334
0 0.5866666666666667 0.5266666666666666 0.02666666666666667 0.023333333333333334
0 0.5566666666666666 0.4683333333333333 0.023333333333333334 0.02
0 0.9133333333333333 0.785 0.02666666666666667 0.03
0 0.37166666666666665 0.2966666666666667 0.03 0.03
0 0.185 0.01 0.023333333333333334 0.02
0 0.23833333333333334 0.36333333333333334 0.02666666666666667 0.023333333333333334
0 0.07333333333333333 0.5733333333333334 0.03 0.03
0 0.40166666666666667 0.38333333333333336 0.023333333333333334 0.02666666666666667
0 0.9433333333333334 0.8433333333333334 0.02666666666666667 0.02666666666666667
0 0.9583333333333334 0.88 0.03 0.03
0 0.5816666666666667 0.4633333333333333 0.023333333333333334 0.023333333333333334
0 0.12333333333333334 0.7466666666666667 0.023333333333333334 0.02
0 0.41333333333333333 0.9616666666666667 0.02666666666666667 0.02666666666666667
0 0.36666666666666664 0.41 0.023333333333333334 0.023333333333333334
0 0.7083333333333334 0.22166666666666668 0.023333333333333334 0.023333333333333334
0 0.14666666666666667 0.018333333333333333 0.023333333333333334 0.023333333333333334
0 0.18666666666666668 0.33666666666666667 0.023333333333333334 0.02
0 0.9283333333333333 0.8666666666666667 0.023333333333333334 0.02666666666666667
0 0.29 0.18333333333333332 0.023333333333333334 0.023333333333333334
0 0.3933333333333333 0.44333333333333336 0.02666666666666667 0.023333333333333334
0 0.4083333333333333 0.5983333333333334 0.02 0.028333333333333332
0 0.26 0.14166666666666666 0.02666666666666667 0.021666666666666667
0 0.31333333333333335 0.20333333333333334 0.02 0.025
0 0.65 0.24333333333333335 0.02666666666666667 0.03
0 0.6866666666666666 0.8333333333333334 0.028333333333333332 0.025
0 0.6133333333333333 0.23 0.023333333333333334 0.025
0 0.3233333333333333 0.5366666666666666 0.023333333333333334 0.02666666666666667
0 0.4866666666666667 0.46 0.023333333333333334 0.02666666666666667
0 0.39666666666666667 0.9483333333333334 0.025 0.023333333333333334
0 0.5333333333333333 0.545 0.023333333333333334 0.03
0 0.5916666666666667 0.39 0.02 0.025
0 0.19333333333333333 0.545 0.025 0.021666666666666667
0 0.4766666666666667 0.9366666666666666 0.03166666666666667 0.03
0 0.975 0.7366666666666667 0.02666666666666667 0.028333333333333332
0 0.16833333333333333 0.20666666666666667 0.023333333333333334 0.028333333333333332
0 0.41333333333333333 0.7266666666666667 0.03333333333333333 0.02666666666666667
0 0.14166666666666666 0.15333333333333332 0.025 0.023333333333333334