0 0.3383333333333333 0.245 0.035 0.02666666666666667
0 0.425 0.27666666666666667 0.03 0.02666666666666667
0 0.415 0.09833333333333333 0.03 0.03
0 0.4266666666666667 0.075 0.03166666666666667 0.02666666666666667
0 0.3 0.12666666666666668 0.02666666666666667 0.023333333333333334
0 0.35833333333333334 0.05 0.023333333333333334 0.03833333333333333
0 0.06166666666666667 0.03666666666666667 0.02666666666666667 0.02666666666666667
0 0.33666666666666667 0.16166666666666665 0.02 0.023333333333333334
0 0.35833333333333334 0.021666666666666667 0.03 0.02666666666666667
0 0.21833333333333332 0.9066666666666666 0.02666666666666667 0.023333333333333334
0 0.25833333333333336 0.03166666666666667 0.03 0.02666666666666667
0 0.13833333333333334 0.445 0.02666666666666667 0.02666666666666667
0 0.33166666666666667 0.06333333333333334 0.028333333333333332 0.03166666666666667
0 0.2816666666666667 0.07666666666666666 0.023333333333333334 0.023333333333333334
0 0.09333333333333334 0.028333333333333332 0.023333333333333334 0.023333333333333334
0 0.33166666666666667 0.09666666666666666 0.03333333333333333 0.02666666666666667
0 0.3933333333333333 0.12333333333333334 0.03333333333333333 0.02666666666666667
0 0.34833333333333333 0.8133333333333334 0.023333333333333334 0.023333333333333334
0 0.675 0.37833333333333335 0.03333333333333333 0.03
0 0.7583333333333333 0.43 0.03333333333333333 0.02666666666666667
0 0.765 0.4583333333333333 0.03333333333333333 0.023333333333333334
0 0.6016666666666667 0.25333333333333335 0.02666666666666667 0.02666666666666667
0 0.7016666666666667 0.5133333333333333 0.03333333333333333 0.03
0 0.6033333333333334 0.5133333333333333 0.02666666666666667 0.03
0 0.7116666666666667 0.39666666666666667 0.03333333333333333 0.03666666666666667
0 0.5733333333333334 0.27166666666666667 0.03 0.023333333333333334
0 0.5283333333333333 0.27 0.023333333333333334 0.023333333333333334
0 0.5583333333333333 0.24333333333333335 0.02 0.02
0 0.5666666666666667 0.5416666666666666 0.03 0.02666666666666667
0 0.5733333333333334 0.30666666666666664 0.02 0.02
0 0.675 0.35 0.023333333333333334 0.02666666666666667
0 0.71 0.5783333333333334 0.02666666666666667 0.02666666666666667
0 0.5633333333333334 0.375 0.023333333333333334 0.023333333333333334
0 0.6283333333333333 0.4633333333333333 0.02666666666666667 0.02666666666666667
0 0.011666666666666667 0.73 0.023333333333333334 0.02666666666666667
0 0.695 0.4766666666666667 0.023333333333333334 0.023333333333333334