0 0.485 0.9466666666666667 0.02666666666666667 0.02666666666666667
0 0.46 0.9866666666666667 0.023333333333333334 0.02666666666666667
0 0.35333333333333333 0.885 0.025 0.023333333333333334
0 0.8683333333333333 0.31666666666666665 0.03 0.02666666666666667
0 0.7266666666666667 0.33 0.02666666666666667 0.03
0 0.9066666666666666 0.31166666666666665 0.03 0.02666666666666667
0 0.7883333333333333 0.8033333333333333 0.023333333333333334 0.02666666666666667
0 0.8783333333333333 0.745 0.03 0.03
0 0.7216666666666667 0.7233333333333334 0.03 0.03
0 0.86 0.3566666666666667 0.023333333333333334 0.02666666666666667
0 0.8833333333333333 0.36 0.02 0.025
0 0.6916666666666667 0.41833333333333333 0.03 0.03
0 0.5583333333333333 0.8883333333333333 0.02666666666666667 0.023333333333333334
0 0.6833333333333333 0.7066666666666667 0.02666666666666667 0.023333333333333334
0 0.6633333333333333 0.7566666666666667 0.03 0.03
0 0.7333333333333333 0.4066666666666667 0.02666666666666667 0.02666666666666667
0 0.8383333333333334 0.36 0.025 0.028333333333333332