0 0.8916666666666667 0.42 0.02666666666666667 0.02666666666666667
0 0.7833333333333333 0.31833333333333336 0.023333333333333334 0.023333333333333334
0 0.735 0.33666666666666667 0.021666666666666667 0.023333333333333334
0 0.6233333333333333 0.40166666666666667 0.023333333333333334 0.023333333333333334
0 0.5316666666666666 0.7416666666666667 0.021666666666666667 0.023333333333333334
0 0.9083333333333333 0.8533333333333334 0.023333333333333334 0.021666666666666667
0 0.5766666666666667 0.3283333333333333 0.023333333333333334 0.023333333333333334
0 0.755 0.33166666666666667 0.02666666666666667 0.02666666666666667
0 0.765 0.425 0.023333333333333334 0.023333333333333334
0 0.14166666666666666 0.4216666666666667 0.02666666666666667 0.023333333333333334
0 0.2683333333333333 0.27 0.023333333333333334 0.023333333333333334
0 0.25333333333333335 0.24666666666666667 0.021666666666666667 0.023333333333333334
0 0.07166666666666667 0.5383333333333333 0.025 0.023333333333333334
0 0.3383333333333333 0.8883333333333333 0.02666666666666667 0.023333333333333334
0 0.23833333333333334 0.95 0.03 0.023333333333333334
0 0.24333333333333335 0.9866666666666667 0.023333333333333334 0.023333333333333334
0 0.02 0.4166666666666667 0.023333333333333334 0.023333333333333334
0 0.5466666666666666 0.7966666666666666 0.023333333333333334 0.028333333333333332