0 0.415 0.051666666666666666 0.02666666666666667 0.023333333333333334
0 0.18666666666666668 0.04 0.023333333333333334 0.023333333333333334
0 0.20333333333333334 0.8933333333333333 0.02666666666666667 0.03
0 0.9183333333333333 0.8066666666666666 0.021666666666666667 0.023333333333333334
0 0.74 0.7766666666666666 0.023333333333333334 0.023333333333333334
0 0.9866666666666667 0.6966666666666667 0.02666666666666667 0.023333333333333334
0 0.7716666666666666 0.26666666666666666 0.03 0.03
0 0.7 0.23166666666666666 0.023333333333333334 0.02666666666666667
0 0.79 0.04833333333333333 0.03 0.02666666666666667
0 0.92 0.11666666666666667 0.03 0.03
0 0.7266666666666667 0.43333333333333335 0.02666666666666667 0.02666666666666667
0 0.285 0.86 0.021666666666666667 0.02666666666666667
0 0.6133333333333333 0.46 0.021666666666666667 0.025
0 0.7916666666666666 0.365 0.02 0.021666666666666667