0 0.40166666666666667 0.5466666666666666 0.02666666666666667 0.02666666666666667
0 0.39666666666666667 0.6833333333333333 0.03 0.02
0 0.39 0.7116666666666667 0.028333333333333332 0.025
0 0.44333333333333336 0.685 0.03 0.023333333333333334
0 0.44166666666666665 0.6583333333333333 0.03 0.02
0 0.3883333333333333 0.3933333333333333 0.03 0.023333333333333334
0 0.45 0.40166666666666667 0.03 0.02
0 0.42833333333333334 0.5033333333333333 0.02 0.018333333333333333
0 0.44 0.5166666666666667 0.025 0.023333333333333334
0 0.34 0.4866666666666667 0.025 0.025
0 0.29333333333333333 0.31833333333333336 0.02666666666666667 0.02
0 0.31833333333333336 0.395 0.02666666666666667 0.02
0 0.44 0.4766666666666667 0.02 0.016666666666666666
0 0.38666666666666666 0.4583333333333333 0.02 0.016666666666666666
0 0.36666666666666664 0.435 0.02 0.016666666666666666
0 0.35 0.37 0.02666666666666667 0.02
0 0.4266666666666667 0.28 0.02666666666666667 0.023333333333333334
0 0.38166666666666665 0.09166666666666666 0.02666666666666667 0.023333333333333334
0 0.195 0.09666666666666666 0.02666666666666667 0.023333333333333334
0 0.17166666666666666 0.05 0.023333333333333334 0.02
0 0.20833333333333334 0.3566666666666667 0.023333333333333334 0.02
0 0.4583333333333333 0.26166666666666666 0.03 0.02666666666666667
0 0.385 0.22333333333333333 0.02 0.02
0 0.315 0.49 0.02 0.02
0 0.45166666666666666 0.19 0.03 0.02
0 0.45166666666666666 0.17666666666666667 0.03 0.02
0 0.43833333333333335 0.22333333333333333 0.03 0.023333333333333334
0 0.37166666666666665 0.41833333333333333 0.023333333333333334 0.021666666666666667
0 0.22 0.38166666666666665 0.02666666666666667 0.021666666666666667
0 0.44 0.085 0.023333333333333334 0.023333333333333334
0 0.3383333333333333 0.28833333333333333 0.02 0.023333333333333334
0 0.45666666666666667 0.34 0.025 0.025
0 0.385 0.3416666666666667 0.02666666666666667 0.03
0 0.24833333333333332 0.17333333333333334 0.023333333333333334 0.02666666666666667