0 0.71 0.9516666666666667 0.02666666666666667 0.025
0 0.5533333333333333 0.8383333333333334 0.02666666666666667 0.02666666666666667
0 0.87 0.7533333333333333 0.023333333333333334 0.023333333333333334
0 0.99 0.755 0.02 0.023333333333333334
0 0.8666666666666667 0.6083333333333333 0.02666666666666667 0.02666666666666667
0 0.31666666666666665 0.6316666666666667 0.023333333333333334 0.023333333333333334
0 0.8083333333333333 0.67 0.021666666666666667 0.02
0 0.455 0.9216666666666666 0.023333333333333334 0.023333333333333334
0 0.9 0.7666666666666667 0.023333333333333334 0.023333333333333334
0 0.64 0.9333333333333333 0.02666666666666667 0.023333333333333334
0 0.09833333333333333 0.3566666666666667 0.023333333333333334 0.023333333333333334
0 0.4766666666666667 0.08833333333333333 0.023333333333333334 0.023333333333333334
0 0.49666666666666665 0.98 0.02666666666666667 0.02
0 0.8366666666666667 0.7483333333333333 0.023333333333333334 0.025
0 0.028333333333333332 0.12 0.028333333333333332 0.03166666666666667