0 0.7583333333333333 0.006666666666666667 0.02 0.013333333333333334
0 0.6733333333333333 0.018333333333333333 0.02 0.02666666666666667
0 0.8783333333333333 0.07833333333333334 0.023333333333333334 0.02666666666666667
0 0.7966666666666666 0.8433333333333334 0.023333333333333334 0.02
0 0.87 0.7183333333333334 0.03 0.03
0 0.7316666666666667 0.7883333333333333 0.02666666666666667 0.023333333333333334
0 0.34 0.9383333333333334 0.03 0.023333333333333334
0 0.18333333333333332 0.9766666666666667 0.02 0.02
0 0.06166666666666667 0.6066666666666667 0.02666666666666667 0.02666666666666667
0 0.185 0.8266666666666667 0.02666666666666667 0.02666666666666667
0 0.3466666666666667 0.8483333333333334 0.02666666666666667 0.023333333333333334
0 0.23 0.825 0.023333333333333334 0.023333333333333334
0 0.21166666666666667 0.8583333333333333 0.023333333333333334 0.023333333333333334
0 0.03166666666666667 0.64 0.02666666666666667 0.03
0 0.07166666666666667 0.9683333333333334 0.023333333333333334 0.03