0 0.06666666666666667 0.011666666666666667 0.02666666666666667 0.023333333333333334
0 0.041666666666666664 0.10833333333333334 0.023333333333333334 0.02666666666666667
0 0.08666666666666667 0.09166666666666666 0.02666666666666667 0.02
0 0.07166666666666667 0.1 0.02 0.02
0 0.17833333333333334 0.34 0.023333333333333334 0.03
0 0.1 0.2633333333333333 0.03 0.02666666666666667
0 0.19666666666666666 0.37 0.03666666666666667 0.02666666666666667
0 0.16166666666666665 0.4483333333333333 0.016666666666666666 0.025
0 0.12166666666666667 0.44166666666666665 0.03 0.02666666666666667
0 0.03 0.36333333333333334 0.023333333333333334 0.023333333333333334
0 0.18 0.4633333333333333 0.018333333333333333 0.02666666666666667
0 0.15 0.2966666666666667 0.03 0.03
0 0.23 0.42333333333333334 0.03333333333333333 0.02666666666666667
0 0.2816666666666667 0.42 0.023333333333333334 0.02
0 0.325 0.445 0.023333333333333334 0.023333333333333334
0 0.5383333333333333 0.4216666666666667 0.03333333333333333 0.03
0 0.49833333333333335 0.38333333333333336 0.023333333333333334 0.02666666666666667
0 0.6633333333333333 0.4033333333333333 0.02666666666666667 0.02666666666666667
0 0.5966666666666667 0.2866666666666667 0.02 0.02
0 0.6283333333333333 0.3283333333333333 0.023333333333333334 0.023333333333333334
0 0.445 0.21833333333333332 0.03 0.023333333333333334
0 0.4533333333333333 0.14666666666666667 0.03 0.023333333333333334
0 0.4766666666666667 0.105 0.03 0.02666666666666667
0 0.5183333333333333 0.15666666666666668 0.02666666666666667 0.02
0 0.45666666666666667 0.07166666666666667 0.03 0.02
0 0.44166666666666665 0.09833333333333333 0.02666666666666667 0.02
0 0.775 0.21666666666666667 0.02666666666666667 0.023333333333333334
0 0.7033333333333334 0.2916666666666667 0.03 0.023333333333333334
0 0.3933333333333333 0.023333333333333334 0.02666666666666667 0.023333333333333334
0 0.8366666666666667 0.9066666666666666 0.02666666666666667 0.02666666666666667
0 0.705 0.7516666666666667 0.02666666666666667 0.02
0 0.6466666666666666 0.6833333333333333 0.023333333333333334 0.023333333333333334
0 0.9333333333333333 0.6066666666666667 0.02666666666666667 0.03
0 0.9266666666666666 0.6333333333333333 0.02666666666666667 0.03
0 0.6616666666666666 0.5983333333333334 0.03 0.03
0 0.7733333333333333 0.7583333333333333 0.02666666666666667 0.03
0 0.815 0.9433333333333334 0.023333333333333334 0.02
0 0.8616666666666667 0.74 0.02666666666666667 0.03
0 0.8233333333333334 0.7566666666666667 0.023333333333333334 0.03
0 0.8683333333333333 0.6216666666666667 0.02666666666666667 0.02666666666666667
0 0.905 0.5133333333333333 0.023333333333333334 0.023333333333333334
0 0.016666666666666666 0.255 0.03 0.02666666666666667
0 0.09166666666666666 0.5133333333333333 0.023333333333333334 0.02666666666666667
0 0.14666666666666667 0.4816666666666667 0.03 0.02666666666666667
0 0.165 0.5216666666666666 0.023333333333333334 0.02666666666666667
0 0.19166666666666668 0.5816666666666667 0.02666666666666667 0.023333333333333334
0 0.23166666666666666 0.6266666666666667 0.03 0.03
0 0.20333333333333334 0.49833333333333335 0.028333333333333332 0.018333333333333333
0 0.24833333333333332 0.495 0.021666666666666667 0.025
0 0.31666666666666665 0.51 0.03 0.023333333333333334
0 0.3283333333333333 0.58 0.023333333333333334 0.02
0 0.31833333333333336 0.62 0.025 0.023333333333333334
0 0.38666666666666666 0.72 0.025 0.028333333333333332
0 0.3466666666666667 0.7066666666666667 0.023333333333333334 0.025
0 0.07333333333333333 0.7433333333333333 0.03 0.03
0 0.09666666666666666 0.7416666666666667 0.023333333333333334 0.02666666666666667
0 0.11666666666666667 0.8416666666666667 0.03 0.023333333333333334
0 0.19833333333333333 0.7416666666666667 0.03333333333333333 0.03666666666666667
0 0.31166666666666665 0.7666666666666667 0.02666666666666667 0.023333333333333334
0 0.39666666666666667 0.5916666666666667 0.02666666666666667 0.02
0 0.25333333333333335 0.555 0.03 0.03
0 0.4166666666666667 0.7466666666666667 0.021666666666666667 0.02666666666666667
0 0.36833333333333335 0.6283333333333333 0.023333333333333334 0.02
0 0.056666666666666664 0.8266666666666667 0.02666666666666667 0.02666666666666667
0 0.18666666666666668 0.7983333333333333 0.02666666666666667 0.02666666666666667
0 0.3516666666666667 0.61 0.023333333333333334 0.023333333333333334
0 0.015 0.305 0.02 0.025
0 0.32666666666666666 0.19166666666666668 0.03333333333333333 0.03
0 0.26 0.8416666666666667 0.02666666666666667 0.03166666666666667
0 0.22666666666666666 0.46 0.03 0.023333333333333334
0 0.02 0.705 0.025 0.028333333333333332
0 0.016666666666666666 0.685 0.025 0.02666666666666667
0 0.8483333333333334 0.795 0.02 0.02666666666666667
0 0.17333333333333334 0.8916666666666667 0.021666666666666667 0.03
0 0.14333333333333334 0.5166666666666667 0.021666666666666667 0.025