0 0.8066666666666666 0.2816666666666667 0.023333333333333334 0.02666666666666667
0 0.08166666666666667 0.03833333333333333 0.02666666666666667 0.03
0 0.11333333333333333 0.08166666666666667 0.023333333333333334 0.02666666666666667
0 0.16 0.041666666666666664 0.02 0.023333333333333334
0 0.38333333333333336 0.9216666666666666 0.02666666666666667 0.03
0 0.41 0.8633333333333333 0.03 0.03333333333333333
0 0.3433333333333333 0.8816666666666667 0.02666666666666667 0.02
0 0.22333333333333333 0.7733333333333333 0.02666666666666667 0.02666666666666667
0 0.21 0.7533333333333333 0.023333333333333334 0.02666666666666667
0 0.4533333333333333 0.9333333333333333 0.02666666666666667 0.03
0 0.42333333333333334 0.805 0.02666666666666667 0.02666666666666667
0 0.5933333333333334 0.7966666666666666 0.02 0.02
0 0.145 0.5516666666666666 0.023333333333333334 0.02666666666666667
0 0.4066666666666667 0.9 0.023333333333333334 0.02
0 0.52 0.9333333333333333 0.02 0.02
0 0.6433333333333333 0.98 0.02666666666666667 0.02666666666666667
0 0.15 0.6316666666666667 0.02 0.02
0 0.4083333333333333 0.9783333333333334 0.02 0.023333333333333334
0 0.54 0.8483333333333334 0.02 0.02
0 0.35833333333333334 0.6233333333333333 0.02 0.03
0 0.58 0.7766666666666666 0.02666666666666667 0.03
0 0.5266666666666666 0.8266666666666667 0.02 0.03
0 0.42833333333333334 0.7716666666666666 0.02 0.023333333333333334
0 0.37166666666666665 0.8733333333333333 0.02 0.02666666666666667
0 0.48833333333333334 0.985 0.023333333333333334 0.02666666666666667
0 0.5733333333333334 0.8216666666666667 0.02 0.023333333333333334
0 0.47333333333333333 0.7133333333333334 0.02 0.023333333333333334
0 0.043333333333333335 0.6666666666666666 0.023333333333333334 0.023333333333333334
0 0.31333333333333335 0.705 0.02666666666666667 0.023333333333333334
0 0.04833333333333333 0.62 0.023333333333333334 0.023333333333333334
0 0.5016666666666667 0.8533333333333334 0.023333333333333334 0.023333333333333334
0 0.48333333333333334 0.8816666666666667 0.016666666666666666 0.02
0 0.49333333333333335 0.9016666666666666 0.023333333333333334 0.023333333333333334
0 0.54 0.7866666666666666 0.02 0.023333333333333334
0 0.37166666666666665 0.8066666666666666 0.023333333333333334 0.023333333333333334
0 0.5233333333333333 0.8783333333333333 0.02 0.023333333333333334
0 0.5983333333333334 0.8533333333333334 0.02 0.023333333333333334
0 0.315 0.6833333333333333 0.023333333333333334 0.023333333333333334
0 0.3233333333333333 0.7716666666666666 0.023333333333333334 0.02666666666666667
0 0.08333333333333333 0.605 0.025 0.025