0 0.24 0.12 0.03666666666666667 0.023333333333333334
0 0.15666666666666668 0.065 0.03333333333333333 0.03
0 0.09333333333333334 0.355 0.02666666666666667 0.023333333333333334
0 0.13166666666666665 0.4116666666666667 0.02666666666666667 0.02666666666666667
0 0.21333333333333335 0.4483333333333333 0.02666666666666667 0.023333333333333334
0 0.5983333333333334 0.37833333333333335 0.03 0.03
0 0.7083333333333334 0.395 0.02666666666666667 0.03
0 0.6716666666666666 0.285 0.023333333333333334 0.02666666666666667
0 0.7183333333333334 0.24666666666666667 0.02 0.03
0 0.9416666666666667 0.2683333333333333 0.03 0.025
0 0.7283333333333334 0.46 0.02 0.023333333333333334
0 0.7783333333333333 0.3433333333333333 0.03333333333333333 0.023333333333333334
0 0.49333333333333335 0.11 0.028333333333333332 0.02
0 0.6016666666666667 0.01 0.03 0.02
0 0.6816666666666666 0.08333333333333333 0.03 0.02666666666666667
0 0.83 0.345 0.02 0.02666666666666667
0 0.8083333333333333 0.3566666666666667 0.023333333333333334 0.02666666666666667
0 0.715 0.07 0.02 0.02666666666666667
0 0.5583333333333333 0.02666666666666667 0.02 0.023333333333333334
0 0.97 0.43833333333333335 0.02666666666666667 0.02666666666666667
0 0.9783333333333334 0.09666666666666666 0.02666666666666667 0.023333333333333334
0 0.6733333333333333 0.44 0.023333333333333334 0.023333333333333334
0 0.725 0.635 0.03 0.023333333333333334
0 0.54 0.9583333333333334 0.02666666666666667 0.02666666666666667
0 0.6883333333333334 0.545 0.02666666666666667 0.02666666666666667
0 0.7983333333333333 0.5716666666666667 0.02 0.023333333333333334
0 0.7433333333333333 0.69 0.03 0.023333333333333334
0 0.04833333333333333 0.9783333333333334 0.03666666666666667 0.03666666666666667
0 0.685 0.67 0.03 0.02666666666666667
0 0.5833333333333334 0.7766666666666666 0.02666666666666667 0.03333333333333333
0 0.7066666666666667 0.87 0.023333333333333334 0.03333333333333333
0 0.9833333333333333 0.12666666666666668 0.02666666666666667 0.03
0 0.7116666666666667 0.5066666666666667 0.03166666666666667 0.03166666666666667
0 0.75 0.6033333333333334 0.02 0.023333333333333334