0 0.46 0.055 0.025 0.03333333333333333
0 0.8266666666666667 0.02666666666666667 0.023333333333333334 0.023333333333333334
0 0.7833333333333333 0.07333333333333333 0.025 0.023333333333333334
0 0.83 0.095 0.025 0.023333333333333334
0 0.9416666666666667 0.17 0.02 0.02666666666666667
0 0.565 0.27166666666666667 0.03 0.02666666666666667
0 0.725 0.2833333333333333 0.02666666666666667 0.02666666666666667
0 0.55 0.1 0.023333333333333334 0.02
0 0.58 0.02 0.03 0.02666666666666667
0 0.82 0.04833333333333333 0.03 0.03
0 0.8333333333333334 0.065 0.03 0.023333333333333334
0 0.06833333333333333 0.8516666666666667 0.02666666666666667 0.02
0 0.41 0.6816666666666666 0.02666666666666667 0.03
0 0.23333333333333334 0.6083333333333333 0.021666666666666667 0.021666666666666667
0 0.5766666666666667 0.7066666666666667 0.023333333333333334 0.023333333333333334
0 0.6166666666666667 0.7416666666666667 0.02 0.023333333333333334
0 0.6366666666666667 0.7066666666666667 0.02666666666666667 0.025
0 0.7533333333333333 0.215 0.023333333333333334 0.03166666666666667