0 0.44 0.011666666666666667 0.03 0.023333333333333334
0 0.42833333333333334 0.06833333333333333 0.02666666666666667 0.03
0 0.4633333333333333 0.056666666666666664 0.02 0.02666666666666667
0 0.48333333333333334 0.09333333333333334 0.02666666666666667 0.02
0 0.47333333333333333 0.3466666666666667 0.03 0.02666666666666667
0 0.8833333333333333 0.22833333333333333 0.03 0.03
0 0.6683333333333333 0.20166666666666666 0.023333333333333334 0.02666666666666667
0 0.6416666666666667 0.23833333333333334 0.02666666666666667 0.02666666666666667
0 0.6183333333333333 0.10833333333333334 0.023333333333333334 0.02666666666666667
0 0.745 0.11166666666666666 0.03 0.03
0 0.535 0.09833333333333333 0.023333333333333334 0.02
0 0.8983333333333333 0.685 0.02666666666666667 0.02666666666666667
0 0.08333333333333333 0.57 0.03 0.02666666666666667
0 0.03166666666666667 0.63 0.02666666666666667 0.023333333333333334
0 0.5266666666666666 0.028333333333333332 0.023333333333333334 0.03
0 0.5183333333333333 0.115 0.02 0.02
0 0.49333333333333335 0.29833333333333334 0.03 0.028333333333333332