0 0.01 0.6916666666666667 0.02 0.023333333333333334
0 0.006666666666666667 0.7833333333333333 0.013333333333333334 0.023333333333333334
0 0.04666666666666667 0.7916666666666666 0.023333333333333334 0.023333333333333334
0 0.01 0.7583333333333333 0.02 0.023333333333333334
0 0.11833333333333333 0.5533333333333333 0.023333333333333334 0.023333333333333334
0 0.21166666666666667 0.8383333333333334 0.02666666666666667 0.023333333333333334
0 0.17 0.6266666666666667 0.02666666666666667 0.02666666666666667
0 0.6866666666666666 0.03666666666666667 0.02666666666666667 0.023333333333333334
0 0.78 0.12833333333333333 0.023333333333333334 0.023333333333333334
0 0.7916666666666666 0.015 0.03 0.03
0 0.8866666666666667 0.06666666666666667 0.02666666666666667 0.023333333333333334
0 0.935 0.29833333333333334 0.03333333333333333 0.03
0 0.88 0.38166666666666665 0.02666666666666667 0.023333333333333334
0 0.9283333333333333 0.3566666666666667 0.02666666666666667 0.023333333333333334
0 0.7016666666666667 0.075 0.02666666666666667 0.02666666666666667
0 0.8133333333333334 0.21666666666666667 0.023333333333333334 0.023333333333333334
0 0.8316666666666667 0.23666666666666666 0.02666666666666667 0.02666666666666667
0 0.83 0.09666666666666666 0.03 0.03
0 0.7966666666666666 0.16333333333333333 0.02666666666666667 0.02666666666666667
0 0.8266666666666667 0.31 0.02666666666666667 0.02666666666666667
0 0.795 0.075 0.02666666666666667 0.02666666666666667
0 0.8466666666666667 0.38333333333333336 0.023333333333333334 0.023333333333333334
0 0.8533333333333334 0.05333333333333334 0.02666666666666667 0.02666666666666667
0 0.9366666666666666 0.20166666666666666 0.03 0.03
0 0.8716666666666667 0.12833333333333333 0.02666666666666667 0.02666666666666667
0 0.9183333333333333 0.24333333333333335 0.02666666666666667 0.023333333333333334
0 0.9233333333333333 0.22666666666666666 0.02666666666666667 0.02666666666666667
0 0.8116666666666666 0.14166666666666666 0.03 0.03
0 0.8816666666666667 0.021666666666666667 0.02666666666666667 0.02666666666666667
0 0.9816666666666667 0.38666666666666666 0.02666666666666667 0.023333333333333334
0 0.825 0.33666666666666667 0.02666666666666667 0.02666666666666667
0 0.845 0.02666666666666667 0.023333333333333334 0.023333333333333334
0 0.85 0.20166666666666666 0.02666666666666667 0.02666666666666667
0 0.8733333333333333 0.29833333333333334 0.02666666666666667 0.02666666666666667
0 0.8916666666666667 0.255 0.02666666666666667 0.02666666666666667
0 0.9483333333333334 0.17333333333333334 0.03 0.03
0 0.9716666666666667 0.21833333333333332 0.03 0.03
0 0.8266666666666667 0.18 0.02666666666666667 0.023333333333333334
0 0.8216666666666667 0.19833333333333333 0.02666666666666667 0.023333333333333334
0 0.8433333333333334 0.115 0.02666666666666667 0.02
0 0.895 0.045 0.03 0.03
0 0.8483333333333334 0.12833333333333333 0.023333333333333334 0.023333333333333334
0 0.8683333333333333 0.105 0.023333333333333334 0.023333333333333334
0 0.9583333333333334 0.41833333333333333 0.023333333333333334 0.03
0 0.6716666666666666 0.14333333333333334 0.03 0.03
0 0.695 0.25 0.04 0.03
0 0.9266666666666666 0.6416666666666667 0.03 0.02666666666666667
0 0.9533333333333334 0.6433333333333333 0.03 0.03666666666666667
0 0.7366666666666667 0.745 0.02666666666666667 0.03333333333333333
0 0.7816666666666666 0.7666666666666667 0.023333333333333334 0.03333333333333333
0 0.9066666666666666 0.47333333333333333 0.02666666666666667 0.02666666666666667
0 0.9883333333333333 0.365 0.023333333333333334 0.03
0 0.9883333333333333 0.42333333333333334 0.023333333333333334 0.03