0 0.5683333333333334 0.34833333333333333 0.02666666666666667 0.02666666666666667
0 0.605 0.42833333333333334 0.03 0.03
0 0.5716666666666667 0.44166666666666665 0.02666666666666667 0.02666666666666667
0 0.5866666666666667 0.40166666666666667 0.023333333333333334 0.023333333333333334
0 0.7766666666666666 0.30666666666666664 0.02666666666666667 0.023333333333333334
0 0.8183333333333334 0.2866666666666667 0.023333333333333334 0.023333333333333334
0 0.37333333333333335 0.75 0.03 0.023333333333333334
0 0.45666666666666667 0.7016666666666667 0.02666666666666667 0.02666666666666667
0 0.12333333333333334 0.835 0.02666666666666667 0.023333333333333334
0 0.37 0.6766666666666666 0.03 0.03
0 0.3466666666666667 0.75 0.02666666666666667 0.02666666666666667
0 0.36833333333333335 0.5233333333333333 0.03 0.03
0 0.3016666666666667 0.56 0.02666666666666667 0.02666666666666667
0 0.385 0.6433333333333333 0.023333333333333334 0.023333333333333334
0 0.30666666666666664 0.5783333333333334 0.023333333333333334 0.023333333333333334
0 0.32 0.5316666666666666 0.023333333333333334 0.023333333333333334
0 0.26166666666666666 0.6083333333333333 0.02666666666666667 0.02666666666666667
0 0.31333333333333335 0.6316666666666667 0.02666666666666667 0.02
0 0.325 0.65 0.02666666666666667 0.016666666666666666
0 0.3616666666666667 0.43666666666666665 0.023333333333333334 0.023333333333333334
0 0.4033333333333333 0.43833333333333335 0.023333333333333334 0.023333333333333334
0 0.5316666666666666 0.9016666666666666 0.03333333333333333 0.03166666666666667
0 0.9583333333333334 0.165 0.03 0.03333333333333333