0 0.715 0.6016666666666667 0.023333333333333334 0.02666666666666667
0 0.7916666666666666 0.725 0.023333333333333334 0.023333333333333334
0 0.9683333333333334 0.71 0.021666666666666667 0.023333333333333334
0 0.865 0.5616666666666666 0.023333333333333334 0.02
0 0.745 0.63 0.023333333333333334 0.028333333333333332
0 0.9216666666666666 0.9366666666666666 0.02 0.02
0 0.97 0.62 0.02 0.02
0 0.8366666666666667 0.675 0.023333333333333334 0.023333333333333334
0 0.7216666666666667 0.43 0.02 0.023333333333333334
0 0.7016666666666667 0.425 0.023333333333333334 0.02666666666666667
0 0.9433333333333334 0.23333333333333334 0.021666666666666667 0.023333333333333334
0 0.975 0.25833333333333336 0.023333333333333334 0.023333333333333334
0 0.7883333333333333 0.21333333333333335 0.02 0.02
0 0.94 0.685 0.021666666666666667 0.028333333333333332