0 0.9633333333333334 0.735 0.03 0.02666666666666667
0 0.555 0.8166666666666667 0.03 0.03
0 0.18833333333333332 0.8 0.03 0.02666666666666667
0 0.035 0.31666666666666665 0.02666666666666667 0.03
0 0.051666666666666666 0.095 0.02 0.02
0 0.3466666666666667 0.075 0.025 0.02666666666666667
0 0.025 0.09666666666666666 0.02 0.02
0 0.18833333333333332 0.16 0.03 0.02666666666666667
0 0.165 0.6183333333333333 0.03 0.02666666666666667
0 0.11 0.6466666666666666 0.023333333333333334 0.023333333333333334
0 0.8733333333333333 0.16166666666666665 0.03333333333333333 0.03
0 0.95 0.18833333333333332 0.03 0.03
0 0.8583333333333333 0.475 0.03 0.02666666666666667
0 0.9333333333333333 0.175 0.02 0.02
0 0.8616666666666667 0.10166666666666667 0.03 0.023333333333333334
0 0.018333333333333333 0.065 0.02 0.023333333333333334
0 0.013333333333333334 0.17 0.023333333333333334 0.02
0 0.9216666666666666 0.18666666666666668 0.025 0.025