0 0.33166666666666667 0.3016666666666667 0.03 0.023333333333333334
0 0.43166666666666664 0.12666666666666668 0.03 0.02666666666666667
0 0.46 0.13333333333333333 0.023333333333333334 0.02666666666666667
0 0.49 0.18666666666666668 0.03333333333333333 0.02
0 0.3983333333333333 0.05 0.023333333333333334 0.02
0 0.40166666666666667 0.07833333333333334 0.02666666666666667 0.02
0 0.4033333333333333 0.10166666666666667 0.023333333333333334 0.023333333333333334
0 0.435 0.09 0.02666666666666667 0.023333333333333334
0 0.41833333333333333 0.10666666666666667 0.02666666666666667 0.02666666666666667
0 0.39 0.12 0.03 0.03
0 0.14166666666666666 0.03833333333333333 0.02666666666666667 0.03
0 0.21166666666666667 0.041666666666666664 0.03 0.03
0 0.39166666666666666 0.17833333333333334 0.023333333333333334 0.023333333333333334
0 0.36333333333333334 0.23666666666666666 0.02666666666666667 0.023333333333333334
0 0.3616666666666667 0.05333333333333334 0.02666666666666667 0.023333333333333334
0 0.13833333333333334 0.07333333333333333 0.02666666666666667 0.02666666666666667
0 0.26 0.24 0.02666666666666667 0.02666666666666667
0 0.10833333333333334 0.11166666666666666 0.023333333333333334 0.02
0 0.3283333333333333 0.11666666666666667 0.03 0.03
0 0.4 0.25833333333333336 0.02666666666666667 0.023333333333333334
0 0.06833333333333333 0.10166666666666667 0.023333333333333334 0.023333333333333334
0 0.10833333333333334 0.20166666666666666 0.023333333333333334 0.023333333333333334
0 0.3333333333333333 0.20833333333333334 0.02666666666666667 0.02666666666666667
0 0.5666666666666667 0.24333333333333335 0.03 0.02666666666666667
0 0.54 0.27666666666666667 0.03 0.02666666666666667
0 0.555 0.3466666666666667 0.03 0.03333333333333333
0 0.5233333333333333 0.3616666666666667 0.023333333333333334 0.03
0 0.6283333333333333 0.31666666666666665 0.02666666666666667 0.03
0 0.6116666666666667 0.2916666666666667 0.02 0.02666666666666667
0 0.6266666666666667 0.2733333333333333 0.02666666666666667 0.02666666666666667
0 0.7316666666666667 0.425 0.03333333333333333 0.03
0 0.8483333333333334 0.4216666666666667 0.03 0.02666666666666667
0 0.7866666666666666 0.37166666666666665 0.03 0.023333333333333334
0 0.695 0.35833333333333334 0.03 0.023333333333333334
0 0.8633333333333333 0.15333333333333332 0.03 0.03
0 0.6733333333333333 0.31333333333333335 0.02666666666666667 0.02666666666666667
0 0.8116666666666666 0.2783333333333333 0.03 0.02666666666666667
0 0.7383333333333333 0.3416666666666667 0.03 0.03
0 0.705 0.285 0.02666666666666667 0.023333333333333334
0 0.72 0.25833333333333336 0.023333333333333334 0.023333333333333334
0 0.96 0.028333333333333332 0.023333333333333334 0.023333333333333334
0 0.7233333333333334 0.30833333333333335 0.03 0.03
0 0.58 0.7233333333333334 0.03 0.02666666666666667
0 0.5583333333333333 0.87 0.023333333333333334 0.023333333333333334
0 0.6783333333333333 0.8616666666666667 0.03 0.03
0 0.8033333333333333 0.47333333333333333 0.03 0.03
0 0.5316666666666666 0.7966666666666666 0.02666666666666667 0.02666666666666667
0 0.91 0.585 0.023333333333333334 0.023333333333333334
0 0.5583333333333333 0.8466666666666667 0.023333333333333334 0.023333333333333334
0 0.455 0.8766666666666667 0.023333333333333334 0.025
0 0.4483333333333333 0.9216666666666666 0.023333333333333334 0.023333333333333334
0 0.43833333333333335 0.945 0.025 0.023333333333333334
0 0.49833333333333335 0.8983333333333333 0.02666666666666667 0.02666666666666667
0 0.52 0.8283333333333334 0.023333333333333334 0.023333333333333334
0 0.5 0.13333333333333333 0.02666666666666667 0.028333333333333332
0 0.8883333333333333 0.5166666666666667 0.023333333333333334 0.025
0 0.24833333333333332 0.14166666666666666 0.023333333333333334 0.025