0 0.4766666666666667 0.6816666666666666 0.02666666666666667 0.023333333333333334
0 0.47 0.8516666666666667 0.023333333333333334 0.02
0 0.6733333333333333 0.015 0.025 0.025
0 0.7216666666666667 0.08833333333333333 0.025 0.028333333333333332
0 0.7116666666666667 0.051666666666666666 0.03 0.03
0 0.7516666666666667 0.023333333333333334 0.028333333333333332 0.023333333333333334
0 0.9 0.7283333333333334 0.023333333333333334 0.025
0 0.9683333333333334 0.7316666666666667 0.025 0.023333333333333334
0 0.605 0.7366666666666667 0.02666666666666667 0.02666666666666667
0 0.8333333333333334 0.72 0.03 0.03
0 0.9166666666666666 0.68 0.02666666666666667 0.02666666666666667
0 0.8633333333333333 0.6566666666666666 0.018333333333333333 0.023333333333333334