0 0.635 0.7816666666666666 0.023333333333333334 0.02
0 0.6366666666666667 0.8666666666666667 0.02 0.02
0 0.7433333333333333 0.885 0.023333333333333334 0.023333333333333334
0 0.655 0.845 0.03 0.02666666666666667
0 0.6683333333333333 0.7916666666666666 0.023333333333333334 0.023333333333333334
0 0.6516666666666666 0.76 0.02 0.02
0 0.9166666666666666 0.74 0.03 0.02
0 0.5933333333333334 0.7633333333333333 0.023333333333333334 0.02666666666666667
0 0.86 0.7316666666666667 0.023333333333333334 0.023333333333333334
0 0.6066666666666667 0.8066666666666666 0.02 0.02
0 0.5516666666666666 0.7083333333333334 0.02 0.03
0 0.8933333333333333 0.9116666666666666 0.02666666666666667 0.023333333333333334
0 0.9566666666666667 0.8533333333333334 0.03 0.023333333333333334
0 0.95 0.8016666666666666 0.023333333333333334 0.023333333333333334
0 0.8516666666666667 0.7916666666666666 0.023333333333333334 0.02
0 0.92 0.7216666666666667 0.02666666666666667 0.02666666666666667
0 0.6 0.83 0.02 0.02
0 0.44666666666666666 0.6816666666666666 0.02666666666666667 0.03
0 0.44166666666666665 0.72 0.023333333333333334 0.02
0 0.21666666666666667 0.8183333333333334 0.02666666666666667 0.03
0 0.18 0.7383333333333333 0.023333333333333334 0.02666666666666667
0 0.24833333333333332 0.6633333333333333 0.023333333333333334 0.03
0 0.10666666666666667 0.6583333333333333 0.03 0.03
0 0.43333333333333335 0.755 0.02 0.023333333333333334
0 0.18 0.5933333333333334 0.02 0.023333333333333334
0 0.22666666666666666 0.6033333333333334 0.023333333333333334 0.02666666666666667
0 0.24166666666666667 0.5683333333333334 0.023333333333333334 0.023333333333333334
0 0.3933333333333333 0.5766666666666667 0.02 0.03
0 0.37666666666666665 0.5816666666666667 0.02 0.02666666666666667
0 0.11833333333333333 0.6983333333333334 0.03 0.02666666666666667
0 0.48 0.6833333333333333 0.023333333333333334 0.02
0 0.43333333333333335 0.6566666666666666 0.02 0.023333333333333334
0 0.085 0.6866666666666666 0.025 0.028333333333333332
0 0.4683333333333333 0.8383333333333334 0.02 0.02
0 0.7833333333333333 0.18833333333333332 0.03 0.023333333333333334
0 0.5683333333333334 0.31666666666666665 0.02666666666666667 0.02666666666666667
0 0.5683333333333334 0.28 0.023333333333333334 0.03
0 0.5416666666666666 0.28833333333333333 0.03 0.03
0 0.5016666666666667 0.7183333333333334 0.02 0.023333333333333334
0 0.5316666666666666 0.8816666666666667 0.02 0.02
0 0.485 0.6983333333333334 0.021666666666666667 0.023333333333333334