0 0.03666666666666667 0.9383333333333334 0.02666666666666667 0.03
0 0.051666666666666666 0.8616666666666667 0.02 0.02
0 0.06166666666666667 0.8566666666666667 0.02 0.03
0 0.07666666666666666 0.9383333333333334 0.02666666666666667 0.03
0 0.09166666666666666 0.9483333333333334 0.023333333333333334 0.03
0 0.11166666666666666 0.965 0.023333333333333334 0.03
0 0.10666666666666667 0.9233333333333333 0.02 0.02
0 0.09333333333333334 0.5266666666666666 0.023333333333333334 0.03
0 0.18166666666666667 0.5216666666666666 0.02666666666666667 0.02666666666666667
0 0.30333333333333334 0.7316666666666667 0.025 0.023333333333333334
0 0.31 0.6616666666666666 0.02666666666666667 0.021666666666666667
0 0.4166666666666667 0.9566666666666667 0.02666666666666667 0.023333333333333334
0 0.29 0.535 0.03 0.02666666666666667
0 0.028333333333333332 0.5533333333333333 0.023333333333333334 0.02666666666666667
0 0.375 0.7533333333333333 0.023333333333333334 0.02
0 0.35833333333333334 0.6733333333333333 0.02666666666666667 0.03
0 0.10833333333333334 0.6183333333333333 0.023333333333333334 0.02
0 0.26 0.4116666666666667 0.02666666666666667 0.02666666666666667
0 0.24 0.41333333333333333 0.02 0.02666666666666667
0 0.8366666666666667 0.051666666666666666 0.023333333333333334 0.023333333333333334
0 0.8466666666666667 0.11666666666666667 0.02666666666666667 0.02666666666666667
0 0.8333333333333334 0.26666666666666666 0.023333333333333334 0.03
0 0.6533333333333333 0.38166666666666665 0.03 0.02666666666666667
0 0.8016666666666666 0.215 0.03 0.03
0 0.7966666666666666 0.2783333333333333 0.02666666666666667 0.02666666666666667
0 0.885 0.44166666666666665 0.03 0.02666666666666667
0 0.635 0.35333333333333333 0.02666666666666667 0.02666666666666667
0 0.9516666666666667 0.06666666666666667 0.023333333333333334 0.023333333333333334
0 0.805 0.175 0.02666666666666667 0.02666666666666667
0 0.8016666666666666 0.25333333333333335 0.023333333333333334 0.023333333333333334
0 0.6483333333333333 0.21833333333333332 0.02666666666666667 0.02666666666666667
0 0.6716666666666666 0.36333333333333334 0.023333333333333334 0.03
0 0.9433333333333334 0.04666666666666667 0.03 0.02666666666666667
0 0.655 0.5483333333333333 0.02 0.023333333333333334
0 0.8416666666666667 0.5983333333333334 0.023333333333333334 0.023333333333333334
0 0.31333333333333335 0.5416666666666666 0.02 0.028333333333333332
0 0.185 0.55 0.023333333333333334 0.021666666666666667
0 0.14166666666666666 0.5633333333333334 0.023333333333333334 0.025
0 0.07666666666666666 0.6333333333333333 0.023333333333333334 0.025
0 0.3283333333333333 0.4766666666666667 0.021666666666666667 0.02666666666666667
0 0.645 0.6616666666666666 0.023333333333333334 0.023333333333333334
0 0.6566666666666666 0.6466666666666666 0.021666666666666667 0.025
0 0.051666666666666666 0.615 0.023333333333333334 0.028333333333333332
0 0.035 0.6766666666666666 0.028333333333333332 0.028333333333333332