0 0.235 0.3566666666666667 0.023333333333333334 0.02666666666666667
0 0.25166666666666665 0.30833333333333335 0.023333333333333334 0.021666666666666667
0 0.29333333333333333 0.4033333333333333 0.02 0.02666666666666667
0 0.355 0.3383333333333333 0.025 0.028333333333333332
0 0.13166666666666665 0.355 0.02666666666666667 0.023333333333333334
0 0.35833333333333334 0.40166666666666667 0.016666666666666666 0.02
0 0.32166666666666666 0.42833333333333334 0.02 0.02
0 0.30333333333333334 0.36666666666666664 0.023333333333333334 0.02
0 0.09333333333333334 0.34 0.023333333333333334 0.02
0 0.27666666666666667 0.30666666666666664 0.02 0.02
0 0.13833333333333334 0.3883333333333333 0.023333333333333334 0.023333333333333334
0 0.84 0.05 0.023333333333333334 0.023333333333333334
0 0.8233333333333334 0.07 0.02 0.02
0 0.8516666666666667 0.06333333333333334 0.02 0.023333333333333334
0 0.8433333333333334 0.09833333333333333 0.02 0.02
0 0.92 0.22 0.02666666666666667 0.02666666666666667
0 0.9533333333333334 0.10333333333333333 0.023333333333333334 0.023333333333333334
0 0.8666666666666667 0.11 0.02666666666666667 0.028333333333333332
0 0.7633333333333333 0.09 0.02 0.023333333333333334
0 0.8683333333333333 0.15166666666666667 0.025 0.025