0 0.485 0.8133333333333334 0.02 0.023333333333333334
0 0.1 0.7016666666666667 0.023333333333333334 0.023333333333333334
0 0.245 0.42 0.028333333333333332 0.03166666666666667
0 0.3566666666666667 0.10666666666666667 0.03 0.023333333333333334
0 0.49333333333333335 0.8633333333333333 0.023333333333333334 0.023333333333333334
0 0.40166666666666667 0.03166666666666667 0.02 0.02
0 0.3233333333333333 0.023333333333333334 0.02 0.023333333333333334
0 0.39166666666666666 0.08333333333333333 0.023333333333333334 0.02
0 0.11666666666666667 0.6766666666666666 0.03 0.03
0 0.65 0.8883333333333333 0.03 0.02666666666666667
0 0.555 0.9316666666666666 0.03 0.023333333333333334
0 0.5916666666666667 0.8716666666666667 0.03 0.03
0 0.8983333333333333 0.7516666666666667 0.02666666666666667 0.02666666666666667
0 0.825 0.9083333333333333 0.03 0.03333333333333333
0 0.6033333333333334 0.6633333333333333 0.02666666666666667 0.02666666666666667
0 0.6766666666666666 0.6183333333333333 0.03 0.02666666666666667
0 0.69 0.5683333333333334 0.02666666666666667 0.03
0 0.645 0.49833333333333335 0.03 0.02666666666666667
0 0.915 0.5916666666666667 0.035 0.028333333333333332
0 0.92 0.7683333333333333 0.03 0.02666666666666667
0 0.6266666666666667 0.8533333333333334 0.03 0.02
0 0.5816666666666667 0.3 0.03 0.02666666666666667
0 0.8533333333333334 0.7816666666666666 0.02 0.02
0 0.655 0.5866666666666667 0.02666666666666667 0.03
0 0.6983333333333334 0.7116666666666667 0.02666666666666667 0.03
0 0.5216666666666666 0.93 0.03 0.02666666666666667
0 0.515 0.8616666666666667 0.02 0.03
0 0.525 0.845 0.02666666666666667 0.023333333333333334
0 0.465 0.68 0.028333333333333332 0.03666666666666667
0 0.19833333333333333 0.04 0.025 0.02666666666666667
0 0.9033333333333333 0.6266666666666667 0.03 0.03166666666666667
0 0.14666666666666667 0.41333333333333333 0.03 0.023333333333333334