0 0.6233333333333333 0.5666666666666667 0.03 0.02666666666666667
0 0.6133333333333333 0.5016666666666667 0.02666666666666667 0.03
0 0.31666666666666665 0.2816666666666667 0.02666666666666667 0.02666666666666667
0 0.285 0.25333333333333335 0.023333333333333334 0.02666666666666667
0 0.25833333333333336 0.23833333333333334 0.03 0.03
0 0.35833333333333334 0.14333333333333334 0.02666666666666667 0.02666666666666667
0 0.17833333333333334 0.6066666666666667 0.023333333333333334 0.023333333333333334
0 0.17333333333333334 0.5583333333333333 0.02666666666666667 0.023333333333333334
0 0.16166666666666665 0.9516666666666667 0.03 0.023333333333333334
0 0.15333333333333332 0.9216666666666666 0.023333333333333334 0.023333333333333334
0 0.13333333333333333 0.9016666666666666 0.02 0.023333333333333334
0 0.20166666666666666 0.865 0.023333333333333334 0.023333333333333334
0 0.81 0.7466666666666667 0.03 0.02
0 0.895 0.71 0.03 0.02
0 0.5183333333333333 0.415 0.023333333333333334 0.023333333333333334
0 0.5266666666666666 0.44 0.023333333333333334 0.02666666666666667
0 0.66 0.49833333333333335 0.02 0.02
0 0.9833333333333333 0.845 0.023333333333333334 0.02
0 0.8433333333333334 0.9216666666666666 0.023333333333333334 0.02666666666666667
0 0.255 0.5416666666666666 0.02 0.023333333333333334
0 0.25833333333333336 0.5716666666666667 0.023333333333333334 0.02
0 0.8016666666666666 0.3416666666666667 0.023333333333333334 0.023333333333333334
0 0.835 0.595 0.023333333333333334 0.02
0 0.2783333333333333 0.13333333333333333 0.02 0.02
0 0.3233333333333333 0.09166666666666666 0.023333333333333334 0.023333333333333334
0 0.30666666666666664 0.10333333333333333 0.023333333333333334 0.02
0 0.3883333333333333 0.31833333333333336 0.023333333333333334 0.02
0 0.18166666666666667 0.76 0.023333333333333334 0.02666666666666667
0 0.5483333333333333 0.57 0.02666666666666667 0.028333333333333332
0 0.22666666666666666 0.9516666666666667 0.02666666666666667 0.02666666666666667
0 0.8933333333333333 0.38333333333333336 0.02666666666666667 0.023333333333333334
0 0.89 0.4083333333333333 0.023333333333333334 0.02
0 0.5366666666666666 0.12166666666666667 0.03 0.02
0 0.8166666666666667 0.8116666666666666 0.023333333333333334 0.02
0 0.8066666666666666 0.8283333333333334 0.023333333333333334 0.02
0 0.435 0.41 0.02666666666666667 0.02
0 0.19166666666666668 0.9633333333333334 0.023333333333333334 0.02666666666666667
0 0.7483333333333333 0.7233333333333334 0.02 0.023333333333333334
0 0.595 0.6483333333333333 0.02 0.03
0 0.3466666666666667 0.075 0.02 0.02
0 0.46166666666666667 0.39166666666666666 0.02666666666666667 0.02
0 0.8633333333333333 0.29833333333333334 0.02 0.02666666666666667
0 0.8383333333333334 0.2783333333333333 0.023333333333333334 0.023333333333333334
0 0.02666666666666667 0.6616666666666666 0.02666666666666667 0.03
0 0.40166666666666667 0.5783333333333334 0.02 0.023333333333333334
0 0.7733333333333333 0.5916666666666667 0.023333333333333334 0.023333333333333334
0 0.235 0.15833333333333333 0.02 0.023333333333333334
0 0.49833333333333335 0.14333333333333334 0.02 0.02666666666666667
0 0.5166666666666667 0.14666666666666667 0.02 0.02
0 0.085 0.955 0.03 0.023333333333333334
0 0.15 0.9783333333333334 0.023333333333333334 0.023333333333333334
0 0.6133333333333333 0.17166666666666666 0.02 0.023333333333333334
0 0.45166666666666666 0.31833333333333336 0.02 0.02
0 0.48833333333333334 0.28 0.02666666666666667 0.02
0 0.8583333333333333 0.011666666666666667 0.02 0.02
0 0.8716666666666667 0.6566666666666666 0.02666666666666667 0.03
0 0.18166666666666667 0.8916666666666667 0.02666666666666667 0.016666666666666666
0 0.21666666666666667 0.6283333333333333 0.02 0.03
0 0.28833333333333333 0.21166666666666667 0.023333333333333334 0.02
0 0.6633333333333333 0.41333333333333333 0.023333333333333334 0.02
0 0.585 0.5633333333333334 0.02666666666666667 0.02
0 0.5833333333333334 0.5783333333333334 0.02 0.02
0 0.36333333333333334 0.09 0.03 0.02
0 0.15666666666666668 0.37166666666666665 0.02666666666666667 0.02666666666666667
0 0.12666666666666668 0.9583333333333334 0.03 0.03
0 0.9116666666666666 0.725 0.025 0.025
0 0.385 0.21166666666666667 0.02 0.025
0 0.08666666666666667 0.9816666666666667 0.03166666666666667 0.025
0 0.15333333333333332 0.73 0.028333333333333332 0.03
0 0.6183333333333333 0.6483333333333333 0.02 0.025
0 0.31833333333333336 0.23166666666666666 0.025 0.02666666666666667
0 0.37833333333333335 0.18333333333333332 0.02666666666666667 0.028333333333333332