0 0.125 0.6083333333333333 0.03166666666666667 0.03333333333333333
0 0.18666666666666668 0.6316666666666667 0.023333333333333334 0.03
0 0.09 0.7333333333333333 0.02666666666666667 0.03333333333333333
0 0.22 0.5583333333333333 0.013333333333333334 0.023333333333333334
0 0.24333333333333335 0.5633333333333334 0.02 0.02
0 0.31333333333333335 0.5466666666666666 0.023333333333333334 0.02
0 0.3516666666666667 0.56 0.023333333333333334 0.023333333333333334
0 0.38166666666666665 0.5533333333333333 0.02 0.02666666666666667
0 0.44666666666666666 0.6883333333333334 0.03 0.03166666666666667
0 0.48833333333333334 0.6933333333333334 0.02 0.023333333333333334
0 0.38333333333333336 0.675 0.023333333333333334 0.02
0 0.38666666666666666 0.6983333333333334 0.028333333333333332 0.03333333333333333
0 0.04666666666666667 0.8233333333333334 0.03 0.02666666666666667
0 0.11666666666666667 0.8316666666666667 0.02666666666666667 0.023333333333333334
0 0.21166666666666667 0.7883333333333333 0.02 0.02
0 0.3933333333333333 0.835 0.02 0.02
0 0.04666666666666667 0.95 0.02666666666666667 0.023333333333333334
0 0.32666666666666666 0.94 0.02666666666666667 0.02
0 0.49 0.7883333333333333 0.02666666666666667 0.02666666666666667
0 0.355 0.6266666666666667 0.023333333333333334 0.023333333333333334
0 0.49833333333333335 0.72 0.023333333333333334 0.02
0 0.1 0.5866666666666667 0.02666666666666667 0.02666666666666667
0 0.20166666666666666 0.6966666666666667 0.023333333333333334 0.023333333333333334
0 0.325 0.87 0.03 0.02666666666666667
0 0.175 0.88 0.023333333333333334 0.023333333333333334
0 0.26666666666666666 0.5933333333333334 0.02 0.02
0 0.15166666666666667 0.7933333333333333 0.02 0.02
0 0.48333333333333334 0.5983333333333334 0.02666666666666667 0.03
0 0.49833333333333335 0.5616666666666666 0.03 0.023333333333333334
0 0.2783333333333333 0.5816666666666667 0.023333333333333334 0.02
0 0.27 0.735 0.023333333333333334 0.02666666666666667
0 0.4816666666666667 0.6516666666666666 0.023333333333333334 0.02666666666666667
0 0.06666666666666667 0.885 0.023333333333333334 0.02666666666666667
0 0.07833333333333334 0.9583333333333334 0.03166666666666667 0.025
0 0.08166666666666667 0.905 0.02666666666666667 0.023333333333333334
0 0.445 0.6033333333333334 0.023333333333333334 0.023333333333333334
0 0.545 0.6816666666666666 0.02 0.023333333333333334
0 0.69 0.6833333333333333 0.02 0.023333333333333334
0 0.7116666666666667 0.7883333333333333 0.02666666666666667 0.03
0 0.7216666666666667 0.855 0.03 0.02666666666666667
0 0.715 0.8933333333333333 0.02666666666666667 0.02666666666666667
0 0.6866666666666666 0.7983333333333333 0.02 0.023333333333333334
0 0.53 0.7316666666666667 0.023333333333333334 0.023333333333333334
0 0.71 0.7016666666666667 0.02 0.023333333333333334
0 0.8333333333333334 0.8266666666666667 0.03 0.03
0 0.7716666666666666 0.7833333333333333 0.03 0.03
0 0.72 0.825 0.02 0.023333333333333334
0 0.8116666666666666 0.7433333333333333 0.02666666666666667 0.03333333333333333
0 0.845 0.775 0.023333333333333334 0.03
0 0.8933333333333333 0.755 0.02666666666666667 0.023333333333333334
0 0.8733333333333333 0.7216666666666667 0.02 0.02666666666666667
0 0.8533333333333334 0.6933333333333334 0.02666666666666667 0.02
0 0.9316666666666666 0.725 0.023333333333333334 0.02666666666666667
0 0.8033333333333333 0.9016666666666666 0.02666666666666667 0.02
0 0.6216666666666667 0.9866666666666667 0.023333333333333334 0.023333333333333334
0 0.8966666666666666 0.9483333333333334 0.02666666666666667 0.02666666666666667
0 0.8433333333333334 0.9316666666666666 0.03 0.03
0 0.965 0.9516666666666667 0.02666666666666667 0.02666666666666667
0 0.615 0.16 0.02666666666666667 0.02666666666666667
0 0.6966666666666667 0.25833333333333336 0.03 0.02666666666666667
0 0.6066666666666667 0.30333333333333334 0.02666666666666667 0.02
0 0.6283333333333333 0.31666666666666665 0.03 0.02666666666666667
0 0.6533333333333333 0.3283333333333333 0.023333333333333334 0.02
0 0.6716666666666666 0.30333333333333334 0.02666666666666667 0.023333333333333334
0 0.7366666666666667 0.31333333333333335 0.023333333333333334 0.02666666666666667
0 0.7483333333333333 0.285 0.023333333333333334 0.016666666666666666
0 0.765 0.25166666666666665 0.023333333333333334 0.02
0 0.7716666666666666 0.425 0.023333333333333334 0.02666666666666667
0 0.6416666666666667 0.44166666666666665 0.02666666666666667 0.02666666666666667
0 0.8183333333333334 0.31833333333333336 0.02666666666666667 0.023333333333333334
0 0.8233333333333334 0.29333333333333333 0.023333333333333334 0.023333333333333334
0 0.6416666666666667 0.36333333333333334 0.03 0.023333333333333334
0 0.8366666666666667 0.37833333333333335 0.02666666666666667 0.03
0 0.8866666666666667 0.45666666666666667 0.03166666666666667 0.03333333333333333
0 0.915 0.3233333333333333 0.023333333333333334 0.023333333333333334
0 0.55 0.265 0.023333333333333334 0.023333333333333334
0 0.53 0.11666666666666667 0.02666666666666667 0.02666666666666667
0 0.01 0.725 0.02 0.02
0 0.016666666666666666 0.8133333333333334 0.03166666666666667 0.03
0 0.14666666666666667 0.03 0.03 0.023333333333333334
0 0.335 0.16666666666666666 0.023333333333333334 0.02666666666666667
0 0.42333333333333334 0.27166666666666667 0.02666666666666667 0.02
0 0.36666666666666664 0.23166666666666666 0.03 0.02666666666666667
0 0.27166666666666667 0.4766666666666667 0.025 0.04
0 0.19833333333333333 0.44166666666666665 0.03 0.02666666666666667
0 0.19666666666666666 0.4716666666666667 0.023333333333333334 0.02
0 0.15833333333333333 0.4716666666666667 0.02 0.03
0 0.16833333333333333 0.39666666666666667 0.03 0.02666666666666667
0 0.22833333333333333 0.41333333333333333 0.02666666666666667 0.03
0 0.235 0.45166666666666666 0.02666666666666667 0.02
0 0.13333333333333333 0.44666666666666666 0.02666666666666667 0.02666666666666667
0 0.07833333333333334 0.4083333333333333 0.02666666666666667 0.02666666666666667
0 0.5066666666666667 0.22333333333333333 0.035 0.03166666666666667
0 0.95 0.495 0.02666666666666667 0.03
0 0.40166666666666667 0.19666666666666666 0.02666666666666667 0.028333333333333332