0 0.2683333333333333 0.5616666666666666 0.023333333333333334 0.023333333333333334
0 0.20166666666666666 0.5816666666666667 0.02 0.02
0 0.295 0.5533333333333333 0.02 0.02
0 0.21666666666666667 0.6116666666666667 0.03 0.02666666666666667
0 0.255 0.6283333333333333 0.02666666666666667 0.02666666666666667
0 0.125 0.8266666666666667 0.02666666666666667 0.02666666666666667
0 0.3233333333333333 0.335 0.02 0.02
0 0.31 0.27166666666666667 0.02 0.03
0 0.36333333333333334 0.30333333333333334 0.02 0.023333333333333334
0 0.4483333333333333 0.205 0.03 0.023333333333333334
0 0.35833333333333334 0.33166666666666667 0.02666666666666667 0.023333333333333334
0 0.41333333333333333 0.38333333333333336 0.03 0.023333333333333334
0 0.4266666666666667 0.3383333333333333 0.02 0.023333333333333334
0 0.41833333333333333 0.32166666666666666 0.02 0.023333333333333334
0 0.22833333333333333 0.21666666666666667 0.03 0.02666666666666667
0 0.23166666666666666 0.40166666666666667 0.02666666666666667 0.02666666666666667
0 0.265 0.25166666666666665 0.02666666666666667 0.023333333333333334
0 0.13333333333333333 0.505 0.02666666666666667 0.02
0 0.895 0.41833333333333333 0.03166666666666667 0.02666666666666667
0 0.5233333333333333 0.15666666666666668 0.02666666666666667 0.02666666666666667
0 0.13 0.5783333333333334 0.03666666666666667 0.03333333333333333
0 0.38333333333333336 0.22166666666666668 0.023333333333333334 0.021666666666666667