0 0.42333333333333334 0.13833333333333334 0.023333333333333334 0.02
0 0.43333333333333335 0.16166666666666665 0.023333333333333334 0.023333333333333334
0 0.49 0.08666666666666667 0.023333333333333334 0.023333333333333334
0 0.465 0.17 0.02666666666666667 0.028333333333333332
0 0.19666666666666666 0.275 0.03 0.02666666666666667
0 0.13333333333333333 0.2733333333333333 0.03 0.023333333333333334
0 0.27 0.07 0.03 0.03
0 0.185 0.19166666666666668 0.02666666666666667 0.021666666666666667
0 0.24 0.14833333333333334 0.02666666666666667 0.023333333333333334
0 0.5016666666666667 0.12666666666666668 0.03 0.03
0 0.5533333333333333 0.1 0.03 0.02666666666666667
0 0.525 0.03333333333333333 0.02666666666666667 0.02666666666666667
0 0.635 0.016666666666666666 0.02666666666666667 0.023333333333333334
0 0.49333333333333335 0.655 0.03 0.02666666666666667
0 0.7266666666666667 0.4816666666666667 0.02666666666666667 0.023333333333333334
0 0.7533333333333333 0.495 0.02666666666666667 0.02
0 0.78 0.5066666666666667 0.02 0.02
0 0.7033333333333334 0.825 0.021666666666666667 0.023333333333333334
0 0.7866666666666666 0.7216666666666667 0.021666666666666667 0.023333333333333334
0 0.815 0.7683333333333333 0.02 0.02666666666666667
0 0.9116666666666666 0.13166666666666665 0.02 0.025
0 0.7816666666666666 0.29 0.023333333333333334 0.023333333333333334
0 0.7233333333333334 0.7633333333333333 0.023333333333333334 0.021666666666666667
0 0.805 0.2783333333333333 0.023333333333333334 0.023333333333333334
0 0.755 0.62 0.021666666666666667 0.021666666666666667
0 0.7433333333333333 0.8033333333333333 0.021666666666666667 0.03
0 0.8783333333333333 0.7433333333333333 0.02666666666666667 0.02666666666666667
0 0.8033333333333333 0.7366666666666667 0.021666666666666667 0.023333333333333334
0 0.845 0.27 0.02666666666666667 0.023333333333333334
0 0.8366666666666667 0.7566666666666667 0.02666666666666667 0.02666666666666667
0 0.8566666666666667 0.7616666666666667 0.02666666666666667 0.023333333333333334
0 0.7666666666666667 0.8 0.021666666666666667 0.025
0 0.2783333333333333 0.275 0.028333333333333332 0.03
0 0.25333333333333335 0.265 0.025 0.03333333333333333
0 0.2733333333333333 0.23333333333333334 0.023333333333333334 0.03
0 0.6366666666666667 0.08 0.02666666666666667 0.023333333333333334
0 0.73 0.79 0.023333333333333334 0.02666666666666667
0 0.45166666666666666 0.13333333333333333 0.025 0.028333333333333332
0 0.6816666666666666 0.645 0.025 0.03166666666666667
0 0.8633333333333333 0.68 0.02666666666666667 0.02666666666666667
0 0.915 0.7016666666666667 0.025 0.028333333333333332