0 0.03833333333333333 0.5816666666666667 0.03 0.03333333333333333
0 0.075 0.5366666666666666 0.02666666666666667 0.03
0 0.23833333333333334 0.8833333333333333 0.03 0.03
0 0.28 0.85 0.02666666666666667 0.03
0 0.25166666666666665 0.7066666666666667 0.03 0.023333333333333334
0 0.3233333333333333 0.5683333333333334 0.03 0.02666666666666667
0 0.13666666666666666 0.5633333333333334 0.02 0.02666666666666667
0 0.25166666666666665 0.5833333333333334 0.02666666666666667 0.023333333333333334
0 0.043333333333333335 0.6116666666666667 0.02666666666666667 0.02666666666666667
0 0.09333333333333334 0.6233333333333333 0.03 0.03
0 0.275 0.5533333333333333 0.023333333333333334 0.023333333333333334
0 0.3433333333333333 0.6616666666666666 0.02666666666666667 0.02666666666666667
0 0.19666666666666666 0.665 0.023333333333333334 0.023333333333333334
0 0.33166666666666667 0.8283333333333334 0.03 0.03
0 0.20833333333333334 0.53 0.02666666666666667 0.023333333333333334
0 0.36833333333333335 0.5716666666666667 0.03 0.03
0 0.295 0.5766666666666667 0.023333333333333334 0.023333333333333334
0 0.46166666666666667 0.5233333333333333 0.02666666666666667 0.02666666666666667
0 0.37 0.8083333333333333 0.03333333333333333 0.04
0 0.22833333333333333 0.5583333333333333 0.023333333333333334 0.023333333333333334
0 0.23333333333333334 0.645 0.023333333333333334 0.02
0 0.21166666666666667 0.8633333333333333 0.023333333333333334 0.02666666666666667
0 0.22666666666666666 0.85 0.02666666666666667 0.023333333333333334
0 0.05333333333333334 0.5366666666666666 0.02 0.03
0 0.2 0.7433333333333333 0.02 0.02666666666666667
0 0.36333333333333334 0.6483333333333333 0.023333333333333334 0.02666666666666667
0 0.37 0.6716666666666666 0.02666666666666667 0.023333333333333334
0 0.26 0.64 0.03 0.02666666666666667
0 0.2733333333333333 0.755 0.02666666666666667 0.02
0 0.495 0.74 0.023333333333333334 0.02666666666666667
0 0.4666666666666667 0.6866666666666666 0.02 0.023333333333333334
0 0.5016666666666667 0.5283333333333333 0.02 0.023333333333333334
0 0.47333333333333333 0.5316666666666666 0.02 0.02
0 0.5016666666666667 0.7 0.023333333333333334 0.02
0 0.49666666666666665 0.6333333333333333 0.02 0.02
0 0.4483333333333333 0.9533333333333334 0.02 0.02666666666666667
0 0.24833333333333332 0.85 0.02 0.016666666666666666
0 0.53 0.555 0.03 0.023333333333333334
0 0.59 0.61 0.03 0.02666666666666667
0 0.6083333333333333 0.71 0.03 0.023333333333333334
0 0.58 0.695 0.02666666666666667 0.02
0 0.5633333333333334 0.78 0.03 0.023333333333333334
0 0.6266666666666667 0.77 0.03 0.02666666666666667
0 0.6133333333333333 0.7483333333333333 0.02666666666666667 0.02
0 0.5833333333333334 0.8166666666666667 0.03 0.023333333333333334
0 0.7866666666666666 0.59 0.03333333333333333 0.03
0 0.8533333333333334 0.5633333333333334 0.041666666666666664 0.03833333333333333
0 0.6166666666666667 0.8166666666666667 0.02666666666666667 0.02666666666666667
0 0.5983333333333334 0.6466666666666666 0.023333333333333334 0.023333333333333334
0 0.028333333333333332 0.5616666666666666 0.02666666666666667 0.023333333333333334
0 0.095 0.10666666666666667 0.02 0.023333333333333334
0 0.11666666666666667 0.06166666666666667 0.02 0.02
0 0.13333333333333333 0.03333333333333333 0.02666666666666667 0.023333333333333334
0 0.11833333333333333 0.015 0.02666666666666667 0.02666666666666667
0 0.13833333333333334 0.056666666666666664 0.023333333333333334 0.03
0 0.08333333333333333 0.47333333333333333 0.02666666666666667 0.02
0 0.07333333333333333 0.42333333333333334 0.023333333333333334 0.023333333333333334
0 0.13166666666666665 0.4666666666666667 0.03 0.02666666666666667
0 0.10166666666666667 0.43666666666666665 0.02 0.02666666666666667
0 0.14166666666666666 0.33166666666666667 0.02666666666666667 0.02666666666666667
0 0.16666666666666666 0.36333333333333334 0.03 0.023333333333333334
0 0.195 0.30833333333333335 0.023333333333333334 0.02
0 0.19333333333333333 0.20166666666666666 0.023333333333333334 0.02666666666666667
0 0.3333333333333333 0.10166666666666667 0.023333333333333334 0.02666666666666667
0 0.2683333333333333 0.03666666666666667 0.023333333333333334 0.02666666666666667
0 0.37166666666666665 0.36833333333333335 0.02666666666666667 0.02666666666666667
0 0.375 0.205 0.03 0.023333333333333334
0 0.21166666666666667 0.27666666666666667 0.02666666666666667 0.02
0 0.26 0.43 0.02666666666666667 0.023333333333333334
0 0.18833333333333332 0.435 0.03 0.02666666666666667
0 0.25833333333333336 0.37833333333333335 0.023333333333333334 0.02666666666666667
0 0.27166666666666667 0.39166666666666666 0.03 0.02
0 0.2966666666666667 0.39666666666666667 0.03 0.02
0 0.3333333333333333 0.32166666666666666 0.023333333333333334 0.02666666666666667
0 0.23333333333333334 0.44166666666666665 0.02666666666666667 0.02666666666666667
0 0.3616666666666667 0.13666666666666666 0.023333333333333334 0.023333333333333334
0 0.22 0.29833333333333334 0.023333333333333334 0.023333333333333334
0 0.06166666666666667 0.07833333333333334 0.02666666666666667 0.02666666666666667
0 0.3016666666666667 0.43 0.023333333333333334 0.023333333333333334
0 0.33166666666666667 0.08 0.02666666666666667 0.02666666666666667
0 0.17333333333333334 0.2733333333333333 0.023333333333333334 0.023333333333333334
0 0.115 0.43166666666666664 0.02666666666666667 0.023333333333333334
0 0.19333333333333333 0.3283333333333333 0.023333333333333334 0.023333333333333334
0 0.33666666666666667 0.05333333333333334 0.02666666666666667 0.02666666666666667
0 0.02666666666666667 0.295 0.023333333333333334 0.02666666666666667
0 0.2833333333333333 0.12333333333333334 0.02666666666666667 0.02666666666666667
0 0.295 0.10166666666666667 0.02666666666666667 0.023333333333333334
0 0.30333333333333334 0.4633333333333333 0.023333333333333334 0.023333333333333334
0 0.25166666666666665 0.22666666666666666 0.02666666666666667 0.02666666666666667
0 0.3416666666666667 0.41833333333333333 0.03 0.03
0 0.3283333333333333 0.19666666666666666 0.03 0.02666666666666667
0 0.24333333333333335 0.2633333333333333 0.023333333333333334 0.023333333333333334
0 0.24 0.10333333333333333 0.03 0.03
0 0.26166666666666666 0.021666666666666667 0.023333333333333334 0.023333333333333334
0 0.275 0.20666666666666667 0.02 0.02666666666666667
0 0.27 0.065 0.02666666666666667 0.023333333333333334
0 0.2866666666666667 0.07333333333333333 0.016666666666666666 0.02666666666666667
0 0.29833333333333334 0.07666666666666666 0.02 0.02666666666666667
0 0.36666666666666664 0.16 0.02666666666666667 0.023333333333333334
0 0.345 0.16166666666666665 0.023333333333333334 0.023333333333333334
0 0.22833333333333333 0.21 0.02 0.02666666666666667
0 0.20833333333333334 0.21833333333333332 0.023333333333333334 0.03
0 0.22333333333333333 0.32666666666666666 0.02666666666666667 0.03333333333333333
0 0.30666666666666664 0.20666666666666667 0.02 0.023333333333333334
0 0.19666666666666666 0.2633333333333333 0.023333333333333334 0.02666666666666667
0 0.285 0.24666666666666667 0.023333333333333334 0.02666666666666667
0 0.345 0.21333333333333335 0.02666666666666667 0.023333333333333334
0 0.11166666666666666 0.36333333333333334 0.03 0.02
0 0.09833333333333333 0.03166666666666667 0.023333333333333334 0.023333333333333334
0 0.6466666666666666 0.08166666666666667 0.02 0.02
0 0.6216666666666667 0.058333333333333334 0.02666666666666667 0.023333333333333334
0 0.6133333333333333 0.043333333333333335 0.02666666666666667 0.02
0 0.6716666666666666 0.06166666666666667 0.02666666666666667 0.02
0 0.695 0.11333333333333333 0.023333333333333334 0.02
0 0.705 0.125 0.023333333333333334 0.02
0 0.72 0.07833333333333334 0.03 0.023333333333333334
0 0.7283333333333334 0.05333333333333334 0.02 0.02
0 0.78 0.13166666666666665 0.023333333333333334 0.02666666666666667
0 0.8516666666666667 0.13166666666666665 0.02 0.023333333333333334
0 0.9566666666666667 0.15166666666666667 0.023333333333333334 0.02666666666666667
0 0.9783333333333334 0.15666666666666668 0.03 0.03
0 0.6366666666666667 0.2 0.02 0.02
0 0.6416666666666667 0.21333333333333335 0.02 0.02666666666666667
0 0.6666666666666666 0.20166666666666666 0.02 0.02
0 0.6766666666666666 0.21166666666666667 0.03 0.02666666666666667
0 0.6766666666666666 0.22833333333333333 0.02666666666666667 0.03
0 0.72 0.23333333333333334 0.023333333333333334 0.02666666666666667
0 0.5383333333333333 0.22833333333333333 0.02 0.023333333333333334
0 0.5383333333333333 0.26666666666666666 0.02666666666666667 0.02666666666666667
0 0.6483333333333333 0.2816666666666667 0.02 0.03
0 0.6816666666666666 0.25833333333333336 0.023333333333333334 0.03
0 0.6433333333333333 0.255 0.03 0.03
0 0.6016666666666667 0.24833333333333332 0.03 0.03666666666666667
0 0.6183333333333333 0.24666666666666667 0.023333333333333334 0.02
0 0.6583333333333333 0.30333333333333334 0.03 0.02666666666666667
0 0.6316666666666667 0.32166666666666666 0.02 0.02
0 0.6016666666666667 0.30333333333333334 0.02 0.02
0 0.6616666666666666 0.37333333333333335 0.03 0.02666666666666667
0 0.6166666666666667 0.37 0.02 0.023333333333333334
0 0.5416666666666666 0.44333333333333336 0.03 0.02666666666666667
0 0.5516666666666666 0.4266666666666667 0.02666666666666667 0.023333333333333334
0 0.7383333333333333 0.35 0.02 0.03
0 0.8033333333333333 0.39666666666666667 0.028333333333333332 0.035
0 0.725 0.4166666666666667 0.03 0.03
0 0.8616666666666667 0.435 0.03 0.03333333333333333
0 0.745 0.25333333333333335 0.02666666666666667 0.023333333333333334
0 0.6166666666666667 0.35 0.023333333333333334 0.023333333333333334
0 0.7083333333333334 0.37333333333333335 0.02666666666666667 0.023333333333333334
0 0.5966666666666667 0.485 0.03333333333333333 0.03
0 0.82 0.475 0.02666666666666667 0.03333333333333333
0 0.5716666666666667 0.5016666666666667 0.02666666666666667 0.02666666666666667
0 0.025 0.13333333333333333 0.03 0.02
0 0.07333333333333333 0.5133333333333333 0.023333333333333334 0.02
0 0.16666666666666666 0.5033333333333333 0.023333333333333334 0.02666666666666667
0 0.30333333333333334 0.5116666666666667 0.03 0.03
0 0.32666666666666666 0.5183333333333333 0.03 0.03
0 0.47 0.47333333333333333 0.03 0.03
0 0.013333333333333334 0.5266666666666666 0.02666666666666667 0.02666666666666667
0 0.07333333333333333 0.515 0.023333333333333334 0.023333333333333334
0 0.03166666666666667 0.49 0.023333333333333334 0.023333333333333334
0 0.21833333333333332 0.5083333333333333 0.02666666666666667 0.023333333333333334
0 0.13833333333333334 0.5 0.02666666666666667 0.03
0 0.013333333333333334 0.33666666666666667 0.02666666666666667 0.02666666666666667
0 0.48833333333333334 0.5116666666666667 0.016666666666666666 0.02
0 0.48333333333333334 0.49833333333333335 0.02 0.02
0 0.5033333333333333 0.5116666666666667 0.02 0.016666666666666666
0 0.14833333333333334 0.08333333333333333 0.02666666666666667 0.025
0 0.125 0.12666666666666668 0.025 0.025