0 0.41333333333333333 0.43166666666666664 0.03 0.02666666666666667
0 0.2783333333333333 0.37166666666666665 0.02666666666666667 0.02666666666666667
0 0.20333333333333334 0.4766666666666667 0.03 0.03166666666666667
0 0.305 0.44166666666666665 0.03 0.02666666666666667
0 0.36833333333333335 0.6033333333333334 0.03 0.02666666666666667
0 0.35833333333333334 0.6883333333333334 0.023333333333333334 0.023333333333333334
0 0.48333333333333334 0.8966666666666666 0.03333333333333333 0.03
0 0.41833333333333333 0.5416666666666666 0.02666666666666667 0.03
0 0.3983333333333333 0.52 0.023333333333333334 0.02
0 0.48333333333333334 0.6133333333333333 0.03 0.03
0 0.49 0.6666666666666666 0.02666666666666667 0.02
0 0.295 0.6766666666666666 0.02 0.02
0 0.31166666666666665 0.6766666666666666 0.023333333333333334 0.02
0 0.49166666666666664 0.8533333333333334 0.02 0.02
0 0.265 0.975 0.03 0.02
0 0.4533333333333333 0.9416666666666667 0.02666666666666667 0.02666666666666667
0 0.3283333333333333 0.8766666666666667 0.03 0.03
0 0.3016666666666667 0.9033333333333333 0.02666666666666667 0.02666666666666667
0 0.48333333333333334 0.7883333333333333 0.02666666666666667 0.02666666666666667
0 0.215 0.9716666666666667 0.023333333333333334 0.023333333333333334
0 0.5083333333333333 0.8716666666666667 0.023333333333333334 0.023333333333333334
0 0.9766666666666667 0.26666666666666666 0.03 0.02666666666666667
0 0.6083333333333333 0.5616666666666666 0.03 0.023333333333333334
0 0.5666666666666667 0.6383333333333333 0.03 0.03
0 0.725 0.7366666666666667 0.023333333333333334 0.03
0 0.5983333333333334 0.6983333333333334 0.023333333333333334 0.03
0 0.555 0.8766666666666667 0.023333333333333334 0.023333333333333334
0 0.5816666666666667 0.9316666666666666 0.02666666666666667 0.03
0 0.7783333333333333 0.9583333333333334 0.023333333333333334 0.02666666666666667
0 0.76 0.8766666666666667 0.03 0.03
0 0.5583333333333333 0.8033333333333333 0.023333333333333334 0.023333333333333334
0 0.8466666666666667 0.93 0.03 0.03
0 0.6566666666666666 0.7133333333333334 0.02666666666666667 0.02666666666666667
0 0.6 0.6683333333333333 0.02666666666666667 0.023333333333333334
0 0.5633333333333334 0.8566666666666667 0.02666666666666667 0.023333333333333334
0 0.705 0.6983333333333334 0.023333333333333334 0.023333333333333334
0 0.7016666666666667 0.8716666666666667 0.02666666666666667 0.023333333333333334
0 0.6416666666666667 0.755 0.02666666666666667 0.023333333333333334
0 0.53 0.49166666666666664 0.03166666666666667 0.03
0 0.7333333333333333 0.7033333333333334 0.025 0.03
0 0.6 0.84 0.02666666666666667 0.023333333333333334
0 0.715 0.9066666666666666 0.028333333333333332 0.023333333333333334