0 0.365 0.33 0.02 0.02666666666666667
0 0.2816666666666667 0.36 0.02 0.02
0 0.375 0.8983333333333333 0.023333333333333334 0.023333333333333334
0 0.33166666666666667 0.8466666666666667 0.02666666666666667 0.023333333333333334
0 0.7166666666666667 0.5633333333333334 0.023333333333333334 0.02666666666666667
0 0.7416666666666667 0.545 0.021666666666666667 0.021666666666666667
0 0.9333333333333333 0.7733333333333333 0.02 0.023333333333333334
0 0.9566666666666667 0.79 0.023333333333333334 0.023333333333333334
0 0.7683333333333333 0.5716666666666667 0.02 0.023333333333333334
0 0.8033333333333333 0.52 0.021666666666666667 0.025
0 0.8333333333333334 0.495 0.028333333333333332 0.025