0 0.8766666666666667 0.375 0.023333333333333334 0.02666666666666667
0 0.6833333333333333 0.97 0.02666666666666667 0.02
0 0.6983333333333334 0.2783333333333333 0.02666666666666667 0.023333333333333334
0 0.765 0.055 0.02666666666666667 0.02666666666666667
0 0.55 0.8416666666666667 0.02666666666666667 0.023333333333333334
0 0.8466666666666667 0.7966666666666666 0.02 0.023333333333333334
0 0.6283333333333333 0.5766666666666667 0.02 0.023333333333333334
0 0.6416666666666667 0.5166666666666667 0.02 0.02
0 0.525 0.825 0.016666666666666666 0.023333333333333334
0 0.7183333333333334 0.17166666666666666 0.02 0.023333333333333334
0 0.8033333333333333 0.14166666666666666 0.023333333333333334 0.02
0 0.6883333333333334 0.93 0.023333333333333334 0.023333333333333334
0 0.9716666666666667 0.6933333333333334 0.023333333333333334 0.023333333333333334
0 0.7366666666666667 0.18166666666666667 0.023333333333333334 0.023333333333333334
0 0.8716666666666667 0.45166666666666666 0.023333333333333334 0.02666666666666667
0 0.8516666666666667 0.825 0.02 0.023333333333333334
0 0.6866666666666666 0.056666666666666664 0.02 0.023333333333333334
0 0.5866666666666667 0.6016666666666667 0.023333333333333334 0.023333333333333334
0 0.8633333333333333 0.04666666666666667 0.023333333333333334 0.02666666666666667
0 0.435 0.34833333333333333 0.023333333333333334 0.02666666666666667
0 0.41833333333333333 0.055 0.023333333333333334 0.023333333333333334
0 0.24 0.31333333333333335 0.02 0.02
0 0.4266666666666667 0.8283333333333334 0.023333333333333334 0.02666666666666667
0 0.35833333333333334 0.7183333333333334 0.023333333333333334 0.023333333333333334
0 0.3416666666666667 0.8233333333333334 0.02 0.02
0 0.43333333333333335 0.7933333333333333 0.02666666666666667 0.023333333333333334
0 0.7566666666666667 0.8533333333333334 0.03 0.021666666666666667