0 0.5766666666666667 0.3566666666666667 0.02 0.023333333333333334
0 0.6533333333333333 0.325 0.03 0.02
0 0.6466666666666666 0.305 0.023333333333333334 0.023333333333333334
0 0.6866666666666666 0.285 0.023333333333333334 0.02
0 0.7166666666666667 0.2683333333333333 0.03 0.03
0 0.7016666666666667 0.7116666666666667 0.03 0.02666666666666667
0 0.965 0.9066666666666666 0.02 0.023333333333333334
0 0.815 0.6666666666666666 0.02666666666666667 0.03
0 0.7983333333333333 0.7016666666666667 0.02666666666666667 0.02666666666666667
0 0.5816666666666667 0.6566666666666666 0.03 0.03
0 0.84 0.9016666666666666 0.02 0.023333333333333334
0 0.75 0.7016666666666667 0.023333333333333334 0.02666666666666667
0 0.30833333333333335 0.615 0.02666666666666667 0.02666666666666667
0 0.3616666666666667 0.5616666666666666 0.03 0.03
0 0.37333333333333335 0.6616666666666666 0.02666666666666667 0.023333333333333334
0 0.32166666666666666 0.69 0.03 0.02666666666666667
0 0.02666666666666667 0.7183333333333334 0.03 0.03333333333333333
0 0.32666666666666666 0.6416666666666667 0.02 0.023333333333333334
0 0.345 0.6566666666666666 0.02 0.03
0 0.46 0.6033333333333334 0.02 0.023333333333333334
0 0.16666666666666666 0.715 0.02666666666666667 0.02666666666666667
0 0.35333333333333333 0.6166666666666667 0.023333333333333334 0.023333333333333334
0 0.4 0.685 0.03 0.03
0 0.37166666666666665 0.5266666666666666 0.023333333333333334 0.023333333333333334
0 0.13166666666666665 0.51 0.021666666666666667 0.02666666666666667
0 0.575 0.615 0.03 0.02666666666666667