0 0.2633333333333333 0.6616666666666666 0.03166666666666667 0.03166666666666667
0 0.29 0.7666666666666667 0.03 0.03
0 0.6616666666666666 0.7633333333333333 0.03 0.02666666666666667
0 0.64 0.9083333333333333 0.02 0.023333333333333334
0 0.6783333333333333 0.54 0.023333333333333334 0.02
0 0.5583333333333333 0.13166666666666665 0.02 0.02666666666666667
0 0.625 0.36333333333333334 0.02666666666666667 0.03
0 0.6783333333333333 0.07166666666666667 0.03 0.03
0 0.6116666666666667 0.3883333333333333 0.03 0.03
0 0.625 0.4116666666666667 0.03 0.03
0 0.8333333333333334 0.38166666666666665 0.023333333333333334 0.02666666666666667
0 0.7583333333333333 0.3566666666666667 0.02666666666666667 0.02666666666666667
0 0.78 0.32166666666666666 0.023333333333333334 0.023333333333333334
0 0.6183333333333333 0.18666666666666668 0.023333333333333334 0.023333333333333334
0 0.40166666666666667 0.3016666666666667 0.023333333333333334 0.02666666666666667
0 0.22166666666666668 0.27166666666666667 0.023333333333333334 0.023333333333333334
0 0.25 0.36 0.02666666666666667 0.023333333333333334
0 0.4716666666666667 0.19666666666666666 0.02666666666666667 0.023333333333333334
0 0.27166666666666667 0.31166666666666665 0.023333333333333334 0.023333333333333334
0 0.285 0.255 0.023333333333333334 0.023333333333333334
0 0.505 0.29333333333333333 0.023333333333333334 0.025