0 0.21 0.5566666666666666 0.03833333333333333 0.03
0 0.19833333333333333 0.605 0.023333333333333334 0.023333333333333334
0 0.16666666666666666 0.61 0.03 0.023333333333333334
0 0.315 0.6783333333333333 0.03666666666666667 0.03
0 0.24666666666666667 0.7466666666666667 0.023333333333333334 0.02666666666666667
0 0.20333333333333334 0.7683333333333333 0.023333333333333334 0.02
0 0.25833333333333336 0.77 0.023333333333333334 0.023333333333333334
0 0.35 0.7683333333333333 0.02666666666666667 0.02666666666666667
0 0.13666666666666666 0.6283333333333333 0.02666666666666667 0.02666666666666667
0 0.7516666666666667 0.46166666666666667 0.03 0.03
0 0.345 0.705 0.03666666666666667 0.035
0 0.16833333333333333 0.65 0.03333333333333333 0.03666666666666667