0 0.32 0.3616666666666667 0.02666666666666667 0.02
0 0.21666666666666667 0.33 0.03166666666666667 0.028333333333333332
0 0.23666666666666666 0.20166666666666666 0.02666666666666667 0.023333333333333334
0 0.27 0.255 0.023333333333333334 0.023333333333333334
0 0.425 0.4166666666666667 0.023333333333333334 0.023333333333333334
0 0.43833333333333335 0.4666666666666667 0.023333333333333334 0.023333333333333334
0 0.865 0.43833333333333335 0.02666666666666667 0.03
0 0.6833333333333333 0.24833333333333332 0.02666666666666667 0.02666666666666667
0 0.8316666666666667 0.20666666666666667 0.023333333333333334 0.023333333333333334
0 0.68 0.48 0.025 0.025
0 0.66 0.2733333333333333 0.03 0.02666666666666667
0 0.7 0.39166666666666666 0.02 0.023333333333333334
0 0.6833333333333333 0.32666666666666666 0.03 0.023333333333333334
0 0.9816666666666667 0.3283333333333333 0.02666666666666667 0.02666666666666667
0 0.96 0.31666666666666665 0.02666666666666667 0.02666666666666667
0 0.4066666666666667 0.565 0.02666666666666667 0.02666666666666667
0 0.36666666666666664 0.6233333333333333 0.02666666666666667 0.02666666666666667
0 0.6716666666666666 0.5133333333333333 0.03 0.02
0 0.43833333333333335 0.5033333333333333 0.023333333333333334 0.023333333333333334
0 0.9433333333333334 0.11 0.028333333333333332 0.025
0 0.8566666666666667 0.265 0.023333333333333334 0.025
0 0.73 0.3333333333333333 0.023333333333333334 0.023333333333333334
0 0.13666666666666666 0.915 0.03 0.025