0 0.09666666666666666 0.235 0.03 0.03
0 0.125 0.25166666666666665 0.021666666666666667 0.03
0 0.14833333333333334 0.25666666666666665 0.02 0.03
0 0.14166666666666666 0.3 0.02666666666666667 0.02666666666666667
0 0.07 0.31666666666666665 0.02666666666666667 0.028333333333333332
0 0.4033333333333333 0.3616666666666667 0.02666666666666667 0.02666666666666667
0 0.06166666666666667 0.36666666666666664 0.02666666666666667 0.03
0 0.20333333333333334 0.37 0.03333333333333333 0.03166666666666667
0 0.11333333333333333 0.375 0.028333333333333332 0.02666666666666667
0 0.04833333333333333 0.42333333333333334 0.02666666666666667 0.02666666666666667
0 0.04666666666666667 0.49 0.02666666666666667 0.02666666666666667
0 0.22 0.4633333333333333 0.023333333333333334 0.03
0 0.41333333333333333 0.3883333333333333 0.02666666666666667 0.03
0 0.26 0.365 0.03 0.03
0 0.45 0.185 0.028333333333333332 0.028333333333333332
0 0.42333333333333334 0.21833333333333332 0.02666666666666667 0.023333333333333334
0 0.44166666666666665 0.39666666666666667 0.03 0.028333333333333332
0 0.9183333333333333 0.18166666666666667 0.028333333333333332 0.02666666666666667
0 0.9183333333333333 0.225 0.02666666666666667 0.03
0 0.9333333333333333 0.27666666666666667 0.023333333333333334 0.02666666666666667
0 0.6016666666666667 0.44166666666666665 0.03333333333333333 0.03
0 0.6833333333333333 0.45166666666666666 0.02666666666666667 0.03
0 0.825 0.31666666666666665 0.02666666666666667 0.03
0 0.96 0.31666666666666665 0.02666666666666667 0.02666666666666667
0 0.5766666666666667 0.3283333333333333 0.023333333333333334 0.02666666666666667
0 0.6216666666666667 0.49833333333333335 0.023333333333333334 0.02666666666666667