0 0.5633333333333334 0.8266666666666667 0.03 0.03
0 0.8066666666666666 0.7266666666666667 0.02666666666666667 0.03
0 0.9633333333333334 0.55 0.02666666666666667 0.023333333333333334
0 0.9383333333333334 0.5166666666666667 0.03 0.02666666666666667
0 0.11166666666666666 0.35833333333333334 0.023333333333333334 0.03
0 0.07833333333333334 0.38666666666666666 0.03 0.03
0 0.008333333333333333 0.37666666666666665 0.016666666666666666 0.023333333333333334
0 0.016666666666666666 0.31833333333333336 0.02 0.023333333333333334
0 0.09833333333333333 0.4483333333333333 0.03 0.02666666666666667
0 0.10666666666666667 0.49166666666666664 0.02666666666666667 0.02666666666666667
0 0.15333333333333332 0.7183333333333334 0.02 0.023333333333333334
0 0.27 0.7816666666666666 0.03 0.03
0 0.19666666666666666 0.74 0.023333333333333334 0.02666666666666667
0 0.29 0.5616666666666666 0.03 0.02666666666666667
0 0.42 0.6283333333333333 0.03 0.03
0 0.22666666666666666 0.9483333333333334 0.02666666666666667 0.02666666666666667
0 0.1 0.5166666666666667 0.02666666666666667 0.02666666666666667
0 0.9316666666666666 0.37666666666666665 0.02666666666666667 0.023333333333333334
0 0.92 0.4033333333333333 0.028333333333333332 0.03
0 0.9366666666666666 0.34833333333333333 0.03 0.02666666666666667
0 0.056666666666666664 0.5066666666666667 0.028333333333333332 0.02666666666666667
0 0.47 0.645 0.03166666666666667 0.03
0 0.49 0.7583333333333333 0.025 0.02666666666666667
0 0.3 0.8966666666666666 0.03 0.03
0 0.11166666666666666 0.9716666666666667 0.025 0.025