0 0.14166666666666666 0.05 0.02666666666666667 0.028333333333333332
0 0.9433333333333334 0.085 0.02 0.02666666666666667
0 0.7583333333333333 0.725 0.02 0.023333333333333334
0 0.7316666666666667 0.6916666666666667 0.023333333333333334 0.03
0 0.7216666666666667 0.71 0.021666666666666667 0.025
0 0.5316666666666666 0.94 0.02666666666666667 0.023333333333333334
0 0.77 0.6833333333333333 0.023333333333333334 0.023333333333333334
0 0.018333333333333333 0.4866666666666667 0.023333333333333334 0.02
0 0.9366666666666666 0.7516666666666667 0.02666666666666667 0.02666666666666667
0 0.9683333333333334 0.865 0.02666666666666667 0.02666666666666667
0 0.805 0.625 0.02666666666666667 0.023333333333333334
0 0.9533333333333334 0.815 0.025 0.03
0 0.9866666666666667 0.8116666666666666 0.023333333333333334 0.02
0 0.9733333333333334 0.4683333333333333 0.028333333333333332 0.025