0 0.09333333333333334 0.7416666666666667 0.03 0.02666666666666667
0 0.26166666666666666 0.8 0.02666666666666667 0.02
0 0.11666666666666667 0.7233333333333334 0.03 0.023333333333333334
0 0.7866666666666666 0.5983333333333334 0.02666666666666667 0.02666666666666667
0 0.7866666666666666 0.6783333333333333 0.023333333333333334 0.02666666666666667
0 0.835 0.6666666666666666 0.02666666666666667 0.03
0 0.845 0.8433333333333334 0.023333333333333334 0.03
0 0.7833333333333333 0.975 0.02666666666666667 0.02666666666666667
0 0.9016666666666666 0.7116666666666667 0.02666666666666667 0.02
0 0.7583333333333333 0.7833333333333333 0.023333333333333334 0.023333333333333334
0 0.8183333333333334 0.7033333333333334 0.02 0.02
0 0.7416666666666667 0.6616666666666666 0.02666666666666667 0.023333333333333334
0 0.98 0.625 0.023333333333333334 0.023333333333333334
0 0.4033333333333333 0.6433333333333333 0.02666666666666667 0.02
0 0.8483333333333334 0.7883333333333333 0.03 0.03
0 0.13 0.9283333333333333 0.025 0.023333333333333334
0 0.7916666666666666 0.9333333333333333 0.03 0.03
0 0.9083333333333333 0.7516666666666667 0.023333333333333334 0.023333333333333334
0 0.86 0.7433333333333333 0.02666666666666667 0.02666666666666667
0 0.17833333333333334 0.6733333333333333 0.023333333333333334 0.023333333333333334
0 0.7916666666666666 0.5333333333333333 0.02666666666666667 0.02666666666666667
0 0.17166666666666666 0.6316666666666667 0.023333333333333334 0.02
0 0.8433333333333334 0.7233333333333334 0.02666666666666667 0.023333333333333334
0 0.2 0.8283333333333334 0.03 0.02666666666666667
0 0.7516666666666667 0.9816666666666667 0.02666666666666667 0.02666666666666667
0 0.06166666666666667 0.9833333333333333 0.02666666666666667 0.023333333333333334
0 0.8833333333333333 0.6 0.02666666666666667 0.023333333333333334
0 0.3233333333333333 0.7233333333333334 0.02666666666666667 0.02666666666666667
0 0.7533333333333333 0.875 0.023333333333333334 0.023333333333333334
0 0.835 0.7616666666666667 0.02666666666666667 0.02666666666666667
0 0.7833333333333333 0.6416666666666667 0.023333333333333334 0.023333333333333334
0 0.85 0.5633333333333334 0.03 0.03
0 0.8866666666666667 0.9566666666666667 0.023333333333333334 0.023333333333333334
0 0.8916666666666667 0.6883333333333334 0.023333333333333334 0.02666666666666667
0 0.1 0.7633333333333333 0.023333333333333334 0.023333333333333334
0 0.30833333333333335 0.6733333333333333 0.023333333333333334 0.023333333333333334
0 0.86 0.6583333333333333 0.02666666666666667 0.02666666666666667
0 0.8216666666666667 0.925 0.023333333333333334 0.023333333333333334
0 0.30333333333333334 0.7516666666666667 0.02666666666666667 0.023333333333333334
0 0.11833333333333333 0.765 0.02 0.02666666666666667
0 0.8433333333333334 0.885 0.023333333333333334 0.023333333333333334
0 0.8216666666666667 0.016666666666666666 0.03 0.02666666666666667
0 0.7833333333333333 0.16666666666666666 0.02666666666666667 0.023333333333333334
0 0.8183333333333334 0.15166666666666667 0.03 0.02666666666666667
0 0.85 0.028333333333333332 0.02666666666666667 0.02666666666666667
0 0.6416666666666667 0.32166666666666666 0.02666666666666667 0.02666666666666667
0 0.7216666666666667 0.4583333333333333 0.02666666666666667 0.02666666666666667
0 0.93 0.12666666666666668 0.03 0.023333333333333334
0 0.5716666666666667 0.29333333333333333 0.03 0.02666666666666667
0 0.6083333333333333 0.2683333333333333 0.02666666666666667 0.023333333333333334
0 0.7516666666666667 0.22833333333333333 0.02666666666666667 0.02666666666666667
0 0.795 0.10333333333333333 0.02666666666666667 0.02666666666666667
0 0.6816666666666666 0.15666666666666668 0.03333333333333333 0.03
0 0.9733333333333334 0.045 0.03 0.023333333333333334
0 0.7633333333333333 0.4033333333333333 0.023333333333333334 0.02
0 0.8083333333333333 0.48333333333333334 0.02666666666666667 0.023333333333333334
0 0.9266666666666666 0.18666666666666668 0.02 0.02666666666666667
0 0.8083333333333333 0.21166666666666667 0.02666666666666667 0.023333333333333334
0 0.675 0.38666666666666666 0.02666666666666667 0.02666666666666667
0 0.7866666666666666 0.4716666666666667 0.02666666666666667 0.02666666666666667
0 0.8233333333333334 0.45166666666666666 0.03 0.03
0 0.9783333333333334 0.37666666666666665 0.03 0.03
0 0.9633333333333334 0.21 0.02666666666666667 0.023333333333333334
0 0.7733333333333333 0.24833333333333332 0.03 0.03
0 0.9483333333333334 0.22666666666666666 0.02 0.02666666666666667