0 0.41833333333333333 0.8716666666666667 0.03 0.03
0 0.4066666666666667 0.8016666666666666 0.03 0.02
0 0.5833333333333334 0.7816666666666666 0.03 0.02
0 0.59 0.725 0.03333333333333333 0.03166666666666667
0 0.6416666666666667 0.7216666666666667 0.03166666666666667 0.025
0 0.79 0.7183333333333334 0.03 0.02666666666666667
0 0.6366666666666667 0.845 0.023333333333333334 0.03166666666666667
0 0.7233333333333334 0.5666666666666667 0.02666666666666667 0.02666666666666667
0 0.6733333333333333 0.6133333333333333 0.03 0.02666666666666667
0 0.8683333333333333 0.5416666666666666 0.03166666666666667 0.03
0 0.7733333333333333 0.5583333333333333 0.03 0.03
0 0.86 0.6116666666666667 0.02666666666666667 0.03
0 0.905 0.6533333333333333 0.02666666666666667 0.02666666666666667
0 0.6466666666666666 0.745 0.023333333333333334 0.023333333333333334
0 0.7683333333333333 0.605 0.03666666666666667 0.03166666666666667
0 0.6616666666666666 0.7666666666666667 0.03 0.03
0 0.4633333333333333 0.87 0.03 0.03
0 0.375 0.9633333333333334 0.02666666666666667 0.02666666666666667
0 0.75 0.7833333333333333 0.023333333333333334 0.023333333333333334
0 0.41333333333333333 0.775 0.03 0.02666666666666667
0 0.605 0.2866666666666667 0.02666666666666667 0.02666666666666667
0 0.845 0.4633333333333333 0.023333333333333334 0.03
0 0.8666666666666667 0.395 0.03 0.03
0 0.9316666666666666 0.325 0.02666666666666667 0.03
0 0.975 0.4666666666666667 0.02666666666666667 0.02666666666666667
0 0.465 0.30333333333333334 0.02666666666666667 0.023333333333333334
0 0.44666666666666666 0.32166666666666666 0.023333333333333334 0.023333333333333334
0 0.43333333333333335 0.4583333333333333 0.02666666666666667 0.03
0 0.485 0.25 0.03 0.03
0 0.5266666666666666 0.44333333333333336 0.03333333333333333 0.03
0 0.48833333333333334 0.29333333333333333 0.03 0.02666666666666667
0 0.8483333333333334 0.5033333333333333 0.03 0.023333333333333334
0 0.875 0.49 0.03333333333333333 0.03
0 0.39 0.835 0.03166666666666667 0.03166666666666667
0 0.42333333333333334 0.21666666666666667 0.03 0.02666666666666667