0 0.3016666666666667 0.16833333333333333 0.02666666666666667 0.03
0 0.21833333333333332 0.24333333333333335 0.03 0.04
0 0.245 0.45166666666666666 0.023333333333333334 0.023333333333333334
0 0.2633333333333333 0.013333333333333334 0.03 0.02666666666666667
0 0.18833333333333332 0.013333333333333334 0.02666666666666667 0.023333333333333334
0 0.23166666666666666 0.013333333333333334 0.02666666666666667 0.02666666666666667
0 0.47833333333333333 0.27166666666666667 0.02666666666666667 0.02666666666666667
0 0.03833333333333333 0.4533333333333333 0.03 0.02666666666666667
0 0.2683333333333333 0.22833333333333333 0.02666666666666667 0.023333333333333334
0 0.5666666666666667 0.26666666666666666 0.03666666666666667 0.03
0 0.555 0.23 0.03 0.03
0 0.5316666666666666 0.26666666666666666 0.03 0.03
0 0.305 0.9216666666666666 0.02 0.023333333333333334
0 0.31166666666666665 0.8083333333333333 0.023333333333333334 0.02
0 0.16166666666666665 0.5033333333333333 0.02666666666666667 0.03166666666666667
0 0.17333333333333334 0.4816666666666667 0.025 0.02666666666666667
0 0.24666666666666667 0.5483333333333333 0.03 0.02666666666666667
0 0.245 0.525 0.03333333333333333 0.02