0 0.15 0.3416666666666667 0.023333333333333334 0.023333333333333334
0 0.14333333333333334 0.24333333333333335 0.023333333333333334 0.02
0 0.33666666666666667 0.155 0.02 0.02666666666666667
0 0.35333333333333333 0.15833333333333333 0.02 0.023333333333333334
0 0.25666666666666665 0.155 0.02666666666666667 0.02
0 0.19166666666666668 0.25833333333333336 0.02666666666666667 0.02666666666666667
0 0.24333333333333335 0.10666666666666667 0.023333333333333334 0.02
0 0.27166666666666667 0.12666666666666668 0.02666666666666667 0.023333333333333334
0 0.11666666666666667 0.17666666666666667 0.023333333333333334 0.023333333333333334
0 0.22666666666666666 0.19666666666666666 0.02666666666666667 0.02666666666666667
0 0.23666666666666666 0.20333333333333334 0.02 0.02666666666666667
0 0.18333333333333332 0.8433333333333334 0.02 0.02
0 0.16666666666666666 0.7533333333333333 0.023333333333333334 0.02
0 0.16 0.7333333333333333 0.023333333333333334 0.02666666666666667
0 0.17833333333333334 0.875 0.023333333333333334 0.02
0 0.505 0.8583333333333333 0.03 0.03
0 0.9233333333333333 0.15333333333333332 0.023333333333333334 0.023333333333333334
0 0.9316666666666666 0.215 0.023333333333333334 0.023333333333333334
0 0.9716666666666667 0.15666666666666668 0.03 0.03
0 0.9783333333333334 0.37333333333333335 0.02666666666666667 0.02666666666666667
0 0.5666666666666667 0.37166666666666665 0.03 0.03
0 0.9766666666666667 0.4633333333333333 0.02666666666666667 0.02
0 0.7666666666666667 0.7966666666666666 0.02666666666666667 0.02
0 0.8633333333333333 0.6883333333333334 0.02666666666666667 0.03
0 0.85 0.7116666666666667 0.03 0.02666666666666667
0 0.9716666666666667 0.6866666666666666 0.03 0.02666666666666667
0 0.9483333333333334 0.7066666666666667 0.02666666666666667 0.03
0 0.7366666666666667 0.8233333333333334 0.03 0.02666666666666667
0 0.7183333333333334 0.6333333333333333 0.023333333333333334 0.023333333333333334
0 0.8916666666666667 0.9666666666666667 0.023333333333333334 0.023333333333333334
0 0.8183333333333334 0.73 0.02666666666666667 0.023333333333333334
0 0.9666666666666667 0.77 0.023333333333333334 0.023333333333333334
0 0.8833333333333333 0.6333333333333333 0.023333333333333334 0.023333333333333334
0 0.9383333333333334 0.505 0.02666666666666667 0.023333333333333334
0 0.985 0.6366666666666667 0.03 0.02666666666666667