0 0.6733333333333333 0.41333333333333333 0.028333333333333332 0.021666666666666667
0 0.6816666666666666 0.21166666666666667 0.02666666666666667 0.023333333333333334
0 0.5216666666666666 0.3016666666666667 0.02666666666666667 0.025
0 0.545 0.14833333333333334 0.02666666666666667 0.025
0 0.5783333333333334 0.08166666666666667 0.028333333333333332 0.023333333333333334
0 0.58 0.2733333333333333 0.023333333333333334 0.025
0 0.65 0.2816666666666667 0.02666666666666667 0.02666666666666667
0 0.5566666666666666 0.075 0.023333333333333334 0.018333333333333333
0 0.26666666666666666 0.5783333333333334 0.02666666666666667 0.02666666666666667
0 0.5916666666666667 0.8533333333333334 0.02666666666666667 0.023333333333333334
0 0.825 0.965 0.02 0.02
0 0.6733333333333333 0.7166666666666667 0.02666666666666667 0.023333333333333334
0 0.7533333333333333 0.9766666666666667 0.02 0.02
0 0.555 0.27666666666666667 0.02666666666666667 0.03333333333333333
0 0.4033333333333333 0.66 0.023333333333333334 0.025