0 0.7933333333333333 0.45666666666666667 0.02666666666666667 0.02666666666666667
0 0.7933333333333333 0.435 0.02 0.016666666666666666
0 0.9616666666666667 0.365 0.03 0.02
0 0.9283333333333333 0.37333333333333335 0.02666666666666667 0.023333333333333334
0 0.06333333333333334 0.4716666666666667 0.02666666666666667 0.02
0 0.028333333333333332 0.08166666666666667 0.03 0.03
0 0.9033333333333333 0.805 0.023333333333333334 0.023333333333333334
0 0.9283333333333333 0.815 0.023333333333333334 0.023333333333333334
0 0.8883333333333333 0.8533333333333334 0.02 0.02
0 0.5733333333333334 0.8633333333333333 0.03 0.03
0 0.9616666666666667 0.8933333333333333 0.02666666666666667 0.02666666666666667
0 0.7083333333333334 0.6816666666666666 0.02666666666666667 0.02666666666666667
0 0.955 0.805 0.02 0.02
0 0.8966666666666666 0.835 0.02 0.02
0 0.9333333333333333 0.8966666666666666 0.023333333333333334 0.02
0 0.91 0.8616666666666667 0.02 0.023333333333333334
0 0.9283333333333333 0.8583333333333333 0.023333333333333334 0.02
0 0.6083333333333333 0.9666666666666667 0.02 0.023333333333333334
0 0.6266666666666667 0.9683333333333334 0.023333333333333334 0.023333333333333334
0 0.7083333333333334 0.535 0.02666666666666667 0.03
0 0.6183333333333333 0.9283333333333333 0.03 0.02666666666666667
0 0.01 0.11166666666666666 0.02 0.02
0 0.5333333333333333 0.965 0.02 0.023333333333333334