0 0.865 0.6483333333333333 0.02666666666666667 0.02
0 0.8533333333333334 0.62 0.023333333333333334 0.02
0 0.9466666666666667 0.44166666666666665 0.023333333333333334 0.023333333333333334
0 0.94 0.8183333333333334 0.02666666666666667 0.023333333333333334
0 0.89 0.68 0.02 0.023333333333333334
0 0.8333333333333334 0.5633333333333334 0.03 0.03
0 0.7533333333333333 0.6383333333333333 0.023333333333333334 0.023333333333333334
0 0.57 0.8183333333333334 0.03666666666666667 0.03
0 0.6666666666666666 0.16 0.023333333333333334 0.023333333333333334
0 0.7733333333333333 0.056666666666666664 0.02666666666666667 0.02666666666666667
0 0.875 0.14166666666666666 0.03 0.03
0 0.27166666666666667 0.5066666666666667 0.023333333333333334 0.02
0 0.2683333333333333 0.5266666666666666 0.02 0.02
0 0.25666666666666665 0.5383333333333333 0.023333333333333334 0.02
0 0.23833333333333334 0.405 0.03 0.02
0 0.255 0.39666666666666667 0.02 0.02666666666666667
0 0.07666666666666666 0.4716666666666667 0.028333333333333332 0.028333333333333332
0 0.15333333333333332 0.38166666666666665 0.02 0.02
0 0.3983333333333333 0.425 0.03666666666666667 0.028333333333333332
0 0.26666666666666666 0.41833333333333333 0.023333333333333334 0.02666666666666667
0 0.31166666666666665 0.5133333333333333 0.02 0.02
0 0.21333333333333335 0.12666666666666668 0.02666666666666667 0.02
0 0.4116666666666667 0.055 0.03 0.023333333333333334
0 0.09833333333333333 0.058333333333333334 0.023333333333333334 0.016666666666666666
0 0.3983333333333333 0.9233333333333333 0.03666666666666667 0.03
0 0.495 0.48833333333333334 0.03 0.03
0 0.44 0.22333333333333333 0.023333333333333334 0.023333333333333334
0 0.475 0.33166666666666667 0.023333333333333334 0.02666666666666667
0 0.35833333333333334 0.9283333333333333 0.02666666666666667 0.02666666666666667
0 0.058333333333333334 0.9316666666666666 0.023333333333333334 0.023333333333333334
0 0.36666666666666664 0.13666666666666666 0.02666666666666667 0.02666666666666667
0 0.22333333333333333 0.051666666666666666 0.03 0.02666666666666667
0 0.20833333333333334 0.04 0.03 0.02666666666666667
0 0.49 0.08833333333333333 0.03 0.03
0 0.10166666666666667 0.03333333333333333 0.02666666666666667 0.023333333333333334
0 0.195 0.94 0.023333333333333334 0.023333333333333334
0 0.77 0.6783333333333333 0.023333333333333334 0.02666666666666667
0 0.015 0.46166666666666667 0.03 0.023333333333333334