0 0.14333333333333334 0.6183333333333333 0.03333333333333333 0.03
0 0.07333333333333333 0.4266666666666667 0.02666666666666667 0.03
0 0.12166666666666667 0.445 0.02666666666666667 0.023333333333333334
0 0.1 0.30666666666666664 0.023333333333333334 0.02666666666666667
0 0.475 0.28833333333333333 0.023333333333333334 0.023333333333333334
0 0.041666666666666664 0.42333333333333334 0.02 0.03
0 0.018333333333333333 0.43 0.03 0.02666666666666667
0 0.13833333333333334 0.55 0.03 0.02666666666666667
0 0.42833333333333334 0.18666666666666668 0.02666666666666667 0.03333333333333333
0 0.12666666666666668 0.7833333333333333 0.02666666666666667 0.02
0 0.18333333333333332 0.8033333333333333 0.03 0.023333333333333334
0 0.19333333333333333 0.86 0.023333333333333334 0.02666666666666667
0 0.8083333333333333 0.205 0.03 0.02666666666666667
0 0.8033333333333333 0.12666666666666668 0.02 0.02666666666666667
0 0.7666666666666667 0.12666666666666668 0.03 0.023333333333333334
0 0.8033333333333333 0.03833333333333333 0.03 0.03
0 0.6233333333333333 0.04 0.03 0.02666666666666667
0 0.6866666666666666 0.18833333333333332 0.023333333333333334 0.02666666666666667
0 0.5983333333333334 0.018333333333333333 0.02 0.03
0 0.7816666666666666 0.27666666666666667 0.02666666666666667 0.03
0 0.85 0.20666666666666667 0.025 0.025
0 0.665 0.24333333333333335 0.02666666666666667 0.03
0 0.6166666666666667 0.085 0.025 0.03166666666666667
0 0.6633333333333333 0.065 0.03 0.028333333333333332
0 0.9883333333333333 0.14333333333333334 0.023333333333333334 0.02666666666666667