0 0.25166666666666665 0.55 0.03 0.023333333333333334
0 0.355 0.63 0.03166666666666667 0.03333333333333333
0 0.43666666666666665 0.6433333333333333 0.03 0.02
0 0.14166666666666666 0.8466666666666667 0.02 0.023333333333333334
0 0.395 0.42833333333333334 0.02666666666666667 0.023333333333333334
0 0.39166666666666666 0.405 0.02 0.02
0 0.03666666666666667 0.91 0.03 0.03
0 0.285 0.5216666666666666 0.023333333333333334 0.02666666666666667
0 0.29 0.7066666666666667 0.02666666666666667 0.02666666666666667
0 0.43666666666666665 0.43333333333333335 0.02666666666666667 0.02666666666666667
0 0.9016666666666666 0.38166666666666665 0.04 0.03333333333333333
0 0.84 0.14833333333333334 0.03 0.03
0 0.9066666666666666 0.33166666666666667 0.023333333333333334 0.023333333333333334
0 0.7016666666666667 0.6833333333333333 0.03 0.03
0 0.7383333333333333 0.8883333333333333 0.03 0.023333333333333334
0 0.955 0.9433333333333334 0.023333333333333334 0.03
0 0.895 0.605 0.03 0.02
0 0.9816666666666667 0.855 0.023333333333333334 0.03
0 0.9316666666666666 0.9366666666666666 0.02666666666666667 0.023333333333333334
0 0.9416666666666667 0.5933333333333334 0.02 0.023333333333333334
0 0.9416666666666667 0.6183333333333333 0.013333333333333334 0.023333333333333334
0 0.9583333333333334 0.6266666666666667 0.02 0.02
0 0.8933333333333333 0.6566666666666666 0.03 0.03
0 0.8966666666666666 0.7066666666666667 0.02 0.02666666666666667
0 0.9483333333333334 0.6616666666666666 0.02 0.02
0 0.8483333333333334 0.6683333333333333 0.023333333333333334 0.023333333333333334
0 0.7033333333333334 0.8516666666666667 0.02666666666666667 0.023333333333333334
0 0.7083333333333334 0.7983333333333333 0.023333333333333334 0.023333333333333334
0 0.72 0.8966666666666666 0.023333333333333334 0.023333333333333334
0 0.6783333333333333 0.7733333333333333 0.023333333333333334 0.023333333333333334
0 0.12 0.8483333333333334 0.028333333333333332 0.03166666666666667