0 0.7933333333333333 0.21333333333333335 0.02666666666666667 0.02666666666666667
0 0.8816666666666667 0.10666666666666667 0.023333333333333334 0.023333333333333334
0 0.9433333333333334 0.23833333333333334 0.023333333333333334 0.02666666666666667
0 0.9 0.28833333333333333 0.03 0.023333333333333334
0 0.915 0.33166666666666667 0.023333333333333334 0.023333333333333334
0 0.815 0.44166666666666665 0.03 0.023333333333333334
0 0.8483333333333334 0.44166666666666665 0.023333333333333334 0.023333333333333334
0 0.8533333333333334 0.38666666666666666 0.02 0.02
0 0.8133333333333334 0.47833333333333333 0.03 0.02
0 0.8716666666666667 0.49 0.03 0.023333333333333334
0 0.7883333333333333 0.5133333333333333 0.02666666666666667 0.02666666666666667
0 0.7916666666666666 0.5433333333333333 0.03 0.02666666666666667
0 0.89 0.6233333333333333 0.02666666666666667 0.02
0 0.85 0.715 0.03 0.023333333333333334
0 0.8683333333333333 0.6916666666666667 0.023333333333333334 0.023333333333333334
0 0.9183333333333333 0.7416666666666667 0.03 0.03
0 0.9283333333333333 0.6583333333333333 0.02666666666666667 0.03
0 0.9216666666666666 0.8216666666666667 0.02666666666666667 0.02666666666666667
0 0.9483333333333334 0.8283333333333334 0.02666666666666667 0.02
0 0.965 0.825 0.02666666666666667 0.03
0 0.8783333333333333 0.8766666666666667 0.03 0.03
0 0.5866666666666667 0.8566666666666667 0.02666666666666667 0.02
0 0.5566666666666666 0.8116666666666666 0.03 0.023333333333333334
0 0.92 0.9166666666666666 0.03 0.03
0 0.9633333333333334 0.92 0.03 0.02666666666666667
0 0.8983333333333333 0.9466666666666667 0.023333333333333334 0.023333333333333334
0 0.9433333333333334 0.9466666666666667 0.03333333333333333 0.02
0 0.9516666666666667 0.76 0.02666666666666667 0.02666666666666667
0 0.8316666666666667 0.145 0.023333333333333334 0.023333333333333334
0 0.9083333333333333 0.685 0.023333333333333334 0.02
0 0.9366666666666666 0.875 0.023333333333333334 0.023333333333333334
0 0.9166666666666666 0.2633333333333333 0.02666666666666667 0.023333333333333334
0 0.95 0.97 0.03166666666666667 0.025