0 0.06166666666666667 0.085 0.02 0.02
0 0.4033333333333333 0.19166666666666668 0.02 0.02
0 0.20333333333333334 0.17166666666666666 0.025 0.02
0 0.13166666666666665 0.11666666666666667 0.02 0.02
0 0.051666666666666666 0.13666666666666666 0.02666666666666667 0.02666666666666667
0 0.19333333333333333 0.04666666666666667 0.023333333333333334 0.023333333333333334
0 0.35333333333333333 0.22 0.023333333333333334 0.02666666666666667
0 0.058333333333333334 0.04 0.02666666666666667 0.02
0 0.08833333333333333 0.13166666666666665 0.02666666666666667 0.02666666666666667
0 0.325 0.115 0.02666666666666667 0.023333333333333334
0 0.08833333333333333 0.065 0.016666666666666666 0.023333333333333334
0 0.09833333333333333 0.075 0.02 0.02666666666666667
0 0.15333333333333332 0.07333333333333333 0.023333333333333334 0.02666666666666667
0 0.495 0.11166666666666666 0.02 0.023333333333333334
0 0.49333333333333335 0.04 0.02 0.023333333333333334
0 0.5733333333333334 0.16833333333333333 0.023333333333333334 0.03
0 0.605 0.13333333333333333 0.03 0.02666666666666667
0 0.745 0.25333333333333335 0.02 0.023333333333333334
0 0.9616666666666667 0.10666666666666667 0.02666666666666667 0.02666666666666667
0 0.9266666666666666 0.03666666666666667 0.02 0.02
0 0.5216666666666666 0.15333333333333332 0.023333333333333334 0.02
0 0.7666666666666667 0.10833333333333334 0.02 0.02666666666666667
0 0.7733333333333333 0.065 0.03 0.02
0 0.965 0.03 0.023333333333333334 0.02
0 0.9616666666666667 0.051666666666666666 0.03 0.02
0 0.8866666666666667 0.045 0.023333333333333334 0.023333333333333334
0 0.5366666666666666 0.20666666666666667 0.02666666666666667 0.023333333333333334
0 0.525 0.04666666666666667 0.02 0.02666666666666667
0 0.5816666666666667 0.10833333333333334 0.02666666666666667 0.02666666666666667
0 0.58 0.06666666666666667 0.023333333333333334 0.02
0 0.625 0.04833333333333333 0.023333333333333334 0.023333333333333334
0 0.6816666666666666 0.07166666666666667 0.023333333333333334 0.023333333333333334
0 0.7533333333333333 0.03 0.02 0.02
0 0.8383333333333334 0.008333333333333333 0.02666666666666667 0.016666666666666666
0 0.04833333333333333 0.5733333333333334 0.02666666666666667 0.03
0 0.085 0.89 0.02666666666666667 0.023333333333333334
0 0.8583333333333333 0.8 0.023333333333333334 0.023333333333333334
0 0.4166666666666667 0.8866666666666667 0.023333333333333334 0.02
0 0.7733333333333333 0.5183333333333333 0.02666666666666667 0.023333333333333334
0 0.7016666666666667 0.8816666666666667 0.023333333333333334 0.023333333333333334
0 0.023333333333333334 0.8583333333333333 0.02666666666666667 0.023333333333333334
0 0.02666666666666667 0.5933333333333334 0.023333333333333334 0.02666666666666667
0 0.7633333333333333 0.8766666666666667 0.03 0.02666666666666667
0 0.7783333333333333 0.9483333333333334 0.023333333333333334 0.023333333333333334
0 0.051666666666666666 0.6033333333333334 0.02 0.023333333333333334
0 0.22166666666666668 0.8883333333333333 0.023333333333333334 0.02
0 0.5383333333333333 0.5383333333333333 0.02 0.023333333333333334
0 0.7183333333333334 0.011666666666666667 0.02666666666666667 0.016666666666666666
0 0.8933333333333333 0.011666666666666667 0.025 0.023333333333333334
0 0.7216666666666667 0.9833333333333333 0.02666666666666667 0.02666666666666667
0 0.99 0.15833333333333333 0.02 0.028333333333333332