0 0.475 0.04833333333333333 0.023333333333333334 0.023333333333333334
0 0.6933333333333334 0.9633333333333334 0.02 0.023333333333333334
0 0.7633333333333333 0.9283333333333333 0.02666666666666667 0.02666666666666667
0 0.7766666666666666 0.8983333333333333 0.02 0.023333333333333334
0 0.7383333333333333 0.8716666666666667 0.023333333333333334 0.02
0 0.8416666666666667 0.9233333333333333 0.02666666666666667 0.023333333333333334
0 0.96 0.9316666666666666 0.02666666666666667 0.023333333333333334
0 0.93 0.8533333333333334 0.023333333333333334 0.023333333333333334
0 0.8766666666666667 0.7583333333333333 0.02666666666666667 0.02666666666666667
0 0.9316666666666666 0.8033333333333333 0.02 0.02
0 0.765 0.8833333333333333 0.028333333333333332 0.03