0 0.5583333333333333 0.16666666666666666 0.023333333333333334 0.023333333333333334
0 0.7083333333333334 0.29333333333333333 0.03 0.03
0 0.5466666666666666 0.28833333333333333 0.02666666666666667 0.023333333333333334
0 0.5433333333333333 0.14333333333333334 0.023333333333333334 0.023333333333333334
0 0.7066666666666667 0.29333333333333333 0.03 0.03
0 0.6566666666666666 0.2966666666666667 0.02666666666666667 0.02666666666666667
0 0.38166666666666665 0.07833333333333334 0.03 0.02666666666666667
0 0.515 0.15 0.023333333333333334 0.023333333333333334
0 0.7416666666666667 0.49166666666666664 0.02666666666666667 0.028333333333333332
0 0.6166666666666667 0.5433333333333333 0.02666666666666667 0.02666666666666667
0 0.5833333333333334 0.5433333333333333 0.02666666666666667 0.023333333333333334
0 0.5333333333333333 0.5666666666666667 0.03 0.03
0 0.4716666666666667 0.48 0.025 0.02666666666666667