0 0.03 0.21333333333333335 0.02666666666666667 0.021666666666666667
0 0.03333333333333333 0.13666666666666666 0.02666666666666667 0.023333333333333334
0 0.12666666666666668 0.225 0.023333333333333334 0.023333333333333334
0 0.195 0.028333333333333332 0.03 0.023333333333333334
0 0.295 0.07 0.02666666666666667 0.02
0 0.25833333333333336 0.16166666666666665 0.02 0.023333333333333334
0 0.3416666666666667 0.26166666666666666 0.023333333333333334 0.02
0 0.215 0.31166666666666665 0.023333333333333334 0.02
0 0.23833333333333334 0.25333333333333335 0.02 0.02
0 0.30666666666666664 0.10666666666666667 0.023333333333333334 0.02
0 0.3233333333333333 0.09333333333333334 0.02 0.016666666666666666
0 0.24333333333333335 0.20333333333333334 0.02 0.023333333333333334
0 0.095 0.43666666666666665 0.02666666666666667 0.02
0 0.04 0.4033333333333333 0.021666666666666667 0.02
0 0.27666666666666667 0.2916666666666667 0.025 0.025
0 0.2866666666666667 0.205 0.023333333333333334 0.023333333333333334
0 0.10166666666666667 0.15666666666666668 0.023333333333333334 0.03
0 0.12666666666666668 0.27166666666666667 0.02666666666666667 0.02666666666666667
0 0.36 0.395 0.023333333333333334 0.023333333333333334
0 0.09333333333333334 0.6483333333333333 0.023333333333333334 0.02
0 0.21333333333333335 0.6366666666666667 0.03 0.02666666666666667
0 0.21833333333333332 0.5966666666666667 0.023333333333333334 0.023333333333333334
0 0.20833333333333334 0.5383333333333333 0.02666666666666667 0.02
0 0.16666666666666666 0.5633333333333334 0.02 0.023333333333333334
0 0.14666666666666667 0.56 0.02 0.02
0 0.315 0.865 0.023333333333333334 0.02
0 0.31166666666666665 0.5283333333333333 0.03 0.02666666666666667
0 0.265 0.5583333333333333 0.03 0.03
0 0.1 0.5266666666666666 0.02666666666666667 0.023333333333333334
0 0.20166666666666666 0.8133333333333334 0.023333333333333334 0.023333333333333334
0 0.14333333333333334 0.7466666666666667 0.023333333333333334 0.023333333333333334
0 0.23833333333333334 0.6066666666666667 0.023333333333333334 0.023333333333333334
0 0.16666666666666666 0.8933333333333333 0.023333333333333334 0.023333333333333334
0 0.045 0.5466666666666666 0.02666666666666667 0.02666666666666667
0 0.31833333333333336 0.7333333333333333 0.02666666666666667 0.02666666666666667
0 0.23333333333333334 0.6983333333333334 0.023333333333333334 0.023333333333333334
0 0.615 0.66 0.023333333333333334 0.02
0 0.023333333333333334 0.185 0.023333333333333334 0.021666666666666667
0 0.4666666666666667 0.7233333333333334 0.02666666666666667 0.025
0 0.21 0.505 0.023333333333333334 0.023333333333333334
0 0.19166666666666668 0.31 0.021666666666666667 0.023333333333333334