0 0.29333333333333333 0.56 0.02666666666666667 0.03
0 0.9816666666666667 0.9 0.03 0.023333333333333334
0 0.7016666666666667 0.73 0.02666666666666667 0.023333333333333334
0 0.7266666666666667 0.8216666666666667 0.023333333333333334 0.02666666666666667
0 0.3983333333333333 0.4716666666666667 0.023333333333333334 0.02666666666666667
0 0.4033333333333333 0.48833333333333334 0.02666666666666667 0.023333333333333334
0 0.3566666666666667 0.4766666666666667 0.023333333333333334 0.02666666666666667
0 0.37666666666666665 0.235 0.023333333333333334 0.023333333333333334
0 0.9233333333333333 0.11666666666666667 0.03 0.02666666666666667
0 0.9566666666666667 0.10833333333333334 0.02666666666666667 0.02666666666666667
0 0.47333333333333333 0.47 0.023333333333333334 0.02
0 0.23166666666666666 0.595 0.021666666666666667 0.025
0 0.5183333333333333 0.515 0.023333333333333334 0.02666666666666667
0 0.5183333333333333 0.54 0.021666666666666667 0.025