0 0.6166666666666667 0.3 0.03 0.03333333333333333
0 0.8616666666666667 0.19 0.023333333333333334 0.02666666666666667
0 0.8416666666666667 0.8566666666666667 0.03333333333333333 0.03
0 0.7983333333333333 0.8216666666666667 0.03 0.03
0 0.195 0.255 0.021666666666666667 0.02666666666666667
0 0.115 0.08666666666666667 0.02666666666666667 0.02666666666666667
0 0.21666666666666667 0.035 0.02 0.02
0 0.19 0.6433333333333333 0.03 0.03
0 0.48833333333333334 0.575 0.02666666666666667 0.02666666666666667
0 0.085 0.043333333333333335 0.02666666666666667 0.02666666666666667
0 0.045 0.04 0.03333333333333333 0.028333333333333332
0 0.3433333333333333 0.20166666666666666 0.023333333333333334 0.025