0 0.5383333333333333 0.07166666666666667 0.02666666666666667 0.028333333333333332
0 0.575 0.021666666666666667 0.02666666666666667 0.03
0 0.74 0.375 0.03 0.03
0 0.78 0.3416666666666667 0.02666666666666667 0.03
0 0.7516666666666667 0.19166666666666668 0.03 0.023333333333333334
0 0.8233333333333334 0.05333333333333334 0.03 0.02666666666666667
0 0.6383333333333333 0.051666666666666666 0.028333333333333332 0.03166666666666667
0 0.7533333333333333 0.07166666666666667 0.02666666666666667 0.023333333333333334
0 0.5466666666666666 0.1 0.02666666666666667 0.02666666666666667
0 0.5966666666666667 0.115 0.03 0.03
0 0.775 0.03833333333333333 0.023333333333333334 0.023333333333333334
0 0.8433333333333334 0.14666666666666667 0.02666666666666667 0.02666666666666667
0 0.6983333333333334 0.15 0.023333333333333334 0.023333333333333334
0 0.8316666666666667 0.31333333333333335 0.03 0.03
0 0.7083333333333334 0.015 0.02666666666666667 0.023333333333333334
0 0.8666666666666667 0.06 0.03 0.03
0 0.725 0.04666666666666667 0.023333333333333334 0.02666666666666667
0 0.7316666666666667 0.3333333333333333 0.021666666666666667 0.023333333333333334
0 0.8633333333333333 0.13333333333333333 0.023333333333333334 0.02666666666666667
0 0.8716666666666667 0.155 0.02666666666666667 0.023333333333333334
0 0.7783333333333333 0.22666666666666666 0.02666666666666667 0.02
0 0.47 0.09666666666666666 0.03333333333333333 0.03333333333333333
0 0.53 0.05 0.02666666666666667 0.023333333333333334
0 0.47333333333333333 0.15166666666666667 0.023333333333333334 0.035
0 0.8283333333333334 0.01 0.03 0.02
0 0.5133333333333333 0.016666666666666666 0.02666666666666667 0.023333333333333334