0 0.7566666666666667 0.32 0.03 0.03
0 0.7916666666666666 0.275 0.023333333333333334 0.023333333333333334
0 0.6983333333333334 0.205 0.02666666666666667 0.021666666666666667
0 0.6333333333333333 0.6533333333333333 0.03 0.028333333333333332
0 0.7383333333333333 0.635 0.025 0.028333333333333332
0 0.7216666666666667 0.6016666666666667 0.025 0.028333333333333332
0 0.6216666666666667 0.54 0.03 0.023333333333333334
0 0.655 0.575 0.028333333333333332 0.02666666666666667
0 0.6683333333333333 0.8966666666666666 0.03 0.03
0 0.6066666666666667 0.6133333333333333 0.02666666666666667 0.03
0 0.6383333333333333 0.8816666666666667 0.03 0.03
0 0.6633333333333333 0.5266666666666666 0.03 0.02666666666666667
0 0.6216666666666667 0.705 0.02666666666666667 0.02666666666666667
0 0.7616666666666667 0.3516666666666667 0.028333333333333332 0.025
0 0.8683333333333333 0.14833333333333334 0.03166666666666667 0.03
0 0.8066666666666666 0.11333333333333333 0.023333333333333334 0.023333333333333334