0 0.5066666666666667 0.7716666666666666 0.02666666666666667 0.02666666666666667
0 0.4583333333333333 0.6433333333333333 0.03333333333333333 0.03
0 0.10833333333333334 0.7883333333333333 0.023333333333333334 0.023333333333333334
0 0.5883333333333334 0.9266666666666666 0.02666666666666667 0.03
0 0.6366666666666667 0.945 0.02666666666666667 0.023333333333333334
0 0.615 0.8066666666666666 0.023333333333333334 0.02666666666666667
0 0.5566666666666666 0.925 0.02 0.03
0 0.5333333333333333 0.93 0.03 0.02666666666666667
0 0.9433333333333334 0.6866666666666666 0.02666666666666667 0.03333333333333333
0 0.5716666666666667 0.9433333333333334 0.023333333333333334 0.023333333333333334
0 0.18333333333333332 0.16333333333333333 0.023333333333333334 0.02
0 0.16333333333333333 0.175 0.02666666666666667 0.023333333333333334
0 0.27166666666666667 0.03333333333333333 0.02 0.023333333333333334
0 0.33666666666666667 0.42833333333333334 0.02666666666666667 0.02
0 0.32 0.44666666666666666 0.03 0.03
0 0.4066666666666667 0.455 0.02666666666666667 0.03
0 0.32 0.09333333333333334 0.02666666666666667 0.02
0 0.15333333333333332 0.38333333333333336 0.023333333333333334 0.03
0 0.08666666666666667 0.4033333333333333 0.023333333333333334 0.023333333333333334
0 0.19666666666666666 0.19 0.023333333333333334 0.023333333333333334
0 0.9683333333333334 0.415 0.03333333333333333 0.03333333333333333
0 0.9866666666666667 0.2633333333333333 0.023333333333333334 0.03
0 0.9683333333333334 0.14833333333333334 0.023333333333333334 0.03
0 0.4116666666666667 0.49333333333333335 0.03166666666666667 0.03333333333333333