0 0.355 0.12666666666666668 0.02666666666666667 0.03
0 0.47 0.028333333333333332 0.025 0.028333333333333332
0 0.05333333333333334 0.7483333333333333 0.023333333333333334 0.02666666666666667
0 0.016666666666666666 0.7833333333333333 0.02666666666666667 0.023333333333333334
0 0.8766666666666667 0.5733333333333334 0.02 0.02
0 0.91 0.5816666666666667 0.02666666666666667 0.023333333333333334
0 0.6766666666666666 0.555 0.02666666666666667 0.023333333333333334
0 0.7083333333333334 0.5133333333333333 0.02 0.02
0 0.665 0.36666666666666664 0.02666666666666667 0.02666666666666667
0 0.7366666666666667 0.3383333333333333 0.02 0.02
0 0.7533333333333333 0.39166666666666666 0.023333333333333334 0.02
0 0.7016666666666667 0.4116666666666667 0.023333333333333334 0.02666666666666667
0 0.8016666666666666 0.3616666666666667 0.02 0.02
0 0.6783333333333333 0.41333333333333333 0.02666666666666667 0.03
0 0.7316666666666667 0.39666666666666667 0.023333333333333334 0.02666666666666667
0 0.89 0.4066666666666667 0.02 0.02
0 0.915 0.4083333333333333 0.023333333333333334 0.02666666666666667
0 0.7266666666666667 0.5033333333333333 0.023333333333333334 0.023333333333333334
0 0.825 0.37166666666666665 0.02 0.023333333333333334
0 0.8766666666666667 0.43333333333333335 0.02 0.02
0 0.7183333333333334 0.3383333333333333 0.02 0.02
0 0.7616666666666667 0.31166666666666665 0.016666666666666666 0.023333333333333334
0 0.7716666666666666 0.3233333333333333 0.016666666666666666 0.016666666666666666
0 0.785 0.39166666666666666 0.02 0.02
0 0.8233333333333334 0.35 0.023333333333333334 0.02666666666666667
0 0.7516666666666667 0.49833333333333335 0.02 0.023333333333333334