0 0.3566666666666667 0.08833333333333333 0.023333333333333334 0.03
0 0.9266666666666666 0.46166666666666667 0.02666666666666667 0.02
0 0.8816666666666667 0.555 0.03333333333333333 0.03333333333333333
0 0.8233333333333334 0.5133333333333333 0.03 0.03
0 0.5516666666666666 0.5516666666666666 0.023333333333333334 0.023333333333333334
0 0.6666666666666666 0.7633333333333333 0.02666666666666667 0.03333333333333333
0 0.5433333333333333 0.71 0.03 0.03
0 0.705 0.7333333333333333 0.03 0.02
0 0.755 0.5683333333333334 0.02 0.02666666666666667
0 0.7433333333333333 0.5266666666666666 0.02 0.02
0 0.6916666666666667 0.6666666666666666 0.023333333333333334 0.023333333333333334
0 0.37833333333333335 0.09666666666666666 0.021666666666666667 0.03