0 0.44166666666666665 0.02 0.03 0.02666666666666667
0 0.73 0.8283333333333334 0.025 0.03333333333333333
0 0.7333333333333333 0.7883333333333333 0.03 0.03
0 0.7066666666666667 0.7766666666666666 0.02666666666666667 0.023333333333333334
0 0.7466666666666667 0.7233333333333334 0.02 0.023333333333333334
0 0.845 0.695 0.02 0.023333333333333334
0 0.6033333333333334 0.735 0.02 0.02
0 0.6633333333333333 0.755 0.023333333333333334 0.023333333333333334
0 0.665 0.6733333333333333 0.021666666666666667 0.02666666666666667
0 0.8083333333333333 0.6383333333333333 0.02 0.02666666666666667
0 0.57 0.675 0.023333333333333334 0.023333333333333334
0 0.5283333333333333 0.27166666666666667 0.02666666666666667 0.02666666666666667
0 0.2816666666666667 0.8616666666666667 0.03 0.03
0 0.35333333333333333 0.805 0.02666666666666667 0.03
0 0.275 0.665 0.025 0.023333333333333334
0 0.19166666666666668 0.9066666666666666 0.028333333333333332 0.028333333333333332
0 0.27 0.9166666666666666 0.02 0.02
0 0.06833333333333333 0.96 0.02666666666666667 0.02666666666666667
0 0.03166666666666667 0.9733333333333334 0.02666666666666667 0.023333333333333334
0 0.18833333333333332 0.7983333333333333 0.02666666666666667 0.023333333333333334
0 0.20166666666666666 0.7416666666666667 0.02 0.02
0 0.14166666666666666 0.9666666666666667 0.025 0.028333333333333332
0 0.52 0.8133333333333334 0.02666666666666667 0.02666666666666667
0 0.41833333333333333 0.7983333333333333 0.021666666666666667 0.025
0 0.475 0.7583333333333333 0.021666666666666667 0.025
0 0.6716666666666666 0.9266666666666666 0.03 0.02666666666666667
0 0.75 0.98 0.028333333333333332 0.028333333333333332
0 0.6983333333333334 0.73 0.023333333333333334 0.02666666666666667
0 0.12 0.7716666666666666 0.025 0.021666666666666667