0 0.25 0.69 0.03 0.02666666666666667
0 0.25166666666666665 0.8016666666666666 0.02666666666666667 0.02
0 0.6133333333333333 0.9866666666666667 0.02666666666666667 0.02666666666666667
0 0.20833333333333334 0.9316666666666666 0.02666666666666667 0.023333333333333334
0 0.69 0.56 0.023333333333333334 0.02666666666666667
0 0.8416666666666667 0.5533333333333333 0.02666666666666667 0.02666666666666667
0 0.7233333333333334 0.6166666666666667 0.023333333333333334 0.02
0 0.17666666666666667 0.625 0.02666666666666667 0.023333333333333334
0 0.175 0.605 0.023333333333333334 0.02666666666666667
0 0.12666666666666668 0.06833333333333333 0.02666666666666667 0.02666666666666667
0 0.14 0.028333333333333332 0.023333333333333334 0.03
0 0.03166666666666667 0.09666666666666666 0.023333333333333334 0.02666666666666667
0 0.016666666666666666 0.17666666666666667 0.02666666666666667 0.023333333333333334
0 0.06 0.13 0.021666666666666667 0.023333333333333334
0 0.21833333333333332 0.17166666666666666 0.02666666666666667 0.023333333333333334
0 0.6916666666666667 0.39666666666666667 0.023333333333333334 0.02666666666666667
0 0.8933333333333333 0.19166666666666668 0.03 0.02666666666666667
0 0.69 0.05 0.03 0.03
0 0.02666666666666667 0.30666666666666664 0.023333333333333334 0.02666666666666667
0 0.09166666666666666 0.25666666666666665 0.02 0.02
0 0.03833333333333333 0.16666666666666666 0.03 0.02
0 0.14833333333333334 0.051666666666666666 0.023333333333333334 0.02
0 0.7083333333333334 0.3516666666666667 0.02666666666666667 0.02666666666666667
0 0.77 0.11166666666666666 0.03 0.03
0 0.175 0.12166666666666667 0.02666666666666667 0.02
0 0.19666666666666666 0.3983333333333333 0.02666666666666667 0.02666666666666667
0 0.3466666666666667 0.09333333333333334 0.02666666666666667 0.02666666666666667
0 0.31166666666666665 0.24833333333333332 0.023333333333333334 0.023333333333333334
0 0.25166666666666665 0.2916666666666667 0.03 0.03
0 0.265 0.38333333333333336 0.02666666666666667 0.02666666666666667
0 0.07666666666666666 0.08666666666666667 0.02 0.02
0 0.2966666666666667 0.17166666666666666 0.02666666666666667 0.02666666666666667
0 0.09333333333333334 0.4216666666666667 0.02666666666666667 0.023333333333333334
0 0.8266666666666667 0.01 0.02666666666666667 0.02
0 0.7883333333333333 0.02666666666666667 0.02 0.016666666666666666
0 0.39 0.365 0.021666666666666667 0.025
0 0.47333333333333333 0.6316666666666667 0.018333333333333333 0.02
0 0.9833333333333333 0.15333333333333332 0.025 0.02666666666666667