0 0.9566666666666667 0.8533333333333334 0.02666666666666667 0.02666666666666667
0 0.7216666666666667 0.5466666666666666 0.023333333333333334 0.023333333333333334
0 0.9016666666666666 0.9266666666666666 0.016666666666666666 0.023333333333333334
0 0.8833333333333333 0.925 0.02 0.02
0 0.7866666666666666 0.5566666666666666 0.016666666666666666 0.02
0 0.8816666666666667 0.5116666666666667 0.02 0.023333333333333334
0 0.5233333333333333 0.10166666666666667 0.02 0.02666666666666667
0 0.5766666666666667 0.45666666666666667 0.02 0.023333333333333334
0 0.7166666666666667 0.4066666666666667 0.02 0.023333333333333334
0 0.7033333333333334 0.44333333333333336 0.02666666666666667 0.03
0 0.6483333333333333 0.475 0.02 0.02666666666666667
0 0.8066666666666666 0.4716666666666667 0.02666666666666667 0.02666666666666667
0 0.7733333333333333 0.495 0.023333333333333334 0.02
0 0.8233333333333334 0.4816666666666667 0.023333333333333334 0.02
0 0.9616666666666667 0.43833333333333335 0.02 0.023333333333333334
0 0.715 0.5016666666666667 0.025 0.021666666666666667
0 0.9033333333333333 0.51 0.02 0.02666666666666667
0 0.38333333333333336 0.54 0.02 0.02
0 0.4083333333333333 0.5633333333333334 0.02 0.02
0 0.17 0.87 0.023333333333333334 0.02
0 0.14 0.7333333333333333 0.02666666666666667 0.02666666666666667
0 0.07666666666666666 0.8566666666666667 0.023333333333333334 0.023333333333333334
0 0.305 0.57 0.02 0.02
0 0.10166666666666667 0.8433333333333334 0.023333333333333334 0.016666666666666666
0 0.12833333333333333 0.8633333333333333 0.02 0.023333333333333334
0 0.18166666666666667 0.8983333333333333 0.02 0.023333333333333334
0 0.32166666666666666 0.535 0.023333333333333334 0.02
0 0.27166666666666667 0.6283333333333333 0.02 0.02
0 0.31166666666666665 0.52 0.02666666666666667 0.02666666666666667
0 0.36333333333333334 0.5183333333333333 0.02 0.023333333333333334
0 0.35833333333333334 0.4166666666666667 0.023333333333333334 0.02666666666666667
0 0.15666666666666668 0.013333333333333334 0.03 0.02
0 0.09 0.7416666666666667 0.023333333333333334 0.02666666666666667
0 0.8716666666666667 0.25166666666666665 0.018333333333333333 0.023333333333333334
0 0.49833333333333335 0.47833333333333333 0.02 0.023333333333333334
0 0.38333333333333336 0.47333333333333333 0.021666666666666667 0.018333333333333333