0 0.8883333333333333 0.67 0.03 0.03
0 0.935 0.6 0.023333333333333334 0.023333333333333334
0 0.6466666666666666 0.8666666666666667 0.02666666666666667 0.023333333333333334
0 0.23333333333333334 0.7533333333333333 0.02666666666666667 0.02666666666666667
0 0.21333333333333335 0.8383333333333334 0.023333333333333334 0.03
0 0.3516666666666667 0.74 0.025 0.03166666666666667
0 0.44166666666666665 0.655 0.03 0.02666666666666667
0 0.09166666666666666 0.6633333333333333 0.023333333333333334 0.023333333333333334
0 0.28 0.845 0.021666666666666667 0.02666666666666667
0 0.20166666666666666 0.6466666666666666 0.023333333333333334 0.023333333333333334
0 0.38333333333333336 0.9166666666666666 0.02666666666666667 0.02666666666666667
0 0.46166666666666667 0.265 0.02 0.023333333333333334
0 0.5016666666666667 0.29 0.02 0.023333333333333334
0 0.37833333333333335 0.295 0.02666666666666667 0.03
0 0.48833333333333334 0.3416666666666667 0.02666666666666667 0.02666666666666667
0 0.7883333333333333 0.12166666666666667 0.02666666666666667 0.03
0 0.6283333333333333 0.23666666666666666 0.03 0.023333333333333334
0 0.615 0.20833333333333334 0.023333333333333334 0.03
0 0.52 0.30666666666666664 0.02 0.02666666666666667
0 0.5233333333333333 0.33 0.02666666666666667 0.023333333333333334
0 0.8766666666666667 0.26166666666666666 0.023333333333333334 0.023333333333333334
0 0.6933333333333334 0.09 0.02666666666666667 0.02666666666666667
0 0.595 0.08666666666666667 0.02666666666666667 0.02666666666666667
0 0.525 0.14166666666666666 0.03 0.03166666666666667
0 0.73 0.14333333333333334 0.03166666666666667 0.03166666666666667
0 0.73 0.17 0.028333333333333332 0.025
0 0.46 0.3566666666666667 0.023333333333333334 0.025
0 0.7333333333333333 0.775 0.02666666666666667 0.02666666666666667