0 0.46166666666666667 0.4066666666666667 0.023333333333333334 0.02666666666666667
0 0.9116666666666666 0.9216666666666666 0.028333333333333332 0.03
0 0.89 0.9666666666666667 0.02666666666666667 0.02666666666666667
0 0.8516666666666667 0.9416666666666667 0.03166666666666667 0.028333333333333332
0 0.8783333333333333 0.9183333333333333 0.03 0.02666666666666667
0 0.7816666666666666 0.7016666666666667 0.03 0.03
0 0.7716666666666666 0.7866666666666666 0.03 0.03
0 0.8283333333333334 0.7466666666666667 0.02666666666666667 0.02666666666666667
0 0.6066666666666667 0.6166666666666667 0.02 0.02666666666666667
0 0.625 0.6166666666666667 0.02 0.023333333333333334
0 0.9866666666666667 0.9033333333333333 0.02666666666666667 0.03166666666666667
0 0.023333333333333334 0.91 0.03 0.03
0 0.6466666666666666 0.5516666666666666 0.021666666666666667 0.028333333333333332