0 0.6983333333333334 0.5933333333333334 0.02666666666666667 0.021666666666666667
0 0.5433333333333333 0.7066666666666667 0.02 0.018333333333333333
0 0.6816666666666666 0.6883333333333334 0.021666666666666667 0.025
0 0.5433333333333333 0.6816666666666666 0.02 0.021666666666666667
0 0.54 0.5766666666666667 0.02666666666666667 0.02666666666666667
0 0.545 0.7966666666666666 0.023333333333333334 0.023333333333333334
0 0.4033333333333333 0.155 0.023333333333333334 0.03
0 0.3983333333333333 0.18333333333333332 0.02666666666666667 0.03
0 0.37166666666666665 0.185 0.023333333333333334 0.023333333333333334
0 0.35833333333333334 0.13666666666666666 0.023333333333333334 0.025
0 0.44 0.14666666666666667 0.028333333333333332 0.025
0 0.5566666666666666 0.011666666666666667 0.023333333333333334 0.023333333333333334
0 0.905 0.27166666666666667 0.03 0.02666666666666667
0 0.8233333333333334 0.1 0.03 0.025