0 0.5766666666666667 0.16333333333333333 0.03 0.02
0 0.6 0.15166666666666667 0.03 0.03
0 0.6183333333333333 0.16833333333333333 0.02666666666666667 0.02666666666666667
0 0.64 0.16166666666666665 0.03 0.02666666666666667
0 0.64 0.18 0.03 0.03
0 0.63 0.19 0.03 0.03
0 0.5316666666666666 0.1 0.03333333333333333 0.02666666666666667
0 0.5516666666666666 0.043333333333333335 0.02666666666666667 0.023333333333333334
0 0.6166666666666667 0.10833333333333334 0.02666666666666667 0.023333333333333334
0 0.6166666666666667 0.085 0.03 0.02666666666666667
0 0.6416666666666667 0.08166666666666667 0.02666666666666667 0.02
0 0.6733333333333333 0.10833333333333334 0.02666666666666667 0.023333333333333334
0 0.6566666666666666 0.021666666666666667 0.02666666666666667 0.02666666666666667
0 0.07333333333333333 0.2866666666666667 0.023333333333333334 0.02666666666666667
0 0.035 0.25333333333333335 0.023333333333333334 0.023333333333333334
0 0.53 0.25166666666666665 0.03 0.02666666666666667
0 0.5866666666666667 0.20666666666666667 0.03 0.04
0 0.3933333333333333 0.19833333333333333 0.03 0.02666666666666667
0 0.8316666666666667 0.21166666666666667 0.02666666666666667 0.028333333333333332
0 0.9733333333333334 0.10333333333333333 0.03 0.023333333333333334
0 0.9416666666666667 0.02 0.03 0.023333333333333334
0 0.935 0.3433333333333333 0.025 0.028333333333333332
0 0.9483333333333334 0.38666666666666666 0.02666666666666667 0.02666666666666667
0 0.9666666666666667 0.38666666666666666 0.023333333333333334 0.03
0 0.04833333333333333 0.2966666666666667 0.03 0.02666666666666667
0 0.6866666666666666 0.20833333333333334 0.03 0.02666666666666667
0 0.9066666666666666 0.12 0.023333333333333334 0.023333333333333334
0 0.7433333333333333 0.09833333333333333 0.023333333333333334 0.023333333333333334
0 0.56 0.19166666666666668 0.023333333333333334 0.023333333333333334
0 0.43333333333333335 0.11666666666666667 0.03 0.02666666666666667
0 0.9783333333333334 0.315 0.023333333333333334 0.021666666666666667
0 0.04666666666666667 0.18666666666666668 0.02666666666666667 0.02666666666666667
0 0.45666666666666667 0.365 0.02666666666666667 0.02666666666666667
0 0.6316666666666667 0.27166666666666667 0.023333333333333334 0.02
0 0.9066666666666666 0.14833333333333334 0.03 0.02666666666666667
0 0.085 0.725 0.023333333333333334 0.02666666666666667
0 0.07666666666666666 0.755 0.03 0.02666666666666667
0 0.23833333333333334 0.5683333333333334 0.023333333333333334 0.023333333333333334
0 0.31 0.6233333333333333 0.03 0.023333333333333334
0 0.9866666666666667 0.5616666666666666 0.02666666666666667 0.023333333333333334
0 0.5283333333333333 0.775 0.023333333333333334 0.02666666666666667
0 0.7433333333333333 0.8633333333333333 0.02666666666666667 0.023333333333333334
0 0.7533333333333333 0.9266666666666666 0.03 0.03
0 0.8916666666666667 0.9616666666666667 0.021666666666666667 0.025
0 0.38666666666666666 0.79 0.02 0.02666666666666667
0 0.4083333333333333 0.795 0.02 0.023333333333333334
0 0.52 0.8283333333333334 0.02 0.023333333333333334
0 0.43833333333333335 0.9516666666666667 0.02666666666666667 0.03
0 0.4816666666666667 0.94 0.023333333333333334 0.023333333333333334
0 0.17333333333333334 0.8216666666666667 0.02666666666666667 0.023333333333333334
0 0.165 0.6183333333333333 0.023333333333333334 0.023333333333333334
0 0.855 0.9733333333333334 0.02666666666666667 0.023333333333333334
0 0.22333333333333333 0.8516666666666667 0.023333333333333334 0.023333333333333334
0 0.21333333333333335 0.6283333333333333 0.023333333333333334 0.023333333333333334
0 0.73 0.9816666666666667 0.02666666666666667 0.03
0 0.595 0.008333333333333333 0.02666666666666667 0.016666666666666666
0 0.028333333333333332 0.6933333333333334 0.023333333333333334 0.02
0 0.023333333333333334 0.8233333333333334 0.02666666666666667 0.03
0 0.09 0.7883333333333333 0.025 0.023333333333333334