0 0.31833333333333336 0.23833333333333334 0.02666666666666667 0.02666666666666667
0 0.11833333333333333 0.49666666666666665 0.03 0.02
0 0.185 0.49666666666666665 0.03 0.023333333333333334
0 0.3333333333333333 0.8766666666666667 0.023333333333333334 0.023333333333333334
0 0.24833333333333332 0.9116666666666666 0.023333333333333334 0.023333333333333334
0 0.485 0.43666666666666665 0.023333333333333334 0.023333333333333334
0 0.39166666666666666 0.6283333333333333 0.03 0.02666666666666667
0 0.515 0.6833333333333333 0.023333333333333334 0.023333333333333334
0 0.5083333333333333 0.7766666666666666 0.023333333333333334 0.023333333333333334
0 0.23166666666666666 0.76 0.023333333333333334 0.02666666666666667
0 0.3466666666666667 0.5783333333333334 0.02666666666666667 0.023333333333333334
0 0.4083333333333333 0.395 0.023333333333333334 0.02
0 0.34833333333333333 0.27666666666666667 0.023333333333333334 0.02
0 0.42333333333333334 0.36333333333333334 0.02666666666666667 0.023333333333333334
0 0.18333333333333332 0.6216666666666667 0.02666666666666667 0.023333333333333334
0 0.155 0.5383333333333333 0.03 0.02666666666666667
0 0.18333333333333332 0.815 0.02666666666666667 0.023333333333333334
0 0.085 0.8283333333333334 0.02 0.02
0 0.22166666666666668 0.8116666666666666 0.02666666666666667 0.02666666666666667
0 0.3233333333333333 0.29833333333333334 0.023333333333333334 0.023333333333333334
0 0.2783333333333333 0.10833333333333334 0.03 0.03
0 0.355 0.9333333333333333 0.02666666666666667 0.02666666666666667
0 0.38 0.5766666666666667 0.023333333333333334 0.023333333333333334
0 0.38333333333333336 0.48833333333333334 0.02666666666666667 0.02666666666666667
0 0.49166666666666664 0.695 0.03 0.03
0 0.11666666666666667 0.7183333333333334 0.02666666666666667 0.023333333333333334
0 0.18333333333333332 0.7916666666666666 0.02666666666666667 0.023333333333333334
0 0.5533333333333333 0.7833333333333333 0.023333333333333334 0.023333333333333334
0 0.15833333333333333 0.795 0.023333333333333334 0.023333333333333334
0 0.43166666666666664 0.18833333333333332 0.02666666666666667 0.02666666666666667
0 0.4033333333333333 0.26666666666666666 0.023333333333333334 0.023333333333333334
0 0.28833333333333333 0.42 0.023333333333333334 0.023333333333333334
0 0.35833333333333334 0.5416666666666666 0.02666666666666667 0.02666666666666667
0 0.36666666666666664 0.16833333333333333 0.02666666666666667 0.02666666666666667
0 0.31666666666666665 0.735 0.02666666666666667 0.02666666666666667
0 0.5166666666666667 0.7516666666666667 0.023333333333333334 0.023333333333333334
0 0.23 0.8833333333333333 0.02666666666666667 0.02666666666666667
0 0.3333333333333333 0.6066666666666667 0.02666666666666667 0.02666666666666667
0 0.395 0.12666666666666668 0.02666666666666667 0.02666666666666667
0 0.3433333333333333 0.425 0.023333333333333334 0.023333333333333334
0 0.45 0.5416666666666666 0.02666666666666667 0.02666666666666667
0 0.25833333333333336 0.8683333333333333 0.023333333333333334 0.023333333333333334
0 0.47 0.07833333333333334 0.03 0.03
0 0.18666666666666668 0.835 0.023333333333333334 0.023333333333333334
0 0.49833333333333335 0.06 0.02666666666666667 0.02666666666666667
0 0.15333333333333332 0.83 0.02666666666666667 0.023333333333333334
0 0.27666666666666667 0.295 0.023333333333333334 0.023333333333333334
0 0.24166666666666667 0.8533333333333334 0.023333333333333334 0.023333333333333334
0 0.44666666666666666 0.058333333333333334 0.03 0.03
0 0.13833333333333334 0.7666666666666667 0.02666666666666667 0.02666666666666667
0 0.2866666666666667 0.06 0.02666666666666667 0.02666666666666667
0 0.36333333333333334 0.445 0.023333333333333334 0.023333333333333334
0 0.34833333333333333 0.4716666666666667 0.023333333333333334 0.02
0 0.26166666666666666 0.05333333333333334 0.02666666666666667 0.02666666666666667
0 0.4666666666666667 0.39 0.023333333333333334 0.02
0 0.6216666666666667 0.5416666666666666 0.023333333333333334 0.023333333333333334
0 0.07 0.6316666666666667 0.03 0.03
0 0.31 0.6766666666666666 0.02666666666666667 0.03333333333333333
0 0.22 0.8683333333333333 0.02666666666666667 0.03
0 0.4116666666666667 0.9083333333333333 0.03 0.02666666666666667
0 0.41333333333333333 0.9383333333333334 0.023333333333333334 0.02666666666666667
0 0.4683333333333333 0.9316666666666666 0.03333333333333333 0.04
0 0.4583333333333333 0.9783333333333334 0.03666666666666667 0.02666666666666667
0 0.4533333333333333 0.57 0.03 0.03333333333333333
0 0.3933333333333333 0.14833333333333334 0.03333333333333333 0.023333333333333334
0 0.11833333333333333 0.5183333333333333 0.03666666666666667 0.02666666666666667
0 0.4533333333333333 0.26666666666666666 0.023333333333333334 0.02666666666666667
0 0.4766666666666667 0.37166666666666665 0.03666666666666667 0.023333333333333334
0 0.4216666666666667 0.26666666666666666 0.023333333333333334 0.03
0 0.37 0.41333333333333333 0.02666666666666667 0.03333333333333333
0 0.36333333333333334 0.125 0.02666666666666667 0.023333333333333334
0 0.48333333333333334 0.35333333333333333 0.023333333333333334 0.02
0 0.15333333333333332 0.495 0.023333333333333334 0.023333333333333334
0 0.4583333333333333 0.6133333333333333 0.03 0.02
0 0.45166666666666666 0.7366666666666667 0.02666666666666667 0.023333333333333334
0 0.19666666666666666 0.7216666666666667 0.02666666666666667 0.02666666666666667
0 0.725 0.835 0.023333333333333334 0.023333333333333334
0 0.6716666666666666 0.6166666666666667 0.02666666666666667 0.02666666666666667
0 0.10333333333333333 0.6516666666666666 0.023333333333333334 0.023333333333333334
0 0.1 0.6233333333333333 0.023333333333333334 0.023333333333333334
0 0.41833333333333333 0.03166666666666667 0.03 0.023333333333333334
0 0.2633333333333333 0.9283333333333333 0.02666666666666667 0.02
0 0.06333333333333334 0.655 0.02666666666666667 0.02666666666666667
0 0.49166666666666664 0.1 0.025 0.021666666666666667
0 0.195 0.9483333333333334 0.03166666666666667 0.03166666666666667
0 0.3333333333333333 0.9316666666666666 0.025 0.025
0 0.31166666666666665 0.93 0.023333333333333334 0.03