0 0.7466666666666667 0.058333333333333334 0.02666666666666667 0.02666666666666667
0 0.24833333333333332 0.35 0.03 0.02666666666666667
0 0.25833333333333336 0.385 0.02666666666666667 0.02
0 0.12 0.38333333333333336 0.02666666666666667 0.023333333333333334
0 0.11166666666666666 0.6416666666666667 0.023333333333333334 0.023333333333333334
0 0.043333333333333335 0.7483333333333333 0.02 0.02666666666666667
0 0.2 0.7983333333333333 0.03166666666666667 0.03666666666666667
0 0.05333333333333334 0.8833333333333333 0.023333333333333334 0.02666666666666667
0 0.17 0.91 0.023333333333333334 0.02666666666666667
0 0.06833333333333333 0.8366666666666667 0.023333333333333334 0.023333333333333334
0 0.225 0.8366666666666667 0.04 0.03333333333333333
0 0.10666666666666667 0.895 0.03666666666666667 0.02666666666666667
0 0.09166666666666666 0.835 0.02 0.02
0 0.11333333333333333 0.835 0.02 0.02
0 0.20333333333333334 0.8833333333333333 0.03333333333333333 0.028333333333333332
0 0.15833333333333333 0.8283333333333334 0.03333333333333333 0.023333333333333334
0 0.4 0.6666666666666666 0.02666666666666667 0.02666666666666667
0 0.05 0.9033333333333333 0.02666666666666667 0.023333333333333334
0 0.26 0.6016666666666667 0.03 0.02666666666666667
0 0.37 0.6616666666666666 0.02666666666666667 0.02666666666666667
0 0.3016666666666667 0.5116666666666667 0.023333333333333334 0.02
0 0.023333333333333334 0.9266666666666666 0.028333333333333332 0.02666666666666667
0 0.07 0.93 0.03333333333333333 0.03333333333333333
0 0.018333333333333333 0.67 0.03 0.03166666666666667
0 0.015 0.55 0.03 0.025