0 0.23333333333333334 0.6533333333333333 0.03166666666666667 0.035
0 0.33 0.675 0.02666666666666667 0.028333333333333332
0 0.26 0.7383333333333333 0.03166666666666667 0.025
0 0.41 0.8216666666666667 0.03 0.028333333333333332
0 0.08666666666666667 0.08 0.02666666666666667 0.02666666666666667
0 0.8366666666666667 0.145 0.02666666666666667 0.03
0 0.135 0.15333333333333332 0.02 0.02
0 0.57 0.26166666666666666 0.023333333333333334 0.023333333333333334
0 0.555 0.26666666666666666 0.02 0.023333333333333334
0 0.5683333333333334 0.2866666666666667 0.02 0.023333333333333334
0 0.13666666666666666 0.32 0.023333333333333334 0.02
0 0.15833333333333333 0.33 0.023333333333333334 0.023333333333333334
0 0.075 0.345 0.03 0.023333333333333334
0 0.13 0.37833333333333335 0.03 0.02666666666666667
0 0.9683333333333334 0.42 0.028333333333333332 0.028333333333333332
0 0.15166666666666667 0.008333333333333333 0.02666666666666667 0.016666666666666666
0 0.04833333333333333 0.06666666666666667 0.03333333333333333 0.03
0 0.9116666666666666 0.2 0.03333333333333333 0.03333333333333333
0 0.9333333333333333 0.17833333333333334 0.03 0.04
0 0.9366666666666666 0.14 0.03666666666666667 0.03
0 0.5133333333333333 0.38 0.03 0.023333333333333334
0 0.13333333333333333 0.17333333333333334 0.02666666666666667 0.02666666666666667
0 0.11666666666666667 0.16666666666666666 0.02666666666666667 0.02
0 0.11666666666666667 0.016666666666666666 0.023333333333333334 0.03
0 0.5383333333333333 0.22833333333333333 0.02666666666666667 0.03333333333333333
0 0.8183333333333334 0.315 0.02666666666666667 0.028333333333333332
0 0.10666666666666667 0.14 0.023333333333333334 0.023333333333333334
0 0.9333333333333333 0.06166666666666667 0.03 0.02666666666666667
0 0.425 0.45 0.03666666666666667 0.02666666666666667
0 0.8416666666666667 0.375 0.03 0.03
0 0.18666666666666668 0.5083333333333333 0.03 0.02666666666666667
0 0.8633333333333333 0.7 0.02666666666666667 0.02666666666666667
0 0.9383333333333334 0.675 0.03333333333333333 0.03
0 0.9583333333333334 0.725 0.03 0.03
0 0.34 0.018333333333333333 0.02666666666666667 0.02666666666666667
0 0.9883333333333333 0.525 0.023333333333333334 0.03
0 0.7466666666666667 0.165 0.023333333333333334 0.025