0 0.24666666666666667 0.03 0.02 0.02
0 0.3416666666666667 0.18833333333333332 0.02 0.02
0 0.045 0.3333333333333333 0.03 0.03
0 0.06333333333333334 0.145 0.023333333333333334 0.023333333333333334
0 0.38 0.20833333333333334 0.023333333333333334 0.023333333333333334
0 0.2866666666666667 0.47333333333333333 0.023333333333333334 0.023333333333333334
0 0.2 0.058333333333333334 0.023333333333333334 0.023333333333333334
0 0.37666666666666665 0.09666666666666666 0.023333333333333334 0.023333333333333334
0 0.34833333333333333 0.11833333333333333 0.023333333333333334 0.023333333333333334
0 0.8833333333333333 0.07833333333333334 0.023333333333333334 0.02666666666666667
0 0.7283333333333334 0.25666666666666665 0.023333333333333334 0.02
0 0.7616666666666667 0.21833333333333332 0.02 0.023333333333333334
0 0.78 0.2966666666666667 0.023333333333333334 0.023333333333333334
0 0.64 0.96 0.03 0.02
0 0.57 0.88 0.02 0.02666666666666667
0 0.9 0.95 0.02 0.023333333333333334
0 0.9833333333333333 0.955 0.02 0.023333333333333334
0 0.6883333333333334 0.8233333333333334 0.023333333333333334 0.02
0 0.7116666666666667 0.5383333333333333 0.023333333333333334 0.023333333333333334
0 0.8833333333333333 0.9533333333333334 0.016666666666666666 0.023333333333333334
0 0.385 0.9583333333333334 0.02 0.02
0 0.1 0.925 0.02666666666666667 0.023333333333333334
0 0.3283333333333333 0.975 0.023333333333333334 0.02
0 0.43166666666666664 0.9166666666666666 0.023333333333333334 0.02666666666666667
0 0.265 0.825 0.02666666666666667 0.023333333333333334
0 0.37333333333333335 0.8983333333333333 0.02666666666666667 0.023333333333333334
0 0.29833333333333334 0.6916666666666667 0.023333333333333334 0.023333333333333334
0 0.19666666666666666 0.6933333333333334 0.02666666666666667 0.023333333333333334
0 0.3283333333333333 0.24833333333333332 0.025 0.03
0 0.885 0.895 0.02 0.02
0 0.8916666666666667 0.495 0.018333333333333333 0.02666666666666667
0 0.8666666666666667 0.495 0.023333333333333334 0.02
0 0.3983333333333333 0.12666666666666668 0.025 0.02
0 0.245 0.7533333333333333 0.02666666666666667 0.02666666666666667
0 0.065 0.041666666666666664 0.021666666666666667 0.021666666666666667