0 0.5633333333333334 0.20666666666666667 0.03333333333333333 0.03
0 0.9516666666666667 0.18833333333333332 0.03 0.023333333333333334
0 0.975 0.175 0.023333333333333334 0.023333333333333334
0 0.7733333333333333 0.115 0.023333333333333334 0.03333333333333333
0 0.9516666666666667 0.26 0.03 0.03333333333333333
0 0.8033333333333333 0.12666666666666668 0.023333333333333334 0.023333333333333334
0 0.6733333333333333 0.3016666666666667 0.02 0.03
0 0.16333333333333333 0.38166666666666665 0.03333333333333333 0.03
0 0.25166666666666665 0.42833333333333334 0.03333333333333333 0.02666666666666667
0 0.25166666666666665 0.4583333333333333 0.03333333333333333 0.023333333333333334
0 0.09333333333333334 0.25666666666666665 0.02666666666666667 0.03166666666666667
0 0.08666666666666667 0.2 0.03666666666666667 0.03
0 0.19333333333333333 0.52 0.03333333333333333 0.03
0 0.095 0.52 0.02666666666666667 0.03
0 0.20333333333333334 0.4033333333333333 0.03333333333333333 0.03666666666666667
0 0.44666666666666666 0.3466666666666667 0.03333333333333333 0.03
0 0.43 0.3333333333333333 0.02666666666666667 0.02666666666666667
0 0.065 0.28 0.03 0.028333333333333332
0 0.021666666666666667 0.2783333333333333 0.023333333333333334 0.023333333333333334
0 0.051666666666666666 0.25166666666666665 0.02 0.02
0 0.058333333333333334 0.55 0.03 0.02666666666666667
0 0.065 0.315 0.02 0.02
0 0.16833333333333333 0.35833333333333334 0.023333333333333334 0.02666666666666667
0 0.20333333333333334 0.5866666666666667 0.02666666666666667 0.02666666666666667
0 0.051666666666666666 0.37666666666666665 0.023333333333333334 0.023333333333333334
0 0.12166666666666667 0.4716666666666667 0.02666666666666667 0.02666666666666667
0 0.12666666666666668 0.43 0.02666666666666667 0.02666666666666667
0 0.19166666666666668 0.48333333333333334 0.02666666666666667 0.028333333333333332