0 0.37333333333333335 0.22666666666666666 0.02666666666666667 0.023333333333333334
0 0.40166666666666667 0.21166666666666667 0.03 0.02666666666666667
0 0.42833333333333334 0.115 0.02 0.02
0 0.5366666666666666 0.3566666666666667 0.023333333333333334 0.023333333333333334
0 0.46 0.22833333333333333 0.02666666666666667 0.023333333333333334
0 0.9183333333333333 0.36 0.023333333333333334 0.023333333333333334
0 0.9833333333333333 0.27 0.028333333333333332 0.03333333333333333
0 0.915 0.21833333333333332 0.02666666666666667 0.02
0 0.9316666666666666 0.17833333333333334 0.023333333333333334 0.02
0 0.6166666666666667 0.30333333333333334 0.023333333333333334 0.02
0 0.5683333333333334 0.7866666666666666 0.02666666666666667 0.023333333333333334
0 0.08 0.855 0.02666666666666667 0.03
0 0.905 0.6766666666666666 0.03333333333333333 0.03
0 0.6033333333333334 0.7166666666666667 0.02 0.023333333333333334
0 0.34 0.9816666666666667 0.023333333333333334 0.023333333333333334
0 0.08 0.7516666666666667 0.023333333333333334 0.023333333333333334
0 0.11666666666666667 0.7833333333333333 0.023333333333333334 0.023333333333333334
0 0.5283333333333333 0.5233333333333333 0.023333333333333334 0.02666666666666667
0 0.12333333333333334 0.04666666666666667 0.023333333333333334 0.02666666666666667
0 0.585 0.59 0.02666666666666667 0.03166666666666667
0 0.6 0.84 0.021666666666666667 0.021666666666666667
0 0.185 0.9116666666666666 0.02666666666666667 0.02666666666666667