0 0.4083333333333333 0.7066666666666667 0.02666666666666667 0.03666666666666667
0 0.43333333333333335 0.7683333333333333 0.02666666666666667 0.02666666666666667
0 0.2683333333333333 0.9116666666666666 0.03 0.03
0 0.48833333333333334 0.5883333333333334 0.02 0.02
0 0.39666666666666667 0.5283333333333333 0.03 0.023333333333333334
0 0.44333333333333336 0.5333333333333333 0.023333333333333334 0.02
0 0.43833333333333335 0.5183333333333333 0.02666666666666667 0.02
0 0.31333333333333335 0.6 0.03 0.03
0 0.375 0.5583333333333333 0.023333333333333334 0.02
0 0.36833333333333335 0.52 0.02 0.02
0 0.41833333333333333 0.8933333333333333 0.023333333333333334 0.02666666666666667
0 0.4866666666666667 0.5666666666666667 0.023333333333333334 0.02666666666666667
0 0.025 0.8983333333333333 0.023333333333333334 0.02666666666666667
0 0.09333333333333334 0.9566666666666667 0.023333333333333334 0.023333333333333334
0 0.435 0.9783333333333334 0.02666666666666667 0.02666666666666667
0 0.45166666666666666 0.44666666666666666 0.03 0.03
0 0.32 0.375 0.02 0.03
0 0.48833333333333334 0.13833333333333334 0.02666666666666667 0.03
0 0.5133333333333333 0.155 0.02 0.03
0 0.5416666666666666 0.19166666666666668 0.02 0.02
0 0.5566666666666666 0.17666666666666667 0.02 0.03
0 0.43666666666666665 0.12333333333333334 0.023333333333333334 0.02666666666666667
0 0.42 0.06666666666666667 0.02 0.03333333333333333
0 0.44666666666666666 0.043333333333333335 0.02666666666666667 0.03
0 0.405 0.07333333333333333 0.02 0.023333333333333334
0 0.43 0.3933333333333333 0.023333333333333334 0.02666666666666667
0 0.48 0.42833333333333334 0.02666666666666667 0.02666666666666667
0 0.5183333333333333 0.22333333333333333 0.03 0.03
0 0.48333333333333334 0.20166666666666666 0.02666666666666667 0.023333333333333334
0 0.4583333333333333 0.12 0.02 0.02
0 0.4583333333333333 0.21 0.02666666666666667 0.023333333333333334
0 0.3016666666666667 0.37166666666666665 0.02 0.02666666666666667
0 0.42833333333333334 0.25833333333333336 0.02 0.023333333333333334
0 0.45666666666666667 0.17666666666666667 0.03 0.02
0 0.5266666666666666 0.26166666666666666 0.02 0.02
0 0.45666666666666667 0.25 0.03 0.03
0 0.3516666666666667 0.405 0.02666666666666667 0.02666666666666667
0 0.36333333333333334 0.19333333333333333 0.02666666666666667 0.023333333333333334
0 0.3516666666666667 0.08166666666666667 0.02 0.023333333333333334
0 0.4766666666666667 0.07833333333333334 0.023333333333333334 0.02666666666666667
0 0.4716666666666667 0.03833333333333333 0.02666666666666667 0.03333333333333333
0 0.3416666666666667 0.021666666666666667 0.02666666666666667 0.025
0 0.23 0.37333333333333335 0.023333333333333334 0.02
0 0.21 0.375 0.02 0.02666666666666667
0 0.19666666666666666 0.38 0.02 0.023333333333333334
0 0.48333333333333334 0.2683333333333333 0.02 0.02
0 0.37833333333333335 0.41333333333333333 0.02 0.023333333333333334
0 0.4033333333333333 0.4116666666666667 0.02 0.02
0 0.24833333333333332 0.30666666666666664 0.02666666666666667 0.028333333333333332
0 0.49833333333333335 0.021666666666666667 0.02 0.02
0 0.47833333333333333 0.22666666666666666 0.023333333333333334 0.023333333333333334
0 0.37166666666666665 0.4683333333333333 0.03 0.03666666666666667
0 0.4166666666666667 0.495 0.02666666666666667 0.03
0 0.4666666666666667 0.49666666666666665 0.03 0.03
0 0.8866666666666667 0.945 0.03 0.03333333333333333
0 0.7833333333333333 0.975 0.02666666666666667 0.02
0 0.5066666666666667 0.5566666666666666 0.023333333333333334 0.023333333333333334
0 0.33 0.3016666666666667 0.021666666666666667 0.021666666666666667
0 0.5383333333333333 0.7433333333333333 0.025 0.023333333333333334
0 0.46166666666666667 0.6016666666666667 0.025 0.025
0 0.2916666666666667 0.04833333333333333 0.025 0.02666666666666667
0 0.3466666666666667 0.7866666666666666 0.025 0.03