0 0.6983333333333334 0.34833333333333333 0.02 0.02
0 0.5966666666666667 0.30666666666666664 0.02 0.023333333333333334
0 0.56 0.38 0.02666666666666667 0.023333333333333334
0 0.5366666666666666 0.33166666666666667 0.023333333333333334 0.02666666666666667
0 0.7833333333333333 0.4116666666666667 0.02666666666666667 0.02
0 0.7783333333333333 0.43166666666666664 0.023333333333333334 0.023333333333333334
0 0.9016666666666666 0.22666666666666666 0.02 0.02
0 0.605 0.34833333333333333 0.03 0.02666666666666667
0 0.7 0.36833333333333335 0.02 0.02
0 0.7033333333333334 0.3983333333333333 0.02 0.02
0 0.77 0.14833333333333334 0.02 0.02
0 0.8933333333333333 0.16666666666666666 0.016666666666666666 0.02
0 0.6633333333333333 0.4583333333333333 0.023333333333333334 0.02
0 0.5816666666666667 0.325 0.03 0.023333333333333334
0 0.6866666666666666 0.37833333333333335 0.02 0.023333333333333334
0 0.7316666666666667 0.33666666666666667 0.016666666666666666 0.023333333333333334
0 0.5383333333333333 0.30833333333333335 0.023333333333333334 0.02666666666666667
0 0.825 0.33166666666666667 0.02666666666666667 0.02666666666666667
0 0.8083333333333333 0.051666666666666666 0.02666666666666667 0.02666666666666667
0 0.8066666666666666 0.075 0.023333333333333334 0.023333333333333334
0 0.7766666666666666 0.46166666666666667 0.02666666666666667 0.02666666666666667
0 0.725 0.38666666666666666 0.023333333333333334 0.023333333333333334
0 0.8883333333333333 0.19 0.023333333333333334 0.03
0 0.7283333333333334 0.3983333333333333 0.023333333333333334 0.023333333333333334
0 0.725 0.79 0.023333333333333334 0.023333333333333334
0 0.6633333333333333 0.7666666666666667 0.02 0.03
0 0.7433333333333333 0.5716666666666667 0.03 0.02
0 0.6983333333333334 0.5816666666666667 0.02666666666666667 0.02
0 0.9033333333333333 0.8 0.03 0.03
0 0.7433333333333333 0.7366666666666667 0.02666666666666667 0.02666666666666667
0 0.6066666666666667 0.5533333333333333 0.03 0.03
0 0.9766666666666667 0.515 0.023333333333333334 0.023333333333333334
0 0.39666666666666667 0.16333333333333333 0.02666666666666667 0.023333333333333334
0 0.4683333333333333 0.22166666666666668 0.02 0.02
0 0.31333333333333335 0.30666666666666664 0.03 0.023333333333333334
0 0.43333333333333335 0.15166666666666667 0.023333333333333334 0.023333333333333334
0 0.36333333333333334 0.3933333333333333 0.02666666666666667 0.02666666666666667
0 0.4 0.3016666666666667 0.023333333333333334 0.023333333333333334
0 0.495 0.19166666666666668 0.02666666666666667 0.03
0 0.6983333333333334 0.4816666666666667 0.023333333333333334 0.02
0 0.725 0.5116666666666667 0.02666666666666667 0.02666666666666667
0 0.5666666666666667 0.2866666666666667 0.02 0.018333333333333333
0 0.5766666666666667 0.5033333333333333 0.028333333333333332 0.02666666666666667
0 0.6 0.3883333333333333 0.02666666666666667 0.03166666666666667
0 0.63 0.325 0.021666666666666667 0.023333333333333334