0 0.475 0.5683333333333334 0.03166666666666667 0.03166666666666667
0 0.8716666666666667 0.6533333333333333 0.03 0.03
0 0.7666666666666667 0.83 0.03 0.03
0 0.6166666666666667 0.8783333333333333 0.03 0.02666666666666667
0 0.9866666666666667 0.7116666666666667 0.02 0.03
0 0.9633333333333334 0.6633333333333333 0.023333333333333334 0.023333333333333334
0 0.8 0.78 0.03 0.028333333333333332
0 0.5983333333333334 0.845 0.03 0.03
0 0.49833333333333335 0.6183333333333333 0.03333333333333333 0.03
0 0.5133333333333333 0.5683333333333334 0.03333333333333333 0.02666666666666667
0 0.7583333333333333 0.74 0.03 0.02666666666666667
0 0.7683333333333333 0.6466666666666666 0.023333333333333334 0.02666666666666667
0 0.77 0.8583333333333333 0.03 0.025
0 0.9616666666666667 0.6383333333333333 0.02 0.023333333333333334