0 0.21 0.3616666666666667 0.03 0.03
0 0.10833333333333334 0.35833333333333334 0.03 0.03
0 0.17833333333333334 0.4666666666666667 0.02666666666666667 0.03
0 0.7266666666666667 0.36 0.02 0.023333333333333334
0 0.16666666666666666 0.22333333333333333 0.03 0.03
0 0.7416666666666667 0.4066666666666667 0.02666666666666667 0.025
0 0.018333333333333333 0.3933333333333333 0.023333333333333334 0.028333333333333332
0 0.14666666666666667 0.3983333333333333 0.02 0.03
0 0.935 0.365 0.02666666666666667 0.02666666666666667
0 0.2966666666666667 0.11166666666666666 0.023333333333333334 0.02666666666666667
0 0.865 0.5666666666666667 0.02666666666666667 0.02666666666666667
0 0.16166666666666665 0.8583333333333333 0.02666666666666667 0.02
0 0.905 0.595 0.028333333333333332 0.03
0 0.7666666666666667 0.33 0.02666666666666667 0.03
0 0.17166666666666666 0.6083333333333333 0.028333333333333332 0.02666666666666667
0 0.03833333333333333 0.6916666666666667 0.028333333333333332 0.023333333333333334
0 0.02666666666666667 0.09 0.02666666666666667 0.03
0 0.12333333333333334 0.225 0.023333333333333334 0.028333333333333332
0 0.7366666666666667 0.325 0.03166666666666667 0.028333333333333332