0 0.06833333333333333 0.17166666666666666 0.03333333333333333 0.03833333333333333
0 0.11166666666666666 0.20833333333333334 0.03666666666666667 0.03333333333333333
0 0.03333333333333333 0.028333333333333332 0.02666666666666667 0.03333333333333333
0 0.21833333333333332 0.135 0.03 0.023333333333333334
0 0.7433333333333333 0.04833333333333333 0.03833333333333333 0.035
0 0.82 0.26666666666666666 0.03 0.03333333333333333
0 0.8333333333333334 0.135 0.03333333333333333 0.03333333333333333
0 0.8866666666666667 0.215 0.03666666666666667 0.03833333333333333
0 0.7966666666666666 0.011666666666666667 0.02666666666666667 0.023333333333333334
0 0.97 0.115 0.02666666666666667 0.02666666666666667
0 0.14333333333333334 0.26 0.035 0.03333333333333333
0 0.9733333333333334 0.07166666666666667 0.02666666666666667 0.02666666666666667