0 0.9066666666666666 0.2916666666666667 0.02666666666666667 0.023333333333333334
0 0.8166666666666667 0.6133333333333333 0.02666666666666667 0.02666666666666667
0 0.87 0.5533333333333333 0.03 0.03
0 0.465 0.62 0.03 0.02666666666666667
0 0.6366666666666667 0.49666666666666665 0.03 0.03
0 0.88 0.6533333333333333 0.02666666666666667 0.023333333333333334
0 0.8283333333333334 0.6816666666666666 0.03 0.02666666666666667
0 0.535 0.7116666666666667 0.03 0.03333333333333333
0 0.8516666666666667 0.65 0.02 0.03
0 0.965 0.5883333333333334 0.02 0.023333333333333334
0 0.6783333333333333 0.71 0.02666666666666667 0.02666666666666667
0 0.8616666666666667 0.615 0.023333333333333334 0.023333333333333334
0 0.9066666666666666 0.6766666666666666 0.03 0.03
0 0.34 0.99 0.028333333333333332 0.018333333333333333
0 0.6483333333333333 0.6016666666666667 0.028333333333333332 0.03333333333333333