0 0.17833333333333334 0.58 0.03 0.03333333333333333
0 0.2733333333333333 0.5316666666666666 0.023333333333333334 0.03
0 0.31166666666666665 0.55 0.02666666666666667 0.02666666666666667
0 0.2683333333333333 0.5033333333333333 0.02666666666666667 0.023333333333333334
0 0.24833333333333332 0.4583333333333333 0.03 0.03
0 0.46166666666666667 0.5666666666666667 0.02666666666666667 0.03
0 0.10666666666666667 0.5716666666666667 0.023333333333333334 0.02666666666666667
0 0.09 0.35333333333333333 0.02 0.02666666666666667
0 0.40166666666666667 0.7783333333333333 0.02666666666666667 0.023333333333333334
0 0.03833333333333333 0.35 0.021666666666666667 0.02
0 0.16666666666666666 0.36333333333333334 0.023333333333333334 0.02666666666666667
0 0.37833333333333335 0.375 0.03 0.02666666666666667
0 0.39 0.9833333333333333 0.03 0.03
0 0.8866666666666667 0.7016666666666667 0.03 0.03
0 0.595 0.585 0.03 0.03
0 0.8433333333333334 0.58 0.023333333333333334 0.023333333333333334
0 0.8733333333333333 0.565 0.03166666666666667 0.03
0 0.73 0.655 0.023333333333333334 0.023333333333333334
0 0.6916666666666667 0.68 0.025 0.023333333333333334
0 0.5783333333333334 0.7883333333333333 0.023333333333333334 0.023333333333333334
0 0.5483333333333333 0.7366666666666667 0.03 0.023333333333333334
0 0.7416666666666667 0.8783333333333333 0.02666666666666667 0.023333333333333334
0 0.8816666666666667 0.6216666666666667 0.025 0.02666666666666667
0 0.7783333333333333 0.7333333333333333 0.02666666666666667 0.02
0 0.8483333333333334 0.11333333333333333 0.03 0.03
0 0.29333333333333333 0.47833333333333333 0.021666666666666667 0.023333333333333334