0 0.5816666666666667 0.35833333333333334 0.03 0.02666666666666667
0 0.5916666666666667 0.46 0.03 0.02666666666666667
0 0.6033333333333334 0.355 0.023333333333333334 0.023333333333333334
0 0.31333333333333335 0.8266666666666667 0.03 0.03
0 0.35833333333333334 0.75 0.02666666666666667 0.023333333333333334
0 0.18833333333333332 0.8766666666666667 0.03 0.02666666666666667
0 0.23833333333333334 0.8416666666666667 0.03 0.02666666666666667
0 0.2833333333333333 0.94 0.02666666666666667 0.023333333333333334
0 0.27166666666666667 0.9216666666666666 0.023333333333333334 0.02666666666666667
0 0.2916666666666667 0.83 0.03 0.03
0 0.245 0.725 0.023333333333333334 0.023333333333333334
0 0.04 0.2733333333333333 0.02666666666666667 0.02666666666666667
0 0.4633333333333333 0.44666666666666666 0.023333333333333334 0.023333333333333334
0 0.013333333333333334 0.8433333333333334 0.02 0.023333333333333334
0 0.041666666666666664 0.25166666666666665 0.02666666666666667 0.02
0 0.4716666666666667 0.4766666666666667 0.02666666666666667 0.023333333333333334
0 0.6 0.49166666666666664 0.023333333333333334 0.02666666666666667
0 0.58 0.565 0.023333333333333334 0.023333333333333334
0 0.5516666666666666 0.5583333333333333 0.023333333333333334 0.02
0 0.5433333333333333 0.5766666666666667 0.02 0.023333333333333334
0 0.52 0.6316666666666667 0.03 0.03
0 0.5183333333333333 0.5166666666666667 0.02 0.02666666666666667
0 0.5 0.5133333333333333 0.03 0.023333333333333334
0 0.4816666666666667 0.495 0.03 0.03