0 0.6866666666666666 0.4483333333333333 0.03666666666666667 0.03666666666666667
0 0.715 0.53 0.03 0.023333333333333334
0 0.6583333333333333 0.48833333333333334 0.03 0.03
0 0.5983333333333334 0.8816666666666667 0.03 0.03
0 0.6116666666666667 0.4683333333333333 0.03 0.02666666666666667
0 0.9816666666666667 0.08333333333333333 0.02666666666666667 0.03
0 0.695 0.67 0.02 0.02
0 0.008333333333333333 0.16166666666666665 0.016666666666666666 0.03
0 0.035 0.19833333333333333 0.02 0.02
0 0.04833333333333333 0.18333333333333332 0.02 0.03
0 0.013333333333333334 0.23166666666666666 0.02666666666666667 0.03
0 0.018333333333333333 0.2683333333333333 0.02 0.02
0 0.37833333333333335 0.9533333333333334 0.03 0.03333333333333333
0 0.2683333333333333 0.9733333333333334 0.02666666666666667 0.02