0 0.385 0.20833333333333334 0.02666666666666667 0.023333333333333334
0 0.34833333333333333 0.21333333333333335 0.03 0.023333333333333334
0 0.4116666666666667 0.22333333333333333 0.03 0.02666666666666667
0 0.5516666666666666 0.07 0.023333333333333334 0.02
0 0.755 0.7016666666666667 0.02666666666666667 0.023333333333333334
0 0.7833333333333333 0.7483333333333333 0.023333333333333334 0.023333333333333334
0 0.8816666666666667 0.69 0.03 0.03
0 0.095 0.7533333333333333 0.02666666666666667 0.02
0 0.8333333333333334 0.8583333333333333 0.025 0.025
0 0.2 0.29 0.02666666666666667 0.03166666666666667
0 0.7133333333333334 0.008333333333333333 0.02666666666666667 0.016666666666666666
0 0.945 0.9166666666666666 0.028333333333333332 0.023333333333333334