0 0.12333333333333334 0.6666666666666666 0.03 0.03
0 0.12166666666666667 0.5883333333333334 0.02666666666666667 0.02666666666666667
0 0.19833333333333333 0.815 0.03166666666666667 0.028333333333333332
0 0.11166666666666666 0.95 0.023333333333333334 0.021666666666666667
0 0.16666666666666666 0.53 0.03 0.023333333333333334
0 0.21 0.5533333333333333 0.02666666666666667 0.02
0 0.26166666666666666 0.565 0.02666666666666667 0.03
0 0.21666666666666667 0.6483333333333333 0.023333333333333334 0.025
0 0.25666666666666665 0.785 0.023333333333333334 0.025
0 0.365 0.7333333333333333 0.02666666666666667 0.025
0 0.32 0.5366666666666666 0.03 0.03
0 0.32166666666666666 0.5683333333333334 0.028333333333333332 0.02666666666666667
0 0.47833333333333333 0.82 0.03 0.02666666666666667
0 0.43166666666666664 0.7416666666666667 0.03 0.023333333333333334
0 0.4083333333333333 0.7483333333333333 0.03333333333333333 0.03666666666666667
0 0.43666666666666665 0.7566666666666667 0.03 0.02666666666666667
0 0.2966666666666667 0.785 0.03 0.03
0 0.3883333333333333 0.915 0.02666666666666667 0.023333333333333334
0 0.3983333333333333 0.9783333333333334 0.02666666666666667 0.03
0 0.49833333333333335 0.9066666666666666 0.02666666666666667 0.03333333333333333
0 0.4216666666666667 0.8583333333333333 0.02666666666666667 0.023333333333333334
0 0.2683333333333333 0.855 0.03 0.023333333333333334
0 0.3233333333333333 0.8616666666666667 0.023333333333333334 0.02666666666666667
0 0.31833333333333336 0.6916666666666667 0.02666666666666667 0.025
0 0.48333333333333334 0.76 0.02666666666666667 0.02666666666666667
0 0.20666666666666667 0.6633333333333333 0.02666666666666667 0.023333333333333334
0 0.28 0.565 0.02666666666666667 0.02666666666666667
0 0.5666666666666667 0.8983333333333333 0.03666666666666667 0.03
0 0.6166666666666667 0.6116666666666667 0.023333333333333334 0.023333333333333334
0 0.11333333333333333 0.37666666666666665 0.03 0.03
0 0.085 0.375 0.02666666666666667 0.023333333333333334
0 0.13666666666666666 0.4633333333333333 0.023333333333333334 0.03
0 0.15666666666666668 0.4666666666666667 0.023333333333333334 0.03
0 0.16833333333333333 0.4066666666666667 0.02 0.02666666666666667
0 0.055 0.41333333333333333 0.02666666666666667 0.02666666666666667
0 0.03 0.17333333333333334 0.02666666666666667 0.02
0 0.06666666666666667 0.155 0.03 0.02
0 0.013333333333333334 0.08833333333333333 0.02 0.02
0 0.16666666666666666 0.30333333333333334 0.03 0.025
0 0.03333333333333333 0.07 0.02666666666666667 0.02
0 0.02666666666666667 0.46166666666666667 0.023333333333333334 0.023333333333333334
0 0.135 0.5166666666666667 0.025 0.02666666666666667
0 0.22166666666666668 0.5116666666666667 0.02666666666666667 0.023333333333333334
0 0.7 0.22166666666666668 0.02 0.02666666666666667
0 0.7 0.27 0.023333333333333334 0.02666666666666667
0 0.77 0.38166666666666665 0.02 0.03
0 0.7683333333333333 0.15833333333333333 0.023333333333333334 0.03
0 0.7233333333333334 0.2633333333333333 0.023333333333333334 0.02
0 0.36 0.8733333333333333 0.02666666666666667 0.03
0 0.36833333333333335 0.6466666666666666 0.03333333333333333 0.03333333333333333
0 0.21333333333333335 0.585 0.03 0.028333333333333332
0 0.28 0.7383333333333333 0.025 0.02666666666666667
0 0.13833333333333334 0.9333333333333333 0.023333333333333334 0.025