0 0.22333333333333333 0.14333333333333334 0.03666666666666667 0.03
0 0.31833333333333336 0.165 0.03333333333333333 0.03333333333333333
0 0.24833333333333332 0.22666666666666666 0.03666666666666667 0.03
0 0.33166666666666667 0.21833333333333332 0.02 0.02
0 0.3983333333333333 0.31166666666666665 0.023333333333333334 0.023333333333333334
0 0.41333333333333333 0.38666666666666666 0.02666666666666667 0.023333333333333334
0 0.8566666666666667 0.18833333333333332 0.023333333333333334 0.02
0 0.9316666666666666 0.16833333333333333 0.03333333333333333 0.03
0 0.9533333333333334 0.21166666666666667 0.02666666666666667 0.02
0 0.8933333333333333 0.30666666666666664 0.03666666666666667 0.04
0 0.985 0.5933333333333334 0.03 0.03166666666666667
0 0.9866666666666667 0.9416666666666667 0.02666666666666667 0.035
0 0.30333333333333334 0.26 0.02666666666666667 0.028333333333333332
0 0.985 0.016666666666666666 0.03 0.02666666666666667