0 0.16166666666666665 0.45666666666666667 0.03 0.02
0 0.18333333333333332 0.46166666666666667 0.03 0.02666666666666667
0 0.43333333333333335 0.4033333333333333 0.03 0.02666666666666667
0 0.2816666666666667 0.5683333333333334 0.023333333333333334 0.023333333333333334
0 0.21833333333333332 0.5733333333333334 0.03 0.02666666666666667
0 0.25333333333333335 0.585 0.02666666666666667 0.02666666666666667
0 0.15666666666666668 0.5983333333333334 0.03 0.02666666666666667
0 0.11833333333333333 0.6033333333333334 0.03 0.02666666666666667
0 0.16833333333333333 0.6283333333333333 0.03 0.023333333333333334
0 0.20166666666666666 0.6616666666666666 0.03 0.023333333333333334
0 0.12833333333333333 0.73 0.03333333333333333 0.03
0 0.175 0.755 0.02666666666666667 0.025
0 0.08166666666666667 0.7983333333333333 0.03 0.023333333333333334
0 0.34 0.88 0.02666666666666667 0.023333333333333334
0 0.40166666666666667 0.9566666666666667 0.023333333333333334 0.02666666666666667
0 0.125 0.7716666666666666 0.03 0.02666666666666667
0 0.2783333333333333 0.88 0.02 0.02
0 0.47833333333333333 0.9833333333333333 0.02666666666666667 0.03
0 0.11166666666666666 0.85 0.02666666666666667 0.023333333333333334
0 0.285 0.9566666666666667 0.02 0.02666666666666667
0 0.305 0.9116666666666666 0.023333333333333334 0.03
0 0.41833333333333333 0.9716666666666667 0.02 0.023333333333333334
0 0.29333333333333333 0.5866666666666667 0.02 0.02666666666666667
0 0.5966666666666667 0.9316666666666666 0.02666666666666667 0.023333333333333334
0 0.02 0.54 0.03 0.03
0 0.5483333333333333 0.955 0.02666666666666667 0.02666666666666667
0 0.16833333333333333 0.6666666666666666 0.02666666666666667 0.02666666666666667