0 0.23666666666666666 0.4683333333333333 0.03 0.023333333333333334
0 0.16333333333333333 0.021666666666666667 0.023333333333333334 0.02666666666666667
0 0.16166666666666665 0.041666666666666664 0.023333333333333334 0.023333333333333334
0 0.07666666666666666 0.2833333333333333 0.03333333333333333 0.04
0 0.11833333333333333 0.2916666666666667 0.02666666666666667 0.023333333333333334
0 0.16 0.28833333333333333 0.023333333333333334 0.02666666666666667
0 0.22333333333333333 0.37166666666666665 0.03333333333333333 0.035
0 0.25833333333333336 0.36333333333333334 0.03166666666666667 0.03166666666666667
0 0.225 0.43 0.02666666666666667 0.028333333333333332
0 0.305 0.2816666666666667 0.02666666666666667 0.02666666666666667
0 0.25 0.45 0.023333333333333334 0.023333333333333334
0 0.8066666666666666 0.4716666666666667 0.02666666666666667 0.03
0 0.6383333333333333 0.46 0.03666666666666667 0.02666666666666667
0 0.17666666666666667 0.5516666666666666 0.02666666666666667 0.023333333333333334
0 0.20833333333333334 0.535 0.02666666666666667 0.02
0 0.20166666666666666 0.5533333333333333 0.03 0.023333333333333334
0 0.2916666666666667 0.5683333333333334 0.02666666666666667 0.02666666666666667
0 0.25333333333333335 0.6133333333333333 0.02 0.02
0 0.16666666666666666 0.6533333333333333 0.023333333333333334 0.02666666666666667
0 0.15833333333333333 0.6816666666666666 0.021666666666666667 0.025
0 0.24166666666666667 0.7016666666666667 0.028333333333333332 0.023333333333333334
0 0.24833333333333332 0.6516666666666666 0.03333333333333333 0.03