0 0.5983333333333334 0.955 0.02666666666666667 0.03
0 0.6966666666666667 0.7916666666666666 0.02666666666666667 0.025
0 0.705 0.75 0.03 0.03
0 0.9483333333333334 0.7616666666666667 0.028333333333333332 0.03333333333333333
0 0.6516666666666666 0.9583333333333334 0.03 0.023333333333333334
0 0.94 0.2683333333333333 0.02666666666666667 0.02666666666666667
0 0.38166666666666665 0.8633333333333333 0.03 0.03
0 0.44666666666666666 0.8383333333333334 0.02666666666666667 0.03
0 0.415 0.8666666666666667 0.023333333333333334 0.02666666666666667
0 0.4 0.925 0.02666666666666667 0.03
0 0.28833333333333333 0.9783333333333334 0.03 0.02666666666666667
0 0.475 0.6916666666666667 0.02666666666666667 0.023333333333333334
0 0.515 0.64 0.03333333333333333 0.02666666666666667
0 0.12333333333333334 0.6616666666666666 0.02666666666666667 0.03
0 0.295 0.9066666666666666 0.03 0.03
0 0.445 0.7516666666666667 0.02666666666666667 0.02666666666666667
0 0.285 0.6166666666666667 0.021666666666666667 0.02666666666666667
0 0.37333333333333335 0.5783333333333334 0.023333333333333334 0.023333333333333334
0 0.39 0.8183333333333334 0.02666666666666667 0.02666666666666667
0 0.018333333333333333 0.7416666666666667 0.028333333333333332 0.03333333333333333