0 0.455 0.7983333333333333 0.03333333333333333 0.03
0 0.21666666666666667 0.05 0.03 0.02666666666666667
0 0.20333333333333334 0.15666666666666668 0.023333333333333334 0.023333333333333334
0 0.225 0.20166666666666666 0.02666666666666667 0.02666666666666667
0 0.2633333333333333 0.17 0.03 0.02666666666666667
0 0.31 0.04833333333333333 0.02666666666666667 0.02666666666666667
0 0.30333333333333334 0.15833333333333333 0.02666666666666667 0.02666666666666667
0 0.22333333333333333 0.27 0.02666666666666667 0.023333333333333334
0 0.7616666666666667 0.025 0.023333333333333334 0.02666666666666667
0 0.965 0.075 0.023333333333333334 0.025
0 0.6733333333333333 0.12833333333333333 0.02666666666666667 0.02666666666666667
0 0.61 0.15 0.02666666666666667 0.023333333333333334
0 0.7016666666666667 0.16833333333333333 0.03 0.02666666666666667
0 0.62 0.22333333333333333 0.02666666666666667 0.03
0 0.655 0.24833333333333332 0.02666666666666667 0.03
0 0.8583333333333333 0.26166666666666666 0.02 0.02
0 0.9183333333333333 0.26166666666666666 0.02666666666666667 0.02666666666666667
0 0.6116666666666667 0.30333333333333334 0.02 0.02
0 0.6566666666666666 0.305 0.023333333333333334 0.02666666666666667
0 0.6366666666666667 0.32166666666666666 0.02 0.02
0 0.7066666666666667 0.33666666666666667 0.02 0.02
0 0.8866666666666667 0.3466666666666667 0.023333333333333334 0.02666666666666667
0 0.625 0.3516666666666667 0.03 0.02
0 0.8816666666666667 0.37666666666666665 0.02666666666666667 0.023333333333333334
0 0.635 0.42333333333333334 0.02666666666666667 0.02666666666666667
0 0.6316666666666667 0.27166666666666667 0.02 0.02
0 0.7383333333333333 0.16333333333333333 0.023333333333333334 0.02666666666666667
0 0.8816666666666667 0.13833333333333334 0.02666666666666667 0.028333333333333332
0 0.9233333333333333 0.15833333333333333 0.023333333333333334 0.02666666666666667
0 0.5933333333333334 0.2833333333333333 0.023333333333333334 0.023333333333333334
0 0.7166666666666667 0.14333333333333334 0.02666666666666667 0.02666666666666667
0 0.72 0.021666666666666667 0.02666666666666667 0.02666666666666667
0 0.74 0.3383333333333333 0.023333333333333334 0.023333333333333334
0 0.9633333333333334 0.14666666666666667 0.02 0.02666666666666667
0 0.6166666666666667 0.5433333333333333 0.02666666666666667 0.02666666666666667
0 0.5966666666666667 0.5183333333333333 0.02 0.023333333333333334
0 0.6183333333333333 0.5066666666666667 0.023333333333333334 0.023333333333333334
0 0.33666666666666667 0.01 0.02666666666666667 0.02