0 0.6433333333333333 0.8516666666666667 0.03 0.02666666666666667
0 0.6466666666666666 0.8316666666666667 0.03 0.02
0 0.6666666666666666 0.785 0.03 0.023333333333333334
0 0.7233333333333334 0.7433333333333333 0.03 0.016666666666666666
0 0.73 0.7616666666666667 0.03 0.023333333333333334
0 0.5866666666666667 0.6316666666666667 0.03 0.03
0 0.705 0.6566666666666666 0.03333333333333333 0.03
0 0.5966666666666667 0.8983333333333333 0.03 0.02666666666666667
0 0.7016666666666667 0.8483333333333334 0.03 0.03
0 0.5816666666666667 0.5766666666666667 0.023333333333333334 0.03
0 0.545 0.7666666666666667 0.023333333333333334 0.02
0 0.7733333333333333 0.7466666666666667 0.02666666666666667 0.023333333333333334
0 0.7883333333333333 0.7266666666666667 0.02 0.02
0 0.7983333333333333 0.74 0.023333333333333334 0.03
0 0.8033333333333333 0.7183333333333334 0.02 0.02
0 0.74 0.855 0.03 0.03333333333333333
0 0.94 0.9033333333333333 0.023333333333333334 0.023333333333333334
0 0.575 0.8533333333333334 0.016666666666666666 0.023333333333333334
0 0.5316666666666666 0.8933333333333333 0.02666666666666667 0.02666666666666667
0 0.5216666666666666 0.5616666666666666 0.013333333333333334 0.02666666666666667
0 0.5416666666666666 0.5883333333333334 0.02 0.03
0 0.5533333333333333 0.615 0.023333333333333334 0.023333333333333334
0 0.6083333333333333 0.5116666666666667 0.023333333333333334 0.023333333333333334
0 0.7783333333333333 0.715 0.016666666666666666 0.02
0 0.5833333333333334 0.8433333333333334 0.02 0.023333333333333334
0 0.6033333333333334 0.7983333333333333 0.023333333333333334 0.02
0 0.5733333333333334 0.89 0.023333333333333334 0.023333333333333334
0 0.6716666666666666 0.74 0.02 0.023333333333333334
0 0.6866666666666666 0.765 0.023333333333333334 0.03
0 0.5416666666666666 0.6366666666666667 0.023333333333333334 0.023333333333333334
0 0.6233333333333333 0.5333333333333333 0.023333333333333334 0.023333333333333334
0 0.6033333333333334 0.665 0.023333333333333334 0.02
0 0.615 0.6416666666666667 0.023333333333333334 0.02
0 0.735 0.6833333333333333 0.02 0.02
0 0.7583333333333333 0.645 0.02 0.02
0 0.7716666666666666 0.6433333333333333 0.02 0.023333333333333334
0 0.7716666666666666 0.6683333333333333 0.023333333333333334 0.02
0 0.8483333333333334 0.09833333333333333 0.02 0.023333333333333334
0 0.695 0.07666666666666666 0.02666666666666667 0.023333333333333334
0 0.5733333333333334 0.04 0.02666666666666667 0.023333333333333334
0 0.6516666666666666 0.10833333333333334 0.02666666666666667 0.023333333333333334
0 0.5783333333333334 0.19333333333333333 0.02666666666666667 0.02666666666666667
0 0.895 0.4116666666666667 0.02666666666666667 0.023333333333333334
0 0.9483333333333334 0.03666666666666667 0.023333333333333334 0.023333333333333334
0 0.69 0.24166666666666667 0.023333333333333334 0.023333333333333334
0 0.54 0.10666666666666667 0.02666666666666667 0.02666666666666667
0 0.6233333333333333 0.09666666666666666 0.02 0.023333333333333334
0 0.21833333333333332 0.13833333333333334 0.02666666666666667 0.03
0 0.14833333333333334 0.22333333333333333 0.023333333333333334 0.02666666666666667
0 0.04 0.25833333333333336 0.02666666666666667 0.023333333333333334
0 0.3466666666666667 0.25166666666666665 0.02666666666666667 0.023333333333333334
0 0.365 0.4033333333333333 0.03666666666666667 0.03333333333333333
0 0.35833333333333334 0.3016666666666667 0.02666666666666667 0.02666666666666667
0 0.23166666666666666 0.27166666666666667 0.023333333333333334 0.023333333333333334
0 0.19833333333333333 0.23833333333333334 0.02 0.023333333333333334
0 0.19333333333333333 0.4633333333333333 0.03 0.023333333333333334
0 0.24166666666666667 0.42833333333333334 0.02666666666666667 0.023333333333333334
0 0.20333333333333334 0.4166666666666667 0.02666666666666667 0.02
0 0.24 0.3333333333333333 0.023333333333333334 0.02
0 0.25166666666666665 0.31666666666666665 0.02 0.02
0 0.18833333333333332 0.18166666666666667 0.02666666666666667 0.023333333333333334
0 0.13666666666666666 0.085 0.02 0.02
0 0.37333333333333335 0.3233333333333333 0.03 0.03
0 0.36666666666666664 0.3416666666666667 0.02666666666666667 0.023333333333333334
0 0.4083333333333333 0.46 0.03 0.03
0 0.3333333333333333 0.49166666666666664 0.02 0.02
0 0.3233333333333333 0.4716666666666667 0.02 0.02666666666666667
0 0.38166666666666665 0.43333333333333335 0.02666666666666667 0.02
0 0.21166666666666667 0.44666666666666666 0.02666666666666667 0.02
0 0.3 0.31333333333333335 0.03 0.02
0 0.39 0.07833333333333334 0.02666666666666667 0.02666666666666667
0 0.18666666666666668 0.12166666666666667 0.03 0.03
0 0.345 0.08666666666666667 0.02666666666666667 0.02666666666666667
0 0.20333333333333334 0.09666666666666666 0.02666666666666667 0.02666666666666667
0 0.25833333333333336 0.37666666666666665 0.023333333333333334 0.023333333333333334
0 0.18666666666666668 0.28 0.02666666666666667 0.023333333333333334
0 0.33 0.025 0.023333333333333334 0.023333333333333334
0 0.3616666666666667 0.48833333333333334 0.023333333333333334 0.023333333333333334
0 0.49666666666666665 0.48 0.016666666666666666 0.02
0 0.48333333333333334 0.47833333333333333 0.016666666666666666 0.023333333333333334
0 0.22666666666666666 0.41833333333333333 0.02666666666666667 0.023333333333333334
0 0.25833333333333336 0.35833333333333334 0.02666666666666667 0.02
0 0.08333333333333333 0.09166666666666666 0.023333333333333334 0.02666666666666667
0 0.49166666666666664 0.31 0.023333333333333334 0.023333333333333334
0 0.10166666666666667 0.06333333333333334 0.02 0.023333333333333334
0 0.31166666666666665 0.06333333333333334 0.02 0.02
0 0.3466666666666667 0.465 0.02 0.02
0 0.30333333333333334 0.43666666666666665 0.02666666666666667 0.02
0 0.35333333333333333 0.43 0.023333333333333334 0.02
0 0.24833333333333332 0.5666666666666667 0.02666666666666667 0.03
0 0.355 0.8416666666666667 0.02666666666666667 0.023333333333333334
0 0.2783333333333333 0.6983333333333334 0.03 0.02666666666666667
0 0.2833333333333333 0.5216666666666666 0.02666666666666667 0.02666666666666667
0 0.49333333333333335 0.5416666666666666 0.03 0.03
0 0.505 0.6616666666666666 0.02666666666666667 0.023333333333333334
0 0.3383333333333333 0.8783333333333333 0.023333333333333334 0.02
0 0.16 0.6383333333333333 0.03 0.03
0 0.48 0.6283333333333333 0.02 0.02
0 0.21666666666666667 0.6333333333333333 0.02666666666666667 0.02666666666666667
0 0.07833333333333334 0.5483333333333333 0.023333333333333334 0.023333333333333334
0 0.41 0.7716666666666666 0.023333333333333334 0.023333333333333334
0 0.47 0.6616666666666666 0.02 0.02
0 0.33666666666666667 0.6883333333333334 0.02 0.02
0 0.17 0.6633333333333333 0.023333333333333334 0.023333333333333334
0 0.5033333333333333 0.9516666666666667 0.023333333333333334 0.023333333333333334
0 0.5083333333333333 0.9666666666666667 0.023333333333333334 0.023333333333333334
0 0.49333333333333335 0.675 0.02666666666666667 0.02666666666666667
0 0.2633333333333333 0.6466666666666666 0.02666666666666667 0.023333333333333334
0 0.29333333333333333 0.6766666666666666 0.02666666666666667 0.023333333333333334
0 0.305 0.6416666666666667 0.023333333333333334 0.023333333333333334
0 0.07166666666666667 0.735 0.023333333333333334 0.023333333333333334
0 0.09833333333333333 0.7383333333333333 0.02 0.023333333333333334
0 0.5083333333333333 0.6083333333333333 0.013333333333333334 0.03
0 0.3616666666666667 0.625 0.023333333333333334 0.023333333333333334
0 0.41833333333333333 0.6833333333333333 0.023333333333333334 0.023333333333333334
0 0.44333333333333336 0.58 0.023333333333333334 0.023333333333333334
0 0.22333333333333333 0.7466666666666667 0.023333333333333334 0.023333333333333334
0 0.20166666666666666 0.755 0.023333333333333334 0.03
0 0.42333333333333334 0.6333333333333333 0.023333333333333334 0.023333333333333334
0 0.6716666666666666 0.7383333333333333 0.02 0.023333333333333334
0 0.895 0.105 0.023333333333333334 0.028333333333333332
0 0.395 0.5 0.025 0.023333333333333334