0 0.43333333333333335 0.6283333333333333 0.02 0.023333333333333334
0 0.41333333333333333 0.66 0.02666666666666667 0.02666666666666667
0 0.09166666666666666 0.69 0.02 0.02666666666666667
0 0.235 0.7183333333333334 0.02666666666666667 0.023333333333333334
0 0.24166666666666667 0.8566666666666667 0.03 0.03
0 0.235 0.54 0.025 0.025
0 0.04833333333333333 0.6683333333333333 0.023333333333333334 0.023333333333333334
0 0.4866666666666667 0.6283333333333333 0.02666666666666667 0.02666666666666667
0 0.615 0.44333333333333336 0.02666666666666667 0.02666666666666667
0 0.6683333333333333 0.4666666666666667 0.02666666666666667 0.02666666666666667
0 0.6633333333333333 0.7866666666666666 0.02666666666666667 0.02666666666666667
0 0.5666666666666667 0.7616666666666667 0.03333333333333333 0.03666666666666667
0 0.29333333333333333 0.2633333333333333 0.02666666666666667 0.02666666666666667
0 0.25666666666666665 0.30333333333333334 0.023333333333333334 0.02
0 0.09833333333333333 0.36333333333333334 0.02 0.02
0 0.4083333333333333 0.38 0.028333333333333332 0.025
0 0.415 0.41333333333333333 0.02666666666666667 0.02666666666666667
0 0.3466666666666667 0.06333333333333334 0.02666666666666667 0.02666666666666667
0 0.5183333333333333 0.32666666666666666 0.02666666666666667 0.02666666666666667
0 0.38666666666666666 0.29333333333333333 0.023333333333333334 0.02
0 0.22333333333333333 0.35333333333333333 0.023333333333333334 0.023333333333333334
0 0.35333333333333333 0.10666666666666667 0.02 0.02
0 0.43833333333333335 0.36333333333333334 0.023333333333333334 0.023333333333333334
0 0.25833333333333336 0.25666666666666665 0.02666666666666667 0.02666666666666667
0 0.25666666666666665 0.23166666666666666 0.023333333333333334 0.023333333333333334
0 0.5016666666666667 0.6433333333333333 0.025 0.028333333333333332
0 0.5433333333333333 0.6866666666666666 0.023333333333333334 0.02666666666666667
0 0.5366666666666666 0.655 0.02666666666666667 0.025
0 0.385 0.6483333333333333 0.023333333333333334 0.023333333333333334
0 0.1 0.3883333333333333 0.018333333333333333 0.021666666666666667