0 0.02666666666666667 0.9016666666666666 0.028333333333333332 0.03
0 0.013333333333333334 0.8716666666666667 0.02666666666666667 0.03166666666666667
0 0.043333333333333335 0.8683333333333333 0.028333333333333332 0.03333333333333333
0 0.36 0.98 0.02666666666666667 0.02666666666666667
0 0.4633333333333333 0.8616666666666667 0.02 0.023333333333333334
0 0.08833333333333333 0.865 0.025 0.028333333333333332
0 0.06666666666666667 0.27 0.03833333333333333 0.03
0 0.3933333333333333 0.13333333333333333 0.03333333333333333 0.035
0 0.22166666666666668 0.7533333333333333 0.02666666666666667 0.02666666666666667
0 0.08333333333333333 0.7733333333333333 0.02 0.023333333333333334
0 0.165 0.4666666666666667 0.023333333333333334 0.02666666666666667
0 0.48 0.6816666666666666 0.023333333333333334 0.02666666666666667
0 0.44166666666666665 0.6933333333333334 0.02666666666666667 0.03
0 0.9433333333333334 0.3433333333333333 0.02666666666666667 0.03333333333333333
0 0.9766666666666667 0.335 0.023333333333333334 0.023333333333333334
0 0.87 0.19333333333333333 0.02666666666666667 0.02
0 0.8883333333333333 0.19 0.02 0.02666666666666667
0 0.635 0.24833333333333332 0.023333333333333334 0.02
0 0.6166666666666667 0.315 0.025 0.02666666666666667
0 0.6883333333333334 0.5733333333333334 0.03 0.02666666666666667
0 0.8283333333333334 0.7116666666666667 0.03333333333333333 0.03
0 0.8316666666666667 0.8266666666666667 0.023333333333333334 0.02
0 0.6766666666666666 0.8666666666666667 0.02666666666666667 0.02
0 0.625 0.8866666666666667 0.03333333333333333 0.03166666666666667
0 0.6116666666666667 0.9316666666666666 0.03333333333333333 0.03
0 0.8033333333333333 0.8466666666666667 0.02666666666666667 0.03
0 0.6016666666666667 0.79 0.03 0.02666666666666667
0 0.5966666666666667 0.8166666666666667 0.02666666666666667 0.02666666666666667
0 0.9266666666666666 0.415 0.023333333333333334 0.02666666666666667
0 0.9466666666666667 0.40166666666666667 0.023333333333333334 0.03
0 0.7766666666666666 0.195 0.02666666666666667 0.03
0 0.7466666666666667 0.45 0.028333333333333332 0.028333333333333332
0 0.9283333333333333 0.655 0.03 0.02666666666666667
0 0.8783333333333333 0.7216666666666667 0.023333333333333334 0.02
0 0.8283333333333334 0.7983333333333333 0.03 0.02
0 0.855 0.07 0.02 0.023333333333333334
0 0.645 0.05 0.028333333333333332 0.03
0 0.73 0.32 0.02666666666666667 0.03
0 0.43666666666666665 0.8433333333333334 0.028333333333333332 0.03
0 0.935 0.7733333333333333 0.025 0.03
0 0.54 0.8466666666666667 0.03 0.03333333333333333
0 0.49833333333333335 0.9816666666666667 0.03 0.03666666666666667