0 0.355 0.25 0.02666666666666667 0.023333333333333334
0 0.34 0.275 0.03 0.02666666666666667
0 0.8183333333333334 0.325 0.02666666666666667 0.02666666666666667
0 0.7083333333333334 0.2733333333333333 0.023333333333333334 0.023333333333333334
0 0.6833333333333333 0.3383333333333333 0.023333333333333334 0.02666666666666667
0 0.7633333333333333 0.4866666666666667 0.02666666666666667 0.02
0 0.7916666666666666 0.5066666666666667 0.02 0.025
0 0.8666666666666667 0.07833333333333334 0.02666666666666667 0.023333333333333334
0 0.8816666666666667 0.43166666666666664 0.02666666666666667 0.023333333333333334
0 0.9583333333333334 0.4816666666666667 0.023333333333333334 0.02
0 0.9566666666666667 0.5566666666666666 0.025 0.02666666666666667
0 0.27666666666666667 0.47833333333333333 0.02666666666666667 0.023333333333333334
0 0.95 0.2733333333333333 0.02 0.02
0 0.98 0.4766666666666667 0.02666666666666667 0.023333333333333334
0 0.7783333333333333 0.15666666666666668 0.02666666666666667 0.02666666666666667
0 0.24166666666666667 0.255 0.03 0.02666666666666667
0 0.8483333333333334 0.645 0.02666666666666667 0.023333333333333334
0 0.13333333333333333 0.023333333333333334 0.023333333333333334 0.02666666666666667
0 0.2633333333333333 0.4683333333333333 0.02666666666666667 0.02
0 0.12333333333333334 0.04833333333333333 0.02666666666666667 0.03
0 0.28833333333333333 0.285 0.023333333333333334 0.023333333333333334
0 0.965 0.28 0.016666666666666666 0.023333333333333334
0 0.8983333333333333 0.4266666666666667 0.02 0.023333333333333334
0 0.525 0.7833333333333333 0.02 0.023333333333333334
0 0.5966666666666667 0.44333333333333336 0.02 0.023333333333333334
0 0.6016666666666667 0.4216666666666667 0.02 0.02
0 0.4666666666666667 0.6333333333333333 0.023333333333333334 0.023333333333333334
0 0.8516666666666667 0.37833333333333335 0.03 0.028333333333333332
0 0.99 0.03166666666666667 0.02 0.02666666666666667