0 0.6516666666666666 0.9066666666666666 0.02666666666666667 0.02
0 0.7216666666666667 0.9033333333333333 0.03 0.03666666666666667
0 0.75 0.9233333333333333 0.02 0.02666666666666667
0 0.6983333333333334 0.6616666666666666 0.02666666666666667 0.03
0 0.8166666666666667 0.7433333333333333 0.023333333333333334 0.03
0 0.7116666666666667 0.09833333333333333 0.03 0.02666666666666667
0 0.6933333333333334 0.24166666666666667 0.03333333333333333 0.023333333333333334
0 0.8233333333333334 0.15166666666666667 0.02666666666666667 0.02
0 0.7383333333333333 0.21333333333333335 0.02666666666666667 0.02666666666666667
0 0.7033333333333334 0.14666666666666667 0.03 0.03
0 0.645 0.035 0.03 0.023333333333333334
0 0.75 0.11333333333333333 0.023333333333333334 0.023333333333333334
0 0.73 0.06666666666666667 0.02666666666666667 0.02666666666666667
0 0.7166666666666667 0.028333333333333332 0.02 0.02
0 0.6683333333333333 0.06166666666666667 0.023333333333333334 0.023333333333333334
0 0.6433333333333333 0.07 0.02666666666666667 0.03
0 0.6416666666666667 0.12333333333333334 0.023333333333333334 0.023333333333333334
0 0.4266666666666667 0.32166666666666666 0.023333333333333334 0.02
0 0.36833333333333335 0.285 0.03 0.02
0 0.3983333333333333 0.27 0.023333333333333334 0.02666666666666667
0 0.17166666666666666 0.23833333333333334 0.023333333333333334 0.02
0 0.23333333333333334 0.17 0.023333333333333334 0.02
0 0.24333333333333335 0.12166666666666667 0.02666666666666667 0.02
0 0.26 0.14166666666666666 0.023333333333333334 0.02
0 0.175 0.16666666666666666 0.02 0.02
0 0.25666666666666665 0.39166666666666666 0.02 0.023333333333333334
0 0.25166666666666665 0.24 0.023333333333333334 0.02666666666666667
0 0.31833333333333336 0.10833333333333334 0.03 0.023333333333333334
0 0.06833333333333333 0.9683333333333334 0.023333333333333334 0.02666666666666667
0 0.03833333333333333 0.5333333333333333 0.023333333333333334 0.023333333333333334
0 0.365 0.8516666666666667 0.02666666666666667 0.02666666666666667
0 0.09833333333333333 0.945 0.023333333333333334 0.023333333333333334
0 0.43666666666666665 0.8166666666666667 0.025 0.025
0 0.12166666666666667 0.8683333333333333 0.02666666666666667 0.023333333333333334
0 0.135 0.8433333333333334 0.025 0.023333333333333334
0 0.605 0.9 0.025 0.023333333333333334
0 0.19166666666666668 0.5233333333333333 0.03 0.025
0 0.028333333333333332 0.5583333333333333 0.028333333333333332 0.02666666666666667
0 0.8116666666666666 0.12333333333333334 0.023333333333333334 0.025
0 0.325 0.8316666666666667 0.023333333333333334 0.028333333333333332