0 0.8266666666666667 0.2916666666666667 0.02 0.02
0 0.765 0.475 0.023333333333333334 0.023333333333333334
0 0.7283333333333334 0.5366666666666666 0.02666666666666667 0.02
0 0.75 0.6816666666666666 0.025 0.023333333333333334
0 0.555 0.6366666666666667 0.02666666666666667 0.023333333333333334
0 0.06333333333333334 0.6783333333333333 0.02666666666666667 0.023333333333333334
0 0.08833333333333333 0.76 0.023333333333333334 0.03
0 0.03833333333333333 0.84 0.023333333333333334 0.02
0 0.06666666666666667 0.81 0.02 0.02666666666666667
0 0.2833333333333333 0.7216666666666667 0.02666666666666667 0.02
0 0.325 0.9866666666666667 0.023333333333333334 0.02666666666666667
0 0.5783333333333334 0.6766666666666666 0.02 0.02
0 0.5266666666666666 0.7783333333333333 0.02 0.023333333333333334
0 0.49166666666666664 0.9266666666666666 0.02666666666666667 0.03
0 0.5233333333333333 0.9566666666666667 0.023333333333333334 0.023333333333333334
0 0.5416666666666666 0.8216666666666667 0.023333333333333334 0.02
0 0.5083333333333333 0.8016666666666666 0.02666666666666667 0.02
0 0.5083333333333333 0.8816666666666667 0.023333333333333334 0.02
0 0.30333333333333334 0.7733333333333333 0.03 0.02666666666666667
0 0.205 0.5666666666666667 0.02 0.02
0 0.98 0.515 0.03 0.03
0 0.5683333333333334 0.6166666666666667 0.02666666666666667 0.02666666666666667
0 0.9283333333333333 0.22833333333333333 0.023333333333333334 0.023333333333333334
0 0.845 0.30333333333333334 0.023333333333333334 0.023333333333333334
0 0.5533333333333333 0.9033333333333333 0.023333333333333334 0.023333333333333334
0 0.785 0.40166666666666667 0.02666666666666667 0.02666666666666667
0 0.97 0.16166666666666665 0.02666666666666667 0.02666666666666667
0 0.5666666666666667 0.81 0.023333333333333334 0.023333333333333334
0 0.4866666666666667 0.8616666666666667 0.023333333333333334 0.023333333333333334
0 0.49333333333333335 0.82 0.023333333333333334 0.023333333333333334
0 0.515 0.8333333333333334 0.023333333333333334 0.023333333333333334
0 0.09166666666666666 0.8316666666666667 0.02666666666666667 0.02666666666666667
0 0.24666666666666667 0.5816666666666667 0.02666666666666667 0.02666666666666667
0 0.26 0.8366666666666667 0.03 0.02666666666666667
0 0.33166666666666667 0.9516666666666667 0.02666666666666667 0.02666666666666667
0 0.9333333333333333 0.9133333333333333 0.02666666666666667 0.02666666666666667
0 0.9766666666666667 0.47333333333333333 0.023333333333333334 0.023333333333333334
0 0.015 0.6816666666666666 0.025 0.025
0 0.6 0.8683333333333333 0.02 0.021666666666666667