0 0.6733333333333333 0.3233333333333333 0.023333333333333334 0.023333333333333334
0 0.7983333333333333 0.23333333333333334 0.023333333333333334 0.02666666666666667
0 0.7866666666666666 0.315 0.02 0.02
0 0.8033333333333333 0.2833333333333333 0.023333333333333334 0.02
0 0.8316666666666667 0.2833333333333333 0.03 0.023333333333333334
0 0.8066666666666666 0.5616666666666666 0.03 0.03
0 0.7983333333333333 0.5783333333333334 0.023333333333333334 0.02
0 0.7966666666666666 0.6033333333333334 0.02666666666666667 0.023333333333333334
0 0.7916666666666666 0.62 0.03 0.02
0 0.8533333333333334 0.6366666666666667 0.023333333333333334 0.02666666666666667
0 0.7733333333333333 0.585 0.023333333333333334 0.02
0 0.7466666666666667 0.66 0.02666666666666667 0.023333333333333334
0 0.8383333333333334 0.6933333333333334 0.02 0.023333333333333334
0 0.8366666666666667 0.7166666666666667 0.023333333333333334 0.023333333333333334
0 0.8066666666666666 0.6816666666666666 0.03 0.023333333333333334