0 0.14833333333333334 0.7316666666666667 0.025 0.023333333333333334
0 0.21666666666666667 0.775 0.02666666666666667 0.02
0 0.435 0.9133333333333333 0.03 0.03
0 0.3383333333333333 0.6966666666666667 0.023333333333333334 0.023333333333333334
0 0.28 0.6083333333333333 0.02666666666666667 0.023333333333333334
0 0.35 0.7883333333333333 0.03 0.02666666666666667
0 0.3516666666666667 0.7533333333333333 0.03 0.023333333333333334
0 0.37333333333333335 0.6733333333333333 0.03 0.023333333333333334
0 0.23166666666666666 0.8766666666666667 0.02666666666666667 0.02666666666666667
0 0.26666666666666666 0.7866666666666666 0.023333333333333334 0.023333333333333334
0 0.33666666666666667 0.8516666666666667 0.03 0.03
0 0.4483333333333333 0.6116666666666667 0.023333333333333334 0.023333333333333334
0 0.9733333333333334 0.6066666666666667 0.02666666666666667 0.02666666666666667
0 0.24833333333333332 0.6066666666666667 0.02666666666666667 0.023333333333333334
0 0.43833333333333335 0.6833333333333333 0.02666666666666667 0.02666666666666667
0 0.15833333333333333 0.895 0.02666666666666667 0.02666666666666667
0 0.2816666666666667 0.8583333333333333 0.023333333333333334 0.023333333333333334
0 0.9066666666666666 0.06333333333333334 0.023333333333333334 0.023333333333333334
0 0.875 0.03833333333333333 0.023333333333333334 0.023333333333333334
0 0.06166666666666667 0.36666666666666664 0.03 0.03
0 0.3233333333333333 0.5566666666666666 0.028333333333333332 0.021666666666666667
0 0.3433333333333333 0.8116666666666666 0.028333333333333332 0.028333333333333332
0 0.7266666666666667 0.9333333333333333 0.02666666666666667 0.03333333333333333
0 0.9466666666666667 0.865 0.03 0.025