0 0.10166666666666667 0.135 0.03 0.02
0 0.33 0.37166666666666665 0.02666666666666667 0.023333333333333334
0 0.10666666666666667 0.23 0.02666666666666667 0.02666666666666667
0 0.4683333333333333 0.365 0.023333333333333334 0.023333333333333334
0 0.2783333333333333 0.08666666666666667 0.02666666666666667 0.023333333333333334
0 0.38666666666666666 0.365 0.023333333333333334 0.025
0 0.37166666666666665 0.4066666666666667 0.023333333333333334 0.023333333333333334
0 0.9483333333333334 0.18333333333333332 0.03 0.03
0 0.785 0.14166666666666666 0.02666666666666667 0.02666666666666667
0 0.26166666666666666 0.9383333333333334 0.03 0.02666666666666667
0 0.15166666666666667 0.8033333333333333 0.023333333333333334 0.02
0 0.2783333333333333 0.9183333333333333 0.02666666666666667 0.023333333333333334
0 0.21333333333333335 0.9316666666666666 0.02666666666666667 0.02666666666666667
0 0.6216666666666667 0.78 0.023333333333333334 0.02666666666666667
0 0.8966666666666666 0.9816666666666667 0.02 0.02666666666666667