0 0.86 0.9033333333333333 0.023333333333333334 0.02666666666666667
0 0.9066666666666666 0.935 0.02666666666666667 0.023333333333333334
0 0.8 0.745 0.02666666666666667 0.02666666666666667
0 0.56 0.55 0.03 0.03333333333333333
0 0.9266666666666666 0.97 0.02 0.02666666666666667
0 0.4483333333333333 0.34 0.02666666666666667 0.03
0 0.43666666666666665 0.30833333333333335 0.02666666666666667 0.03
0 0.495 0.09333333333333334 0.02666666666666667 0.02666666666666667
0 0.5266666666666666 0.36833333333333335 0.02 0.023333333333333334
0 0.5266666666666666 0.2916666666666667 0.02 0.03
0 0.53 0.33666666666666667 0.023333333333333334 0.03
0 0.49166666666666664 0.2733333333333333 0.028333333333333332 0.028333333333333332
0 0.043333333333333335 0.65 0.028333333333333332 0.03
0 0.73 0.12 0.03 0.03166666666666667