0 0.43833333333333335 0.7866666666666666 0.02666666666666667 0.023333333333333334
0 0.42333333333333334 0.905 0.023333333333333334 0.023333333333333334
0 0.3933333333333333 0.8466666666666667 0.02666666666666667 0.023333333333333334
0 0.3933333333333333 0.9566666666666667 0.02666666666666667 0.023333333333333334
0 0.041666666666666664 0.7533333333333333 0.03333333333333333 0.02666666666666667
0 0.051666666666666666 0.8133333333333334 0.03333333333333333 0.03
0 0.06666666666666667 0.5116666666666667 0.023333333333333334 0.02666666666666667
0 0.3983333333333333 0.7816666666666666 0.023333333333333334 0.023333333333333334
0 0.4116666666666667 0.8366666666666667 0.023333333333333334 0.023333333333333334
0 0.38 0.9766666666666667 0.02666666666666667 0.02666666666666667
0 0.375 0.8016666666666666 0.023333333333333334 0.023333333333333334
0 0.44333333333333336 0.8116666666666666 0.02666666666666667 0.02666666666666667
0 0.4716666666666667 0.7316666666666667 0.02666666666666667 0.02666666666666667
0 0.815 0.3883333333333333 0.03 0.03
0 0.9216666666666666 0.3283333333333333 0.03 0.03
0 0.8616666666666667 0.48833333333333334 0.02666666666666667 0.02666666666666667
0 0.8583333333333333 0.135 0.02666666666666667 0.02666666666666667
0 0.9583333333333334 0.31 0.03 0.023333333333333334
0 0.675 0.25666666666666665 0.02666666666666667 0.02666666666666667
0 0.49666666666666665 0.7266666666666667 0.02666666666666667 0.023333333333333334
0 0.6716666666666666 0.21333333333333335 0.023333333333333334 0.023333333333333334
0 0.7183333333333334 0.83 0.03 0.03
0 0.925 0.4116666666666667 0.02666666666666667 0.02666666666666667
0 0.5133333333333333 0.6083333333333333 0.02666666666666667 0.02666666666666667
0 0.8633333333333333 0.03666666666666667 0.023333333333333334 0.023333333333333334
0 0.8633333333333333 0.075 0.023333333333333334 0.023333333333333334
0 0.72 0.18333333333333332 0.023333333333333334 0.023333333333333334
0 0.85 0.44 0.03 0.02666666666666667
0 0.5083333333333333 0.7083333333333334 0.02666666666666667 0.02666666666666667
0 0.02 0.7783333333333333 0.025 0.02666666666666667