0 0.37833333333333335 0.26 0.03 0.03
0 0.3333333333333333 0.6983333333333334 0.02666666666666667 0.02666666666666667
0 0.49333333333333335 0.7283333333333334 0.023333333333333334 0.02666666666666667
0 0.47833333333333333 0.6466666666666666 0.03 0.02666666666666667
0 0.4116666666666667 0.6466666666666666 0.03 0.023333333333333334
0 0.44333333333333336 0.84 0.02 0.02666666666666667
0 0.3433333333333333 0.8183333333333334 0.03 0.02666666666666667
0 0.36333333333333334 0.6216666666666667 0.03 0.03
0 0.41333333333333333 0.7016666666666667 0.03 0.03
0 0.3383333333333333 0.7233333333333334 0.03 0.02666666666666667
0 0.39166666666666666 0.72 0.02666666666666667 0.02666666666666667
0 0.44166666666666665 0.495 0.02666666666666667 0.02666666666666667