0 0.7366666666666667 0.7416666666666667 0.028333333333333332 0.03333333333333333
0 0.7216666666666667 0.8316666666666667 0.023333333333333334 0.03
0 0.86 0.7316666666666667 0.03166666666666667 0.03166666666666667
0 0.9483333333333334 0.6483333333333333 0.03 0.02666666666666667
0 0.415 0.84 0.03 0.02666666666666667
0 0.375 0.84 0.03 0.023333333333333334
0 0.7833333333333333 0.8333333333333334 0.03 0.03
0 0.7083333333333334 0.6433333333333333 0.028333333333333332 0.03333333333333333
0 0.8916666666666667 0.9083333333333333 0.02666666666666667 0.02666666666666667
0 0.9683333333333334 0.25666666666666665 0.02 0.023333333333333334
0 0.8766666666666667 0.2833333333333333 0.03 0.03
0 0.9766666666666667 0.29833333333333334 0.02 0.03
0 0.13666666666666666 0.08166666666666667 0.023333333333333334 0.023333333333333334
0 0.07333333333333333 0.018333333333333333 0.03 0.02
0 0.16666666666666666 0.04833333333333333 0.023333333333333334 0.02
0 0.06166666666666667 0.06666666666666667 0.02666666666666667 0.02666666666666667
0 0.99 0.3383333333333333 0.018333333333333333 0.025
0 0.965 0.3516666666666667 0.025 0.02666666666666667
0 0.5983333333333334 0.6566666666666666 0.023333333333333334 0.023333333333333334