0 0.085 0.245 0.023333333333333334 0.023333333333333334
0 0.028333333333333332 0.265 0.023333333333333334 0.02
0 0.025 0.37 0.02666666666666667 0.023333333333333334
0 0.8283333333333334 0.5233333333333333 0.03 0.02666666666666667
0 0.7916666666666666 0.675 0.02666666666666667 0.023333333333333334
0 0.8266666666666667 0.6583333333333333 0.03 0.02666666666666667
0 0.8566666666666667 0.5366666666666666 0.02666666666666667 0.02666666666666667
0 0.6516666666666666 0.8283333333333334 0.02666666666666667 0.02666666666666667
0 0.7283333333333334 0.9666666666666667 0.02666666666666667 0.02666666666666667
0 0.9366666666666666 0.6333333333333333 0.03 0.023333333333333334
0 0.5783333333333334 0.8016666666666666 0.03 0.02666666666666667
0 0.6166666666666667 0.775 0.02666666666666667 0.023333333333333334
0 0.76 0.7366666666666667 0.02666666666666667 0.02666666666666667
0 0.8016666666666666 0.6116666666666667 0.02666666666666667 0.02666666666666667
0 0.6883333333333334 0.6633333333333333 0.03333333333333333 0.03
0 0.9816666666666667 0.5533333333333333 0.03 0.023333333333333334
0 0.7716666666666666 0.9116666666666666 0.023333333333333334 0.02
0 0.815 0.7183333333333334 0.02666666666666667 0.023333333333333334
0 0.6816666666666666 0.895 0.02666666666666667 0.02666666666666667
0 0.7933333333333333 0.9783333333333334 0.02666666666666667 0.02666666666666667
0 0.8316666666666667 0.9583333333333334 0.03 0.03
0 0.685 0.8383333333333334 0.02 0.02
0 0.985 0.8833333333333333 0.03 0.03
0 0.97 0.7183333333333334 0.02666666666666667 0.023333333333333334
0 0.7816666666666666 0.755 0.03 0.03
0 0.8966666666666666 0.30833333333333335 0.02666666666666667 0.02666666666666667
0 0.67 0.6 0.023333333333333334 0.025