0 0.18 0.3383333333333333 0.02666666666666667 0.02666666666666667
0 0.15333333333333332 0.225 0.023333333333333334 0.02666666666666667
0 0.17333333333333334 0.36833333333333335 0.03 0.025
0 0.5 0.3566666666666667 0.03 0.03
0 0.7583333333333333 0.28833333333333333 0.02666666666666667 0.02
0 0.8566666666666667 0.18166666666666667 0.02666666666666667 0.03
0 0.8416666666666667 0.20333333333333334 0.03 0.02666666666666667
0 0.9633333333333334 0.17833333333333334 0.03 0.02666666666666667
0 0.9416666666666667 0.19833333333333333 0.02666666666666667 0.03
0 0.9816666666666667 0.255 0.03 0.03
0 0.7283333333333334 0.31666666666666665 0.03 0.02666666666666667
0 0.8116666666666666 0.22333333333333333 0.02666666666666667 0.023333333333333334
0 0.96 0.26166666666666666 0.023333333333333334 0.023333333333333334
0 0.9833333333333333 0.12333333333333334 0.02666666666666667 0.02666666666666667
0 0.315 0.905 0.02666666666666667 0.023333333333333334
0 0.935 0.6283333333333333 0.02666666666666667 0.02666666666666667
0 0.815 0.7883333333333333 0.03 0.023333333333333334
0 0.9683333333333334 0.5666666666666667 0.03 0.023333333333333334
0 0.925 0.5883333333333334 0.03 0.023333333333333334
0 0.715 0.865 0.02 0.023333333333333334
0 0.5633333333333334 0.6033333333333334 0.03 0.02666666666666667
0 0.6716666666666666 0.5683333333333334 0.02666666666666667 0.02666666666666667
0 0.7316666666666667 0.7733333333333333 0.03 0.02666666666666667
0 0.8183333333333334 0.6133333333333333 0.03 0.02666666666666667
0 0.7583333333333333 0.8966666666666666 0.023333333333333334 0.023333333333333334
0 0.6016666666666667 0.8266666666666667 0.023333333333333334 0.023333333333333334
0 0.6566666666666666 0.6016666666666667 0.023333333333333334 0.023333333333333334
0 0.7133333333333334 0.9016666666666666 0.021666666666666667 0.025
0 0.13833333333333334 0.17 0.02 0.021666666666666667
0 0.19833333333333333 0.72 0.03 0.03