0 0.27166666666666667 0.6366666666666667 0.023333333333333334 0.02
0 0.44666666666666666 0.17833333333333334 0.02666666666666667 0.02
0 0.30333333333333334 0.6466666666666666 0.023333333333333334 0.023333333333333334
0 0.4666666666666667 0.058333333333333334 0.023333333333333334 0.02
0 0.16333333333333333 0.315 0.02666666666666667 0.023333333333333334
0 0.085 0.5883333333333334 0.02666666666666667 0.02666666666666667
0 0.27 0.5566666666666666 0.023333333333333334 0.023333333333333334
0 0.18 0.39166666666666666 0.023333333333333334 0.023333333333333334
0 0.445 0.735 0.023333333333333334 0.023333333333333334
0 0.43166666666666664 0.7333333333333333 0.016666666666666666 0.02
0 0.33 0.3383333333333333 0.023333333333333334 0.023333333333333334
0 0.6516666666666666 0.6 0.02666666666666667 0.03
0 0.65 0.6433333333333333 0.02666666666666667 0.02666666666666667
0 0.8283333333333334 0.7133333333333334 0.02666666666666667 0.023333333333333334
0 0.8566666666666667 0.7216666666666667 0.02 0.02666666666666667
0 0.8766666666666667 0.7583333333333333 0.03 0.02666666666666667
0 0.8416666666666667 0.7733333333333333 0.02666666666666667 0.02666666666666667
0 0.8783333333333333 0.7066666666666667 0.02 0.02666666666666667
0 0.6816666666666666 0.8383333333333334 0.023333333333333334 0.023333333333333334
0 0.525 0.6666666666666666 0.023333333333333334 0.023333333333333334
0 0.8283333333333334 0.13833333333333334 0.023333333333333334 0.02666666666666667
0 0.6466666666666666 0.16666666666666666 0.02 0.02
0 0.6766666666666666 0.24833333333333332 0.02666666666666667 0.02
0 0.75 0.37 0.03 0.023333333333333334
0 0.7916666666666666 0.415 0.03 0.02666666666666667
0 0.775 0.4866666666666667 0.03 0.03
0 0.92 0.195 0.023333333333333334 0.021666666666666667
0 0.805 0.45666666666666667 0.02666666666666667 0.02666666666666667
0 0.655 0.12333333333333334 0.025 0.02666666666666667
0 0.8483333333333334 0.16333333333333333 0.02666666666666667 0.02666666666666667
0 0.49833333333333335 0.665 0.02666666666666667 0.02
0 0.8933333333333333 0.6633333333333333 0.03166666666666667 0.028333333333333332
0 0.4683333333333333 0.14666666666666667 0.02666666666666667 0.02666666666666667