0 0.5816666666666667 0.4483333333333333 0.023333333333333334 0.02
0 0.595 0.4666666666666667 0.023333333333333334 0.023333333333333334
0 0.6033333333333334 0.3566666666666667 0.02666666666666667 0.02666666666666667
0 0.045 0.07333333333333333 0.023333333333333334 0.02
0 0.32166666666666666 0.8616666666666667 0.02666666666666667 0.02666666666666667
0 0.22333333333333333 0.8316666666666667 0.03333333333333333 0.02666666666666667
0 0.24333333333333335 0.7016666666666667 0.02666666666666667 0.023333333333333334
0 0.275 0.755 0.023333333333333334 0.023333333333333334
0 0.43 0.92 0.023333333333333334 0.023333333333333334
0 0.37333333333333335 0.6983333333333334 0.03 0.03
0 0.44666666666666666 0.9733333333333334 0.023333333333333334 0.023333333333333334
0 0.245 0.82 0.02 0.02
0 0.26166666666666666 0.8333333333333334 0.016666666666666666 0.02
0 0.36666666666666664 0.945 0.023333333333333334 0.023333333333333334
0 0.8683333333333333 0.9433333333333334 0.02666666666666667 0.03
0 0.6916666666666667 0.7566666666666667 0.02666666666666667 0.02666666666666667
0 0.8366666666666667 0.7066666666666667 0.02666666666666667 0.02666666666666667
0 0.6866666666666666 0.9783333333333334 0.03 0.02666666666666667
0 0.6683333333333333 0.7816666666666666 0.03 0.02666666666666667
0 0.8233333333333334 0.96 0.02666666666666667 0.02
0 0.5833333333333334 0.905 0.023333333333333334 0.03
0 0.7083333333333334 0.8983333333333333 0.02 0.023333333333333334
0 0.6916666666666667 0.835 0.03 0.023333333333333334
0 0.9866666666666667 0.79 0.02 0.02
0 0.9416666666666667 0.8933333333333333 0.023333333333333334 0.023333333333333334
0 0.8016666666666666 0.7166666666666667 0.023333333333333334 0.023333333333333334
0 0.8783333333333333 0.8983333333333333 0.023333333333333334 0.023333333333333334
0 0.9683333333333334 0.8233333333333334 0.02666666666666667 0.02666666666666667
0 0.7216666666666667 0.7716666666666666 0.023333333333333334 0.023333333333333334
0 0.21 0.011666666666666667 0.03 0.016666666666666666
0 0.006666666666666667 0.013333333333333334 0.013333333333333334 0.023333333333333334
0 0.735 0.8366666666666667 0.021666666666666667 0.021666666666666667
0 0.9483333333333334 0.6116666666666667 0.02666666666666667 0.028333333333333332