0 0.043333333333333335 0.10666666666666667 0.02666666666666667 0.02666666666666667
0 0.016666666666666666 0.03833333333333333 0.02666666666666667 0.02666666666666667
0 0.21166666666666667 0.4866666666666667 0.02666666666666667 0.023333333333333334
0 0.24333333333333335 0.5016666666666667 0.03 0.02666666666666667
0 0.27 0.5133333333333333 0.03 0.02666666666666667
0 0.19333333333333333 0.8266666666666667 0.02666666666666667 0.023333333333333334
0 0.275 0.7266666666666667 0.02 0.02666666666666667
0 0.29833333333333334 0.7716666666666666 0.02 0.02666666666666667
0 0.4 0.13666666666666666 0.021666666666666667 0.025
0 0.265 0.2966666666666667 0.028333333333333332 0.03
0 0.21333333333333335 0.77 0.02666666666666667 0.02666666666666667
0 0.295 0.2833333333333333 0.028333333333333332 0.03166666666666667
0 0.24 0.6233333333333333 0.023333333333333334 0.023333333333333334
0 0.23333333333333334 0.81 0.021666666666666667 0.023333333333333334
0 0.165 0.4583333333333333 0.02666666666666667 0.02666666666666667
0 0.37 0.7516666666666667 0.02666666666666667 0.02666666666666667
0 0.2916666666666667 0.7366666666666667 0.02666666666666667 0.02666666666666667
0 0.3383333333333333 0.275 0.03333333333333333 0.03
0 0.3283333333333333 0.7633333333333333 0.02666666666666667 0.02666666666666667
0 0.25333333333333335 0.8033333333333333 0.02666666666666667 0.023333333333333334
0 0.6216666666666667 0.17333333333333334 0.02666666666666667 0.023333333333333334
0 0.5216666666666666 0.18166666666666667 0.023333333333333334 0.02666666666666667
0 0.5283333333333333 0.16333333333333333 0.02 0.02
0 0.6516666666666666 0.13333333333333333 0.03 0.03
0 0.5666666666666667 0.19333333333333333 0.035 0.03333333333333333
0 0.5683333333333334 0.135 0.02666666666666667 0.03166666666666667
0 0.17333333333333334 0.6516666666666666 0.028333333333333332 0.025
0 0.12666666666666668 0.08666666666666667 0.03166666666666667 0.023333333333333334
0 0.095 0.47833333333333333 0.03666666666666667 0.03
0 0.405 0.7083333333333334 0.028333333333333332 0.028333333333333332
0 0.22 0.7933333333333333 0.023333333333333334 0.028333333333333332