0 0.18166666666666667 0.7816666666666666 0.02666666666666667 0.03
0 0.025 0.8316666666666667 0.02666666666666667 0.02666666666666667
0 0.03 0.675 0.02666666666666667 0.02666666666666667
0 0.15 0.8133333333333334 0.02666666666666667 0.02666666666666667
0 0.655 0.6533333333333333 0.03 0.03333333333333333
0 0.5883333333333334 0.655 0.02666666666666667 0.023333333333333334
0 0.6933333333333334 0.7183333333333334 0.023333333333333334 0.02666666666666667
0 0.7133333333333334 0.39166666666666666 0.03666666666666667 0.03333333333333333
0 0.645 0.445 0.02666666666666667 0.02666666666666667
0 0.725 0.44666666666666666 0.02666666666666667 0.03
0 0.6133333333333333 0.635 0.023333333333333334 0.02
0 0.625 0.8133333333333334 0.02666666666666667 0.02666666666666667
0 0.6683333333333333 0.6916666666666667 0.03 0.03
0 0.7183333333333334 0.3516666666666667 0.03 0.02666666666666667
0 0.6116666666666667 0.5766666666666667 0.02666666666666667 0.02666666666666667
0 0.3433333333333333 0.043333333333333335 0.03333333333333333 0.023333333333333334
0 0.24833333333333332 0.12666666666666668 0.023333333333333334 0.023333333333333334
0 0.18666666666666668 0.13166666666666665 0.02 0.023333333333333334
0 0.17833333333333334 0.18 0.023333333333333334 0.023333333333333334
0 0.23 0.20166666666666666 0.023333333333333334 0.02
0 0.006666666666666667 0.4533333333333333 0.013333333333333334 0.023333333333333334
0 0.105 0.105 0.02666666666666667 0.02666666666666667
0 0.3016666666666667 0.21166666666666667 0.023333333333333334 0.023333333333333334
0 0.15666666666666668 0.505 0.02666666666666667 0.023333333333333334
0 0.075 0.3433333333333333 0.023333333333333334 0.023333333333333334
0 0.155 0.3 0.02666666666666667 0.02666666666666667
0 0.29333333333333333 0.13833333333333334 0.03 0.03
0 0.16166666666666665 0.14333333333333334 0.02666666666666667 0.023333333333333334
0 0.12333333333333334 0.445 0.02666666666666667 0.023333333333333334
0 0.2683333333333333 0.175 0.023333333333333334 0.02
0 0.1 0.043333333333333335 0.02666666666666667 0.02666666666666667
0 0.14666666666666667 0.4716666666666667 0.023333333333333334 0.023333333333333334
0 0.20833333333333334 0.39166666666666666 0.021666666666666667 0.025
0 0.5266666666666666 0.735 0.025 0.02666666666666667
0 0.07 0.6516666666666666 0.02666666666666667 0.023333333333333334