0 0.21333333333333335 0.07333333333333333 0.03 0.02666666666666667
0 0.04 0.06 0.02666666666666667 0.023333333333333334
0 0.04833333333333333 0.08 0.02 0.02666666666666667
0 0.17166666666666666 0.06 0.02 0.02
0 0.07 0.15166666666666667 0.025 0.02666666666666667
0 0.07333333333333333 0.19333333333333333 0.023333333333333334 0.03
0 0.06166666666666667 0.21666666666666667 0.023333333333333334 0.02666666666666667
0 0.17833333333333334 0.22833333333333333 0.023333333333333334 0.03
0 0.15333333333333332 0.24833333333333332 0.02 0.023333333333333334
0 0.33166666666666667 0.17166666666666666 0.03 0.023333333333333334
0 0.36333333333333334 0.19 0.02666666666666667 0.02666666666666667
0 0.31166666666666665 0.22166666666666668 0.03 0.03
0 0.20333333333333334 0.23166666666666666 0.02666666666666667 0.03
0 0.23 0.25333333333333335 0.03 0.028333333333333332
0 0.25333333333333335 0.23666666666666666 0.02666666666666667 0.03
0 0.4483333333333333 0.3233333333333333 0.02666666666666667 0.023333333333333334
0 0.405 0.36666666666666664 0.02 0.02666666666666667
0 0.4266666666666667 0.3616666666666667 0.02666666666666667 0.02666666666666667
0 0.23333333333333334 0.13166666666666665 0.023333333333333334 0.02
0 0.23833333333333334 0.03666666666666667 0.02666666666666667 0.023333333333333334
0 0.20666666666666667 0.315 0.02666666666666667 0.02
0 0.3383333333333333 0.30833333333333335 0.02666666666666667 0.02666666666666667
0 0.43666666666666665 0.23 0.03 0.02666666666666667
0 0.405 0.43666666666666665 0.025 0.03
0 0.075 0.42333333333333334 0.023333333333333334 0.023333333333333334
0 0.22833333333333333 0.5583333333333333 0.03 0.03
0 0.20833333333333334 0.54 0.023333333333333334 0.02666666666666667
0 0.19333333333333333 0.5266666666666666 0.023333333333333334 0.023333333333333334
0 0.32666666666666666 0.5983333333333334 0.03 0.03
0 0.38 0.6183333333333333 0.02666666666666667 0.03
0 0.42 0.6066666666666667 0.023333333333333334 0.03
0 0.46166666666666667 0.65 0.02666666666666667 0.021666666666666667
0 0.24166666666666667 0.6766666666666666 0.023333333333333334 0.02666666666666667
0 0.185 0.7366666666666667 0.023333333333333334 0.03
0 0.13166666666666665 0.7466666666666667 0.03 0.02666666666666667
0 0.08 0.7366666666666667 0.03 0.03333333333333333
0 0.22333333333333333 0.7666666666666667 0.02666666666666667 0.02666666666666667
0 0.135 0.71 0.02666666666666667 0.02666666666666667
0 0.26 0.8366666666666667 0.02666666666666667 0.023333333333333334
0 0.44666666666666666 0.7083333333333334 0.02666666666666667 0.02666666666666667
0 0.15333333333333332 0.8416666666666667 0.02 0.02
0 0.25833333333333336 0.9316666666666666 0.028333333333333332 0.03166666666666667
0 0.365 0.97 0.02666666666666667 0.02666666666666667
0 0.38166666666666665 0.94 0.023333333333333334 0.023333333333333334
0 0.305 0.9016666666666666 0.02666666666666667 0.02666666666666667
0 0.33666666666666667 0.8366666666666667 0.02 0.02
0 0.4166666666666667 0.8383333333333334 0.03 0.03
0 0.3416666666666667 0.6183333333333333 0.02666666666666667 0.02666666666666667
0 0.31 0.775 0.02666666666666667 0.023333333333333334
0 0.5933333333333334 0.5983333333333334 0.023333333333333334 0.02
0 0.7116666666666667 0.9016666666666666 0.02666666666666667 0.03
0 0.5833333333333334 0.7566666666666667 0.023333333333333334 0.023333333333333334
0 0.595 0.705 0.023333333333333334 0.023333333333333334
0 0.61 0.8916666666666667 0.02666666666666667 0.03
0 0.59 0.945 0.02 0.02
0 0.6566666666666666 0.9416666666666667 0.023333333333333334 0.023333333333333334
0 0.69 0.9866666666666667 0.028333333333333332 0.023333333333333334
0 0.7816666666666666 0.9383333333333334 0.023333333333333334 0.02666666666666667
0 0.8 0.8916666666666667 0.021666666666666667 0.023333333333333334
0 0.7833333333333333 0.9133333333333333 0.023333333333333334 0.023333333333333334
0 0.8366666666666667 0.9266666666666666 0.03 0.02
0 0.8416666666666667 0.9433333333333334 0.02666666666666667 0.023333333333333334
0 0.91 0.97 0.023333333333333334 0.02
0 0.8166666666666667 0.9483333333333334 0.02666666666666667 0.02666666666666667
0 0.835 0.9766666666666667 0.02666666666666667 0.023333333333333334
0 0.6116666666666667 0.5133333333333333 0.02666666666666667 0.02666666666666667
0 0.8516666666666667 0.9083333333333333 0.023333333333333334 0.023333333333333334
0 0.58 0.008333333333333333 0.02666666666666667 0.016666666666666666
0 0.8766666666666667 0.20666666666666667 0.03 0.02666666666666667
0 0.785 0.30666666666666664 0.02 0.02666666666666667
0 0.06333333333333334 0.021666666666666667 0.02666666666666667 0.03
0 0.5216666666666666 0.08833333333333333 0.023333333333333334 0.023333333333333334
0 0.13333333333333333 0.12666666666666668 0.02 0.025
0 0.285 0.59 0.023333333333333334 0.02666666666666667
0 0.42333333333333334 0.40166666666666667 0.025 0.025
0 0.3883333333333333 0.65 0.028333333333333332 0.02666666666666667
0 0.47 0.295 0.025 0.025
0 0.6733333333333333 0.8983333333333333 0.025 0.03
0 0.18666666666666668 0.14833333333333334 0.028333333333333332 0.03333333333333333