0 0.4166666666666667 0.8516666666666667 0.02666666666666667 0.02666666666666667
0 0.37833333333333335 0.855 0.03 0.03
0 0.5116666666666667 0.9433333333333334 0.02 0.02
0 0.7666666666666667 0.6266666666666667 0.02 0.02
0 0.7366666666666667 0.66 0.02 0.02
0 0.775 0.6933333333333334 0.03 0.02
0 0.5866666666666667 0.735 0.03 0.02
0 0.8266666666666667 0.7116666666666667 0.02666666666666667 0.02
0 0.655 0.7716666666666666 0.023333333333333334 0.02666666666666667
0 0.7133333333333334 0.745 0.02 0.02
0 0.8466666666666667 0.8383333333333334 0.02 0.02
0 0.9033333333333333 0.8316666666666667 0.03 0.03
0 0.8933333333333333 0.9116666666666666 0.023333333333333334 0.03
0 0.6316666666666667 0.95 0.02666666666666667 0.023333333333333334
0 0.9183333333333333 0.8866666666666667 0.02 0.03
0 0.8666666666666667 0.8383333333333334 0.02 0.02666666666666667
0 0.755 0.865 0.023333333333333334 0.023333333333333334
0 0.9283333333333333 0.6316666666666667 0.03 0.03
0 0.935 0.5466666666666666 0.03 0.03
0 0.9483333333333334 0.6016666666666667 0.02 0.023333333333333334
0 0.935 0.7283333333333334 0.023333333333333334 0.02
0 0.975 0.785 0.02 0.023333333333333334
0 0.695 0.6333333333333333 0.03 0.03
0 0.9233333333333333 0.61 0.02666666666666667 0.02666666666666667
0 0.28 0.175 0.025 0.02666666666666667
0 0.7116666666666667 0.045 0.03 0.02
0 0.8033333333333333 0.07833333333333334 0.02 0.02
0 0.9366666666666666 0.235 0.023333333333333334 0.023333333333333334
0 0.9366666666666666 0.21 0.02 0.023333333333333334
0 0.83 0.21833333333333332 0.02666666666666667 0.023333333333333334
0 0.6816666666666666 0.235 0.02666666666666667 0.02666666666666667
0 0.705 0.015 0.023333333333333334 0.02
0 0.935 0.10166666666666667 0.023333333333333334 0.02666666666666667
0 0.8066666666666666 0.19666666666666666 0.02666666666666667 0.02666666666666667
0 0.9183333333333333 0.115 0.016666666666666666 0.023333333333333334
0 0.63 0.3883333333333333 0.02666666666666667 0.02666666666666667
0 0.9816666666666667 0.51 0.03 0.03
0 0.68 0.12166666666666667 0.023333333333333334 0.028333333333333332