0 0.23 0.36833333333333335 0.02666666666666667 0.023333333333333334
0 0.25833333333333336 0.5183333333333333 0.02 0.02
0 0.17333333333333334 0.5333333333333333 0.02 0.02666666666666667
0 0.11666666666666667 0.44666666666666666 0.02666666666666667 0.023333333333333334
0 0.11833333333333333 0.3933333333333333 0.02666666666666667 0.02
0 0.21166666666666667 0.47833333333333333 0.02 0.02
0 0.19333333333333333 0.5333333333333333 0.02 0.02
0 0.30833333333333335 0.395 0.02 0.02
0 0.2 0.51 0.02 0.023333333333333334
0 0.17833333333333334 0.43 0.02666666666666667 0.02666666666666667
0 0.13333333333333333 0.24833333333333332 0.02 0.02666666666666667
0 0.27 0.44 0.03 0.02666666666666667
0 0.10833333333333334 0.3433333333333333 0.02666666666666667 0.023333333333333334
0 0.17333333333333334 0.475 0.023333333333333334 0.023333333333333334
0 0.18333333333333332 0.19333333333333333 0.03 0.03
0 0.25666666666666665 0.16333333333333333 0.023333333333333334 0.023333333333333334
0 0.6583333333333333 0.22 0.03 0.02666666666666667
0 0.6633333333333333 0.13 0.023333333333333334 0.023333333333333334
0 0.675 0.09166666666666666 0.02666666666666667 0.03
0 0.6333333333333333 0.74 0.023333333333333334 0.023333333333333334
0 0.74 0.011666666666666667 0.02666666666666667 0.023333333333333334
0 0.9416666666666667 0.335 0.023333333333333334 0.023333333333333334
0 0.8933333333333333 0.5483333333333333 0.02666666666666667 0.023333333333333334
0 0.635 0.17666666666666667 0.023333333333333334 0.023333333333333334
0 0.5533333333333333 0.03166666666666667 0.02666666666666667 0.03
0 0.8716666666666667 0.465 0.02666666666666667 0.02666666666666667
0 0.9133333333333333 0.495 0.023333333333333334 0.023333333333333334
0 0.9533333333333334 0.25166666666666665 0.023333333333333334 0.02666666666666667
0 0.27666666666666667 0.40166666666666667 0.03 0.02666666666666667
0 0.37833333333333335 0.59 0.02666666666666667 0.03