0 0.645 0.015 0.02666666666666667 0.023333333333333334
0 0.6766666666666666 0.03666666666666667 0.02666666666666667 0.023333333333333334
0 0.7083333333333334 0.02 0.02666666666666667 0.02
0 0.7016666666666667 0.03833333333333333 0.03 0.023333333333333334
0 0.8033333333333333 0.03 0.02 0.02
0 0.7933333333333333 0.04666666666666667 0.02666666666666667 0.02666666666666667
0 0.7533333333333333 0.09833333333333333 0.02 0.02
0 0.6666666666666666 0.13833333333333334 0.023333333333333334 0.02666666666666667
0 0.655 0.16 0.02666666666666667 0.02666666666666667
0 0.7266666666666667 0.16166666666666665 0.023333333333333334 0.03
0 0.7416666666666667 0.17833333333333334 0.03 0.03
0 0.7516666666666667 0.12833333333333333 0.03666666666666667 0.02
0 0.12666666666666668 0.2916666666666667 0.02666666666666667 0.02666666666666667
0 0.16333333333333333 0.2783333333333333 0.02666666666666667 0.023333333333333334
0 0.25833333333333336 0.44166666666666665 0.023333333333333334 0.023333333333333334
0 0.21166666666666667 0.25333333333333335 0.03 0.03
0 0.31333333333333335 0.06666666666666667 0.02666666666666667 0.02666666666666667
0 0.011666666666666667 0.045 0.023333333333333334 0.03666666666666667
0 0.2816666666666667 0.041666666666666664 0.025 0.02666666666666667