0 0.4633333333333333 0.115 0.03 0.02666666666666667
0 0.455 0.49166666666666664 0.02 0.02
0 0.4083333333333333 0.4483333333333333 0.02666666666666667 0.023333333333333334
0 0.4633333333333333 0.455 0.02666666666666667 0.02666666666666667
0 0.88 0.11333333333333333 0.02666666666666667 0.03
0 0.8783333333333333 0.06333333333333334 0.03333333333333333 0.02666666666666667
0 0.7566666666666667 0.14666666666666667 0.02666666666666667 0.023333333333333334
0 0.8816666666666667 0.24666666666666667 0.03 0.03
0 0.8566666666666667 0.2966666666666667 0.03 0.02666666666666667
0 0.93 0.19666666666666666 0.02666666666666667 0.023333333333333334
0 0.9316666666666666 0.09166666666666666 0.02666666666666667 0.03
0 0.7816666666666666 0.07666666666666666 0.02666666666666667 0.023333333333333334
0 0.9166666666666666 0.02666666666666667 0.02666666666666667 0.023333333333333334
0 0.875 0.48833333333333334 0.02666666666666667 0.023333333333333334
0 0.8583333333333333 0.14166666666666666 0.03 0.03
0 0.8933333333333333 0.35 0.02666666666666667 0.023333333333333334
0 0.9516666666666667 0.20833333333333334 0.03 0.03
0 0.9216666666666666 0.47833333333333333 0.03 0.02666666666666667
0 0.7616666666666667 0.12166666666666667 0.023333333333333334 0.023333333333333334
0 0.9233333333333333 0.365 0.02666666666666667 0.02666666666666667
0 0.8583333333333333 0.49333333333333335 0.023333333333333334 0.02
0 0.9533333333333334 0.38666666666666666 0.03 0.02
0 0.8983333333333333 0.5066666666666667 0.023333333333333334 0.02
0 0.9516666666666667 0.4866666666666667 0.023333333333333334 0.02
0 0.8916666666666667 0.125 0.03 0.023333333333333334
0 0.9516666666666667 0.48833333333333334 0.023333333333333334 0.02