0 0.7866666666666666 0.7866666666666666 0.03 0.02
0 0.8083333333333333 0.8283333333333334 0.02666666666666667 0.023333333333333334
0 0.9066666666666666 0.9466666666666667 0.02666666666666667 0.02666666666666667
0 0.6866666666666666 0.805 0.03 0.02
0 0.6733333333333333 0.7716666666666666 0.03 0.02666666666666667
0 0.6433333333333333 0.7433333333333333 0.023333333333333334 0.02
0 0.5916666666666667 0.7366666666666667 0.02 0.02
0 0.59 0.7816666666666666 0.023333333333333334 0.023333333333333334
0 0.6233333333333333 0.765 0.02666666666666667 0.02
0 0.575 0.5933333333333334 0.023333333333333334 0.02
0 0.5466666666666666 0.6383333333333333 0.023333333333333334 0.02
0 0.5316666666666666 0.5866666666666667 0.03 0.02666666666666667
0 0.5466666666666666 0.8316666666666667 0.02 0.03
0 0.9 0.925 0.02 0.02
0 0.76 0.7216666666666667 0.023333333333333334 0.02
0 0.79 0.7716666666666666 0.02666666666666667 0.023333333333333334
0 0.7316666666666667 0.6266666666666667 0.02 0.02
0 0.7616666666666667 0.6216666666666667 0.03 0.023333333333333334
0 0.7066666666666667 0.655 0.023333333333333334 0.023333333333333334
0 0.6983333333333334 0.6733333333333333 0.023333333333333334 0.02
0 0.8 0.7216666666666667 0.02 0.02
0 0.605 0.6733333333333333 0.02 0.02
0 0.6466666666666666 0.6116666666666667 0.023333333333333334 0.02
0 0.5816666666666667 0.6266666666666667 0.023333333333333334 0.023333333333333334
0 0.6066666666666667 0.8066666666666666 0.02 0.02
0 0.58 0.9583333333333334 0.02666666666666667 0.03
0 0.7816666666666666 0.93 0.023333333333333334 0.021666666666666667
0 0.79 0.9116666666666666 0.023333333333333334 0.02
0 0.8283333333333334 0.955 0.02666666666666667 0.03
0 0.6466666666666666 0.5766666666666667 0.016666666666666666 0.02
0 0.7066666666666667 0.6166666666666667 0.023333333333333334 0.023333333333333334
0 0.885 0.5833333333333334 0.02666666666666667 0.03
0 0.86 0.555 0.03 0.03
0 0.6233333333333333 0.7283333333333334 0.023333333333333334 0.023333333333333334
0 0.9183333333333333 0.9733333333333334 0.03666666666666667 0.02666666666666667
0 0.7183333333333334 0.9216666666666666 0.02666666666666667 0.02666666666666667
0 0.5283333333333333 0.5233333333333333 0.02 0.02
0 0.07333333333333333 0.30333333333333334 0.02666666666666667 0.03
0 0.03833333333333333 0.195 0.02666666666666667 0.03
0 0.051666666666666666 0.16333333333333333 0.03 0.02666666666666667
0 0.045 0.29333333333333333 0.03 0.02666666666666667
0 0.47333333333333333 0.7433333333333333 0.02 0.023333333333333334
0 0.25666666666666665 0.09666666666666666 0.03 0.02
0 0.3566666666666667 0.13833333333333334 0.023333333333333334 0.02666666666666667
0 0.23666666666666666 0.07 0.03 0.02
0 0.41333333333333333 0.11333333333333333 0.023333333333333334 0.023333333333333334
0 0.4166666666666667 0.14166666666666666 0.023333333333333334 0.02
0 0.46 0.028333333333333332 0.023333333333333334 0.02
0 0.18833333333333332 0.28833333333333333 0.02 0.02666666666666667
0 0.10166666666666667 0.16333333333333333 0.03 0.023333333333333334
0 0.09833333333333333 0.058333333333333334 0.023333333333333334 0.023333333333333334
0 0.46166666666666667 0.445 0.02 0.03
0 0.46166666666666667 0.5366666666666666 0.02 0.023333333333333334
0 0.29 0.8966666666666666 0.02 0.02
0 0.4683333333333333 0.8233333333333334 0.02 0.02666666666666667
0 0.42833333333333334 0.1 0.023333333333333334 0.02
0 0.16833333333333333 0.8133333333333334 0.023333333333333334 0.03
0 0.6566666666666666 0.49 0.02 0.02
0 0.5383333333333333 0.48833333333333334 0.03 0.02666666666666667
0 0.8733333333333333 0.43 0.03 0.02666666666666667
0 0.6883333333333334 0.49833333333333335 0.023333333333333334 0.03
0 0.6916666666666667 0.4683333333333333 0.02 0.02
0 0.5616666666666666 0.49666666666666665 0.03 0.02666666666666667
0 0.02666666666666667 0.9383333333333334 0.023333333333333334 0.03
0 0.023333333333333334 0.20333333333333334 0.02666666666666667 0.023333333333333334
0 0.016666666666666666 0.25166666666666665 0.02 0.02
0 0.4166666666666667 0.008333333333333333 0.02666666666666667 0.016666666666666666
0 0.37666666666666665 0.01 0.02 0.02
0 0.18833333333333332 0.08833333333333333 0.02 0.02
0 0.47333333333333333 0.8633333333333333 0.025 0.025
0 0.06833333333333333 0.10833333333333334 0.021666666666666667 0.02