0 0.37166666666666665 0.6466666666666666 0.02666666666666667 0.023333333333333334
0 0.4716666666666667 0.8183333333333334 0.028333333333333332 0.03
0 0.035 0.6516666666666666 0.02666666666666667 0.02666666666666667
0 0.09833333333333333 0.09166666666666666 0.03 0.03
0 0.075 0.6183333333333333 0.02666666666666667 0.023333333333333334
0 0.165 0.30333333333333334 0.02666666666666667 0.02666666666666667
0 0.06333333333333334 0.6416666666666667 0.02666666666666667 0.02666666666666667
0 0.67 0.45 0.023333333333333334 0.02666666666666667
0 0.7066666666666667 0.43666666666666665 0.02666666666666667 0.02666666666666667
0 0.59 0.6216666666666667 0.02666666666666667 0.02
0 0.9133333333333333 0.7883333333333333 0.02666666666666667 0.02
0 0.84 0.5133333333333333 0.03 0.03
0 0.575 0.715 0.023333333333333334 0.02
0 0.6283333333333333 0.48833333333333334 0.03 0.02666666666666667
0 0.9733333333333334 0.7583333333333333 0.023333333333333334 0.023333333333333334
0 0.7583333333333333 0.6616666666666666 0.02666666666666667 0.03333333333333333
0 0.7283333333333334 0.6983333333333334 0.023333333333333334 0.02666666666666667
0 0.9233333333333333 0.76 0.028333333333333332 0.018333333333333333
0 0.04 0.545 0.025 0.03333333333333333