0 0.24833333333333332 0.5466666666666666 0.02666666666666667 0.023333333333333334
0 0.43166666666666664 0.5616666666666666 0.03 0.023333333333333334
0 0.043333333333333335 0.6933333333333334 0.023333333333333334 0.03
0 0.22666666666666666 0.6666666666666666 0.03333333333333333 0.03
0 0.20166666666666666 0.7216666666666667 0.02666666666666667 0.02666666666666667
0 0.16 0.82 0.03 0.03
0 0.11833333333333333 0.8083333333333333 0.023333333333333334 0.02
0 0.17666666666666667 0.7833333333333333 0.02 0.02666666666666667
0 0.21333333333333335 0.8266666666666667 0.023333333333333334 0.02
0 0.2833333333333333 0.9433333333333334 0.03 0.023333333333333334
0 0.19666666666666666 0.9766666666666667 0.03 0.023333333333333334
0 0.255 0.9816666666666667 0.03 0.03
0 0.37166666666666665 0.6566666666666666 0.02666666666666667 0.02666666666666667
0 0.435 0.6616666666666666 0.02666666666666667 0.02666666666666667
0 0.4483333333333333 0.7833333333333333 0.03 0.03
0 0.47 0.7083333333333334 0.02666666666666667 0.023333333333333334
0 0.09833333333333333 0.7216666666666667 0.02666666666666667 0.02666666666666667
0 0.23833333333333334 0.72 0.03 0.03
0 0.23833333333333334 0.9516666666666667 0.03 0.03
0 0.2 0.785 0.03 0.03
0 0.4816666666666667 0.7666666666666667 0.023333333333333334 0.023333333333333334
0 0.43 0.6083333333333333 0.02666666666666667 0.02666666666666667
0 0.03666666666666667 0.8216666666666667 0.023333333333333334 0.02
0 0.48333333333333334 0.7333333333333333 0.023333333333333334 0.023333333333333334
0 0.11666666666666667 0.6933333333333334 0.02666666666666667 0.02666666666666667
0 0.4033333333333333 0.62 0.023333333333333334 0.023333333333333334
0 0.47833333333333333 0.8266666666666667 0.03 0.03
0 0.32666666666666666 0.6383333333333333 0.023333333333333334 0.023333333333333334
0 0.5533333333333333 0.8433333333333334 0.023333333333333334 0.023333333333333334
0 0.5733333333333334 0.7883333333333333 0.023333333333333334 0.02666666666666667
0 0.6533333333333333 0.5683333333333334 0.023333333333333334 0.02
0 0.565 0.7233333333333334 0.02666666666666667 0.023333333333333334
0 0.5883333333333334 0.6916666666666667 0.03 0.023333333333333334
0 0.7433333333333333 0.7983333333333333 0.03 0.023333333333333334
0 0.755 0.755 0.02666666666666667 0.02666666666666667
0 0.8083333333333333 0.7066666666666667 0.03 0.02666666666666667
0 0.545 0.8133333333333334 0.023333333333333334 0.02666666666666667
0 0.5766666666666667 0.5366666666666666 0.02666666666666667 0.02666666666666667
0 0.9566666666666667 0.6733333333333333 0.02666666666666667 0.02666666666666667
0 0.65 0.5416666666666666 0.023333333333333334 0.023333333333333334
0 0.8416666666666667 0.9766666666666667 0.023333333333333334 0.023333333333333334
0 0.7416666666666667 0.8233333333333334 0.023333333333333334 0.023333333333333334
0 0.8133333333333334 0.9516666666666667 0.023333333333333334 0.023333333333333334
0 0.6183333333333333 0.6783333333333333 0.02 0.02
0 0.8916666666666667 0.5666666666666667 0.02 0.02
0 0.5566666666666666 0.6816666666666666 0.023333333333333334 0.023333333333333334
0 0.63 0.6483333333333333 0.02666666666666667 0.02666666666666667
0 0.015 0.565 0.03 0.023333333333333334
0 0.9283333333333333 0.04 0.023333333333333334 0.023333333333333334
0 0.7633333333333333 0.4666666666666667 0.02 0.02666666666666667
0 0.915 0.43166666666666664 0.023333333333333334 0.023333333333333334
0 0.92 0.08333333333333333 0.02666666666666667 0.023333333333333334
0 0.895 0.11833333333333333 0.023333333333333334 0.023333333333333334
0 0.92 0.13166666666666665 0.02666666666666667 0.023333333333333334
0 0.33166666666666667 0.39666666666666667 0.023333333333333334 0.023333333333333334
0 0.33166666666666667 0.45 0.02666666666666667 0.02666666666666667
0 0.21833333333333332 0.46166666666666667 0.02666666666666667 0.02666666666666667
0 0.245 0.5083333333333333 0.023333333333333334 0.023333333333333334
0 0.24833333333333332 0.4716666666666667 0.02666666666666667 0.023333333333333334
0 0.45 0.3283333333333333 0.03 0.03
0 0.225 0.3883333333333333 0.02666666666666667 0.023333333333333334
0 0.23833333333333334 0.31666666666666665 0.02666666666666667 0.02666666666666667
0 0.09666666666666666 0.3283333333333333 0.03 0.03
0 0.21666666666666667 0.4083333333333333 0.023333333333333334 0.02
0 0.37333333333333335 0.19666666666666666 0.02666666666666667 0.02666666666666667
0 0.26166666666666666 0.4116666666666667 0.02666666666666667 0.02666666666666667
0 0.44166666666666665 0.14333333333333334 0.02666666666666667 0.023333333333333334