0 0.4116666666666667 0.365 0.03166666666666667 0.03166666666666667
0 0.5783333333333334 0.2783333333333333 0.03166666666666667 0.028333333333333332
0 0.585 0.21666666666666667 0.03666666666666667 0.03166666666666667
0 0.6316666666666667 0.21166666666666667 0.023333333333333334 0.03
0 0.7833333333333333 0.21166666666666667 0.03 0.02666666666666667
0 0.6316666666666667 0.3383333333333333 0.023333333333333334 0.02666666666666667
0 0.71 0.056666666666666664 0.03 0.02666666666666667
0 0.67 0.11 0.035 0.03333333333333333
0 0.86 0.035 0.04 0.03
0 0.8516666666666667 0.10333333333333333 0.03666666666666667 0.03833333333333333
0 0.8983333333333333 0.15 0.03 0.03166666666666667
0 0.6166666666666667 0.13333333333333333 0.03 0.035
0 0.6383333333333333 0.23666666666666666 0.023333333333333334 0.023333333333333334
0 0.7733333333333333 0.39666666666666667 0.023333333333333334 0.023333333333333334
0 0.6533333333333333 0.26666666666666666 0.03 0.03
0 0.455 0.37 0.03 0.03
0 0.36666666666666664 0.455 0.02666666666666667 0.02666666666666667
0 0.7416666666666667 0.27666666666666667 0.023333333333333334 0.023333333333333334
0 0.21833333333333332 0.67 0.028333333333333332 0.025
0 0.09666666666666666 0.8083333333333333 0.03333333333333333 0.03333333333333333
0 0.045 0.745 0.023333333333333334 0.03
0 0.24166666666666667 0.74 0.023333333333333334 0.023333333333333334
0 0.2683333333333333 0.7416666666666667 0.02 0.02666666666666667
0 0.13166666666666665 0.845 0.03 0.03333333333333333
0 0.14 0.875 0.02 0.023333333333333334
0 0.185 0.8766666666666667 0.03 0.03
0 0.17166666666666666 0.8383333333333334 0.023333333333333334 0.02666666666666667
0 0.04833333333333333 0.87 0.02666666666666667 0.023333333333333334
0 0.04833333333333333 0.7616666666666667 0.02666666666666667 0.023333333333333334
0 0.6033333333333334 0.7233333333333334 0.025 0.025
0 0.49833333333333335 0.8233333333333334 0.02666666666666667 0.021666666666666667
0 0.41833333333333333 0.97 0.023333333333333334 0.02666666666666667
0 0.15166666666666667 0.7866666666666666 0.03 0.03
0 0.9733333333333334 0.9633333333333334 0.03 0.03
0 0.37333333333333335 0.6333333333333333 0.03 0.03
0 0.9633333333333334 0.9166666666666666 0.03333333333333333 0.03333333333333333
0 0.043333333333333335 0.975 0.03 0.02666666666666667
0 0.028333333333333332 0.9066666666666666 0.02666666666666667 0.02666666666666667
0 0.77 0.05333333333333334 0.035 0.03
0 0.016666666666666666 0.9716666666666667 0.02666666666666667 0.03
0 0.19666666666666666 0.7583333333333333 0.03 0.03666666666666667
0 0.37833333333333335 0.33 0.03333333333333333 0.035