0 0.2633333333333333 0.635 0.03 0.025
0 0.265 0.7 0.03166666666666667 0.028333333333333332
0 0.07833333333333334 0.7466666666666667 0.03 0.02666666666666667
0 0.315 0.7166666666666667 0.02666666666666667 0.02
0 0.15 0.7783333333333333 0.02666666666666667 0.03333333333333333
0 0.21 0.755 0.02666666666666667 0.02666666666666667
0 0.3383333333333333 0.8466666666666667 0.02 0.02
0 0.39666666666666667 0.84 0.03 0.03
0 0.38666666666666666 0.9183333333333333 0.023333333333333334 0.03
0 0.41333333333333333 0.9 0.02 0.025
0 0.35833333333333334 0.8466666666666667 0.02 0.02666666666666667
0 0.24666666666666667 0.8733333333333333 0.023333333333333334 0.023333333333333334
0 0.4216666666666667 0.6383333333333333 0.03 0.03
0 0.4266666666666667 0.5533333333333333 0.03 0.03
0 0.18666666666666668 0.6416666666666667 0.03 0.03
0 0.415 0.6166666666666667 0.02666666666666667 0.02666666666666667
0 0.20666666666666667 0.05333333333333334 0.023333333333333334 0.021666666666666667
0 0.42833333333333334 0.24166666666666667 0.023333333333333334 0.023333333333333334
0 0.42833333333333334 0.21666666666666667 0.02 0.023333333333333334
0 0.32166666666666666 0.225 0.02666666666666667 0.023333333333333334
0 0.17333333333333334 0.24166666666666667 0.02666666666666667 0.02666666666666667
0 0.42333333333333334 0.105 0.023333333333333334 0.02666666666666667
0 0.37166666666666665 0.215 0.02 0.02
0 0.4083333333333333 0.12 0.023333333333333334 0.023333333333333334
0 0.12166666666666667 0.39666666666666667 0.02666666666666667 0.02666666666666667
0 0.475 0.5166666666666667 0.03 0.03
0 0.55 0.08833333333333333 0.02666666666666667 0.03
0 0.49666666666666665 0.14333333333333334 0.02666666666666667 0.02666666666666667
0 0.87 0.07333333333333333 0.023333333333333334 0.02666666666666667
0 0.9516666666666667 0.33166666666666667 0.023333333333333334 0.023333333333333334
0 0.8716666666666667 0.14833333333333334 0.02666666666666667 0.02666666666666667
0 0.9866666666666667 0.3983333333333333 0.02666666666666667 0.02666666666666667
0 0.555 0.9016666666666666 0.023333333333333334 0.023333333333333334
0 0.65 0.8433333333333334 0.023333333333333334 0.03
0 0.6916666666666667 0.8533333333333334 0.03166666666666667 0.03166666666666667
0 0.5666666666666667 0.6666666666666666 0.02666666666666667 0.023333333333333334
0 0.6383333333333333 0.575 0.03166666666666667 0.03666666666666667
0 0.57 0.7666666666666667 0.025 0.02666666666666667
0 0.8666666666666667 0.8616666666666667 0.02 0.023333333333333334
0 0.9383333333333334 0.9 0.025 0.02666666666666667
0 0.8316666666666667 0.7616666666666667 0.03 0.03
0 0.7316666666666667 0.6666666666666666 0.02666666666666667 0.03
0 0.7 0.5833333333333334 0.023333333333333334 0.03
0 0.8166666666666667 0.5666666666666667 0.03 0.03333333333333333
0 0.8233333333333334 0.5216666666666666 0.023333333333333334 0.02
0 0.865 0.5633333333333334 0.023333333333333334 0.023333333333333334
0 0.8733333333333333 0.6333333333333333 0.02666666666666667 0.023333333333333334
0 0.8333333333333334 0.7283333333333334 0.02666666666666667 0.023333333333333334
0 0.905 0.9716666666666667 0.03666666666666667 0.02666666666666667
0 0.985 0.6516666666666666 0.025 0.03
0 0.8316666666666667 0.6616666666666666 0.023333333333333334 0.02
0 0.7866666666666666 0.7966666666666666 0.023333333333333334 0.023333333333333334
0 0.8166666666666667 0.6333333333333333 0.02666666666666667 0.023333333333333334
0 0.9466666666666667 0.635 0.023333333333333334 0.023333333333333334
0 0.6083333333333333 0.57 0.02666666666666667 0.02666666666666667
0 0.7533333333333333 0.555 0.02666666666666667 0.023333333333333334
0 0.7966666666666666 0.6416666666666667 0.02666666666666667 0.023333333333333334
0 0.8933333333333333 0.6383333333333333 0.03 0.02666666666666667
0 0.9483333333333334 0.8633333333333333 0.023333333333333334 0.023333333333333334
0 0.8633333333333333 0.72 0.023333333333333334 0.02
0 0.2 0.025 0.025 0.02666666666666667