0 0.2816666666666667 0.7416666666666667 0.02 0.02
0 0.056666666666666664 0.6216666666666667 0.03 0.023333333333333334
0 0.27166666666666667 0.66 0.021666666666666667 0.025
0 0.10333333333333333 0.5766666666666667 0.023333333333333334 0.023333333333333334
0 0.32166666666666666 0.7516666666666667 0.02 0.023333333333333334
0 0.03666666666666667 0.645 0.023333333333333334 0.023333333333333334
0 0.22833333333333333 0.6816666666666666 0.018333333333333333 0.021666666666666667
0 0.041666666666666664 0.7133333333333334 0.02 0.02
0 0.023333333333333334 0.68 0.023333333333333334 0.023333333333333334
0 0.3616666666666667 0.785 0.02 0.02
0 0.37166666666666665 0.7916666666666666 0.023333333333333334 0.023333333333333334
0 0.7666666666666667 0.6516666666666666 0.02666666666666667 0.023333333333333334
0 0.19666666666666666 0.385 0.02666666666666667 0.03
0 0.085 0.42 0.021666666666666667 0.021666666666666667
0 0.9133333333333333 0.29833333333333334 0.02 0.021666666666666667
0 0.73 0.2633333333333333 0.023333333333333334 0.023333333333333334
0 0.78 0.30333333333333334 0.023333333333333334 0.023333333333333334
0 0.7933333333333333 0.24666666666666667 0.023333333333333334 0.023333333333333334
0 0.3433333333333333 0.5016666666666667 0.023333333333333334 0.023333333333333334
0 0.9183333333333333 0.335 0.02 0.025
0 0.2783333333333333 0.3516666666666667 0.021666666666666667 0.025