0 0.32666666666666666 0.6916666666666667 0.02666666666666667 0.03333333333333333
0 0.4066666666666667 0.7116666666666667 0.03 0.03
0 0.34833333333333333 0.72 0.023333333333333334 0.023333333333333334
0 0.39 0.7366666666666667 0.03 0.023333333333333334
0 0.15166666666666667 0.8433333333333334 0.02666666666666667 0.02
0 0.4166666666666667 0.8966666666666666 0.03 0.023333333333333334
0 0.415 0.9533333333333334 0.023333333333333334 0.02
0 0.42 0.9333333333333333 0.03 0.023333333333333334
0 0.39 0.9266666666666666 0.023333333333333334 0.02666666666666667
0 0.32 0.545 0.023333333333333334 0.02
0 0.3433333333333333 0.535 0.023333333333333334 0.02
0 0.19666666666666666 0.895 0.023333333333333334 0.023333333333333334
0 0.41833333333333333 0.9716666666666667 0.023333333333333334 0.016666666666666666
0 0.9833333333333333 0.6416666666666667 0.023333333333333334 0.023333333333333334
0 0.9666666666666667 0.6816666666666666 0.02666666666666667 0.02
0 0.6783333333333333 0.815 0.02666666666666667 0.023333333333333334
0 0.695 0.8916666666666667 0.023333333333333334 0.023333333333333334
0 0.4066666666666667 0.023333333333333334 0.02666666666666667 0.02
0 0.2866666666666667 0.03666666666666667 0.02 0.02
0 0.37333333333333335 0.05333333333333334 0.023333333333333334 0.02
0 0.45666666666666667 0.05333333333333334 0.02666666666666667 0.02
0 0.36 0.06833333333333333 0.023333333333333334 0.02666666666666667
0 0.43166666666666664 0.13166666666666665 0.02 0.023333333333333334
0 0.055 0.155 0.02 0.02
0 0.42833333333333334 0.17333333333333334 0.023333333333333334 0.02
0 0.17333333333333334 0.18833333333333332 0.03166666666666667 0.03
0 0.3933333333333333 0.20166666666666666 0.03 0.023333333333333334
0 0.08166666666666667 0.21166666666666667 0.02 0.023333333333333334
0 0.29833333333333334 0.215 0.02 0.023333333333333334
0 0.44166666666666665 0.22333333333333333 0.023333333333333334 0.02
0 0.4166666666666667 0.23333333333333334 0.023333333333333334 0.023333333333333334
0 0.445 0.29 0.02666666666666667 0.02
0 0.3883333333333333 0.43166666666666664 0.02 0.023333333333333334
0 0.48833333333333334 0.2916666666666667 0.03 0.03
0 0.355 0.475 0.023333333333333334 0.02
0 0.42833333333333334 0.20333333333333334 0.02 0.02
0 0.4533333333333333 0.27166666666666667 0.02666666666666667 0.02666666666666667
0 0.48333333333333334 0.08333333333333333 0.023333333333333334 0.023333333333333334
0 0.33 0.028333333333333332 0.02666666666666667 0.02666666666666667
0 0.4266666666666667 0.2633333333333333 0.02 0.023333333333333334
0 0.37333333333333335 0.48333333333333334 0.02 0.02
0 0.5866666666666667 0.02666666666666667 0.023333333333333334 0.02666666666666667
0 0.7283333333333334 0.055 0.023333333333333334 0.03
0 0.6683333333333333 0.09333333333333334 0.02 0.02
0 0.7616666666666667 0.31 0.02666666666666667 0.02666666666666667
0 0.7116666666666667 0.07833333333333334 0.023333333333333334 0.02
0 0.7583333333333333 0.065 0.02 0.023333333333333334
0 0.4 0.5066666666666667 0.03 0.02
0 0.5 0.195 0.025 0.021666666666666667