0 0.10333333333333333 0.04666666666666667 0.02 0.023333333333333334
0 0.9183333333333333 0.03666666666666667 0.02666666666666667 0.023333333333333334
0 0.17 0.9566666666666667 0.025 0.028333333333333332
0 0.30666666666666664 0.9483333333333334 0.02 0.02666666666666667
0 0.345 0.9616666666666667 0.023333333333333334 0.023333333333333334
0 0.405 0.9666666666666667 0.02 0.023333333333333334
0 0.42333333333333334 0.9233333333333333 0.02666666666666667 0.03
0 0.38166666666666665 0.96 0.023333333333333334 0.02
0 0.47333333333333333 0.49666666666666665 0.023333333333333334 0.02666666666666667
0 0.48333333333333334 0.93 0.02 0.02
0 0.7116666666666667 0.8866666666666667 0.023333333333333334 0.03
0 0.7966666666666666 0.8516666666666667 0.023333333333333334 0.023333333333333334
0 0.085 0.9533333333333334 0.018333333333333333 0.023333333333333334