0 0.6766666666666666 0.5616666666666666 0.03 0.02666666666666667
0 0.5783333333333334 0.5783333333333334 0.02666666666666667 0.023333333333333334
0 0.3016666666666667 0.21166666666666667 0.03 0.02666666666666667
0 0.295 0.13333333333333333 0.02 0.02666666666666667
0 0.25833333333333336 0.12833333333333333 0.03333333333333333 0.03
0 0.2966666666666667 0.051666666666666666 0.03 0.021666666666666667
0 0.11666666666666667 0.04833333333333333 0.03 0.02666666666666667
0 0.17833333333333334 0.19666666666666666 0.023333333333333334 0.02666666666666667
0 0.13666666666666666 0.21166666666666667 0.023333333333333334 0.023333333333333334
0 0.09 0.02666666666666667 0.02 0.03
0 0.4866666666666667 0.155 0.03166666666666667 0.021666666666666667
0 0.42833333333333334 0.11666666666666667 0.02666666666666667 0.02666666666666667
0 0.355 0.058333333333333334 0.02666666666666667 0.02666666666666667
0 0.2733333333333333 0.2833333333333333 0.02666666666666667 0.03
0 0.28833333333333333 0.3233333333333333 0.023333333333333334 0.02
0 0.33666666666666667 0.31833333333333336 0.02 0.02666666666666667
0 0.3383333333333333 0.21166666666666667 0.02 0.02
0 0.35 0.20833333333333334 0.016666666666666666 0.02
0 0.8283333333333334 0.38666666666666666 0.021666666666666667 0.023333333333333334
0 0.08 0.008333333333333333 0.03 0.016666666666666666
0 0.05333333333333334 0.01 0.02666666666666667 0.02
0 0.016666666666666666 0.006666666666666667 0.03 0.013333333333333334
0 0.7783333333333333 0.82 0.03166666666666667 0.03666666666666667
0 0.67 0.49 0.023333333333333334 0.02666666666666667
0 0.155 0.07166666666666667 0.03 0.035
0 0.11333333333333333 0.095 0.02666666666666667 0.028333333333333332
0 0.7716666666666666 0.485 0.02666666666666667 0.021666666666666667
0 0.6566666666666666 0.35333333333333333 0.02666666666666667 0.021666666666666667
0 0.63 0.37166666666666665 0.02666666666666667 0.023333333333333334
0 0.6216666666666667 0.6016666666666667 0.023333333333333334 0.02666666666666667