0 0.545 0.12833333333333333 0.02666666666666667 0.023333333333333334
0 0.6333333333333333 0.21833333333333332 0.023333333333333334 0.023333333333333334
0 0.7016666666666667 0.021666666666666667 0.03 0.023333333333333334
0 0.8066666666666666 0.06666666666666667 0.025 0.02
0 0.7666666666666667 0.15333333333333332 0.02 0.023333333333333334
0 0.7183333333333334 0.3 0.023333333333333334 0.02
0 0.7466666666666667 0.245 0.02 0.02
0 0.7533333333333333 0.21666666666666667 0.023333333333333334 0.02
0 0.7516666666666667 0.19666666666666666 0.02 0.023333333333333334
0 0.6033333333333334 0.42833333333333334 0.03 0.035
0 0.545 0.39166666666666666 0.02 0.02
0 0.795 0.19833333333333333 0.023333333333333334 0.023333333333333334
0 0.6083333333333333 0.15 0.023333333333333334 0.03
0 0.7316666666666667 0.22666666666666666 0.02666666666666667 0.02666666666666667
0 0.8633333333333333 0.38333333333333336 0.023333333333333334 0.023333333333333334
0 0.6016666666666667 0.6416666666666667 0.023333333333333334 0.02
0 0.7216666666666667 0.6283333333333333 0.03 0.02666666666666667
0 0.7266666666666667 0.5883333333333334 0.023333333333333334 0.023333333333333334
0 0.7166666666666667 0.5316666666666666 0.02666666666666667 0.02
0 0.6733333333333333 0.5566666666666666 0.02 0.023333333333333334
0 0.6533333333333333 0.5533333333333333 0.02 0.02
0 0.8233333333333334 0.8616666666666667 0.025 0.028333333333333332
0 0.8166666666666667 0.5166666666666667 0.03 0.02666666666666667
0 0.7716666666666666 0.5433333333333333 0.03 0.03
0 0.6083333333333333 0.5183333333333333 0.02666666666666667 0.023333333333333334
0 0.7133333333333334 0.81 0.023333333333333334 0.023333333333333334
0 0.7466666666666667 0.5983333333333334 0.023333333333333334 0.023333333333333334
0 0.5516666666666666 0.5383333333333333 0.02666666666666667 0.02666666666666667
0 0.8266666666666667 0.725 0.02666666666666667 0.02666666666666667
0 0.7416666666666667 0.6916666666666667 0.023333333333333334 0.023333333333333334
0 0.041666666666666664 0.9283333333333333 0.03 0.02666666666666667
0 0.4633333333333333 0.315 0.02666666666666667 0.02666666666666667
0 0.485 0.36833333333333335 0.023333333333333334 0.03
0 0.5116666666666667 0.35333333333333333 0.02666666666666667 0.02
0 0.5316666666666666 0.17833333333333334 0.021666666666666667 0.02
0 0.485 0.4583333333333333 0.02666666666666667 0.03166666666666667
0 0.31333333333333335 0.3883333333333333 0.02666666666666667 0.023333333333333334
0 0.7216666666666667 0.49833333333333335 0.028333333333333332 0.025
0 0.6533333333333333 0.74 0.025 0.02666666666666667