0 0.13833333333333334 0.25 0.02666666666666667 0.02666666666666667
0 0.15333333333333332 0.2866666666666667 0.02 0.03
0 0.3016666666666667 0.34 0.018333333333333333 0.023333333333333334
0 0.31 0.7033333333333334 0.03 0.03166666666666667
0 0.265 0.9016666666666666 0.023333333333333334 0.023333333333333334
0 0.47833333333333333 0.8516666666666667 0.02666666666666667 0.02
0 0.48333333333333334 0.805 0.02 0.02
0 0.15333333333333332 0.8866666666666667 0.02666666666666667 0.023333333333333334
0 0.03 0.07666666666666666 0.023333333333333334 0.023333333333333334
0 0.3233333333333333 0.08666666666666667 0.02666666666666667 0.025
0 0.35833333333333334 0.058333333333333334 0.021666666666666667 0.025
0 0.2916666666666667 0.22833333333333333 0.02666666666666667 0.03
0 0.31166666666666665 0.23 0.02 0.02
0 0.3333333333333333 0.04833333333333333 0.03 0.03
0 0.2683333333333333 0.10666666666666667 0.02 0.02
0 0.4033333333333333 0.5733333333333334 0.02666666666666667 0.02666666666666667
0 0.4216666666666667 0.5583333333333333 0.02 0.023333333333333334
0 0.15 0.14166666666666666 0.02 0.02
0 0.24833333333333332 0.028333333333333332 0.023333333333333334 0.023333333333333334
0 0.19833333333333333 0.12666666666666668 0.02666666666666667 0.02666666666666667
0 0.85 0.41333333333333333 0.028333333333333332 0.02666666666666667
0 0.6166666666666667 0.635 0.03 0.02666666666666667
0 0.9266666666666666 0.47333333333333333 0.023333333333333334 0.03
0 0.955 0.27166666666666667 0.03 0.03
0 0.8416666666666667 0.8666666666666667 0.02666666666666667 0.023333333333333334
0 0.62 0.7283333333333334 0.02666666666666667 0.02666666666666667
0 0.9833333333333333 0.8583333333333333 0.023333333333333334 0.023333333333333334
0 0.5866666666666667 0.19166666666666668 0.03 0.03
0 0.8933333333333333 0.495 0.025 0.03166666666666667
0 0.8983333333333333 0.865 0.02 0.02
0 0.8833333333333333 0.9016666666666666 0.023333333333333334 0.023333333333333334
0 0.94 0.30333333333333334 0.02666666666666667 0.02666666666666667
0 0.9266666666666666 0.84 0.023333333333333334 0.023333333333333334
0 0.7416666666666667 0.5033333333333333 0.023333333333333334 0.023333333333333334
0 0.9466666666666667 0.43833333333333335 0.021666666666666667 0.03333333333333333
0 0.965 0.43833333333333335 0.02 0.023333333333333334
0 0.8383333333333334 0.485 0.02666666666666667 0.02666666666666667
0 0.89 0.46166666666666667 0.02 0.02
0 0.016666666666666666 0.16 0.02666666666666667 0.03333333333333333
0 0.865 0.49166666666666664 0.02666666666666667 0.035