0 0.6166666666666667 0.7583333333333333 0.023333333333333334 0.023333333333333334
0 0.655 0.7383333333333333 0.02666666666666667 0.02
0 0.6933333333333334 0.74 0.02 0.023333333333333334
0 0.7233333333333334 0.715 0.02666666666666667 0.03
0 0.8216666666666667 0.8933333333333333 0.03 0.02666666666666667
0 0.7666666666666667 0.7583333333333333 0.023333333333333334 0.035
0 0.76 0.8 0.023333333333333334 0.02
0 0.7466666666666667 0.8133333333333334 0.02666666666666667 0.023333333333333334
0 0.9166666666666666 0.8466666666666667 0.03 0.023333333333333334
0 0.8983333333333333 0.91 0.025 0.02666666666666667
0 0.8316666666666667 0.8216666666666667 0.02 0.023333333333333334
0 0.5433333333333333 0.5316666666666666 0.023333333333333334 0.02
0 0.6566666666666666 0.6216666666666667 0.023333333333333334 0.023333333333333334
0 0.6066666666666667 0.5366666666666666 0.02 0.02
0 0.8883333333333333 0.5883333333333334 0.02 0.03
0 0.6016666666666667 0.6 0.03 0.025
0 0.47333333333333333 0.55 0.03333333333333333 0.023333333333333334
0 0.5533333333333333 0.48 0.023333333333333334 0.03
0 0.4866666666666667 0.41833333333333333 0.02 0.03
0 0.4483333333333333 0.43 0.03333333333333333 0.02
0 0.4766666666666667 0.475 0.03 0.023333333333333334
0 0.505 0.44666666666666666 0.02666666666666667 0.02
0 0.8116666666666666 0.4633333333333333 0.023333333333333334 0.02666666666666667
0 0.9883333333333333 0.9683333333333334 0.021666666666666667 0.021666666666666667