0 0.435 0.34 0.023333333333333334 0.02666666666666667
0 0.455 0.23 0.023333333333333334 0.02666666666666667
0 0.25666666666666665 0.8383333333333334 0.03 0.023333333333333334
0 0.25166666666666665 0.8083333333333333 0.03 0.03
0 0.44 0.9 0.023333333333333334 0.023333333333333334
0 0.8833333333333333 0.5733333333333334 0.03 0.02666666666666667
0 0.8716666666666667 0.44666666666666666 0.03166666666666667 0.03666666666666667
0 0.9466666666666667 0.4866666666666667 0.023333333333333334 0.023333333333333334
0 0.9183333333333333 0.48 0.02666666666666667 0.02666666666666667
0 0.9266666666666666 0.625 0.02666666666666667 0.02666666666666667
0 0.545 0.295 0.02666666666666667 0.03
0 0.5466666666666666 0.26666666666666666 0.023333333333333334 0.03333333333333333
0 0.575 0.42833333333333334 0.02666666666666667 0.03
0 0.72 0.4533333333333333 0.02 0.02666666666666667
0 0.855 0.385 0.03 0.02666666666666667
0 0.9866666666666667 0.4583333333333333 0.023333333333333334 0.02
0 0.6183333333333333 0.34 0.023333333333333334 0.02666666666666667
0 0.6266666666666667 0.32166666666666666 0.02 0.023333333333333334
0 0.8466666666666667 0.55 0.03 0.03
0 0.9383333333333334 0.6066666666666667 0.023333333333333334 0.03
0 0.8016666666666666 0.47833333333333333 0.02666666666666667 0.02666666666666667
0 0.795 0.39666666666666667 0.02 0.023333333333333334
0 0.7566666666666667 0.31666666666666665 0.023333333333333334 0.023333333333333334
0 0.8283333333333334 0.38166666666666665 0.02 0.023333333333333334
0 0.6366666666666667 0.455 0.02666666666666667 0.02666666666666667
0 0.9716666666666667 0.5483333333333333 0.02666666666666667 0.03
0 0.015 0.45 0.03 0.03
0 0.47 0.18666666666666668 0.02666666666666667 0.03
0 0.9916666666666667 0.40166666666666667 0.016666666666666666 0.03166666666666667
0 0.99 0.49833333333333335 0.02 0.028333333333333332