0 0.6116666666666667 0.8416666666666667 0.02666666666666667 0.02666666666666667
0 0.6933333333333334 0.6716666666666666 0.023333333333333334 0.02666666666666667
0 0.645 0.7133333333333334 0.02666666666666667 0.016666666666666666
0 0.4083333333333333 0.785 0.023333333333333334 0.03
0 0.235 0.72 0.023333333333333334 0.025
0 0.26666666666666666 0.9233333333333333 0.02 0.03
0 0.31666666666666665 0.95 0.02666666666666667 0.023333333333333334
0 0.25166666666666665 0.9316666666666666 0.02666666666666667 0.02
0 0.485 0.625 0.02666666666666667 0.02
0 0.4083333333333333 0.8433333333333334 0.03 0.023333333333333334
0 0.25833333333333336 0.5566666666666666 0.025 0.02
0 0.27166666666666667 0.7083333333333334 0.023333333333333334 0.023333333333333334
0 0.3983333333333333 0.9833333333333333 0.023333333333333334 0.023333333333333334
0 0.305 0.9266666666666666 0.023333333333333334 0.02666666666666667
0 0.49166666666666664 0.935 0.02 0.023333333333333334
0 0.43166666666666664 0.805 0.023333333333333334 0.023333333333333334