0 0.31333333333333335 0.12166666666666667 0.02666666666666667 0.02666666666666667
0 0.2633333333333333 0.01 0.03 0.02
0 0.5833333333333334 0.07833333333333334 0.03 0.02666666666666667
0 0.39666666666666667 0.12833333333333333 0.02666666666666667 0.02666666666666667
0 0.25333333333333335 0.30333333333333334 0.03 0.023333333333333334
0 0.9783333333333334 0.016666666666666666 0.023333333333333334 0.02
0 0.9366666666666666 0.045 0.023333333333333334 0.023333333333333334
0 0.9883333333333333 0.17666666666666667 0.023333333333333334 0.023333333333333334
0 0.92 0.31833333333333336 0.02 0.02666666666666667
0 0.13333333333333333 0.13333333333333333 0.03 0.023333333333333334
0 0.7283333333333334 0.24833333333333332 0.02666666666666667 0.02666666666666667
0 0.44333333333333336 0.25666666666666665 0.02666666666666667 0.02666666666666667
0 0.9316666666666666 0.43833333333333335 0.03 0.03
0 0.265 0.23166666666666666 0.02666666666666667 0.02666666666666667
0 0.965 0.085 0.03 0.03
0 0.32666666666666666 0.4266666666666667 0.02 0.02
0 0.38666666666666666 0.065 0.03 0.02666666666666667
0 0.18666666666666668 0.023333333333333334 0.03 0.02666666666666667
0 0.31333333333333335 0.33 0.03 0.03
0 0.225 0.09666666666666666 0.02666666666666667 0.02666666666666667
0 0.7016666666666667 0.4666666666666667 0.03 0.03
0 0.36333333333333334 0.44666666666666666 0.04 0.03666666666666667
0 0.2683333333333333 0.06 0.02666666666666667 0.03
0 0.9266666666666666 0.20166666666666666 0.03 0.02666666666666667
0 0.435 0.07166666666666667 0.03 0.03
0 0.32 0.5583333333333333 0.023333333333333334 0.02666666666666667
0 0.38333333333333336 0.5683333333333334 0.02666666666666667 0.023333333333333334
0 0.25166666666666665 0.635 0.03 0.023333333333333334
0 0.18666666666666668 0.8833333333333333 0.023333333333333334 0.023333333333333334
0 0.4866666666666667 0.9166666666666666 0.03 0.03
0 0.3283333333333333 0.8833333333333333 0.02666666666666667 0.023333333333333334
0 0.29333333333333333 0.5066666666666667 0.03 0.03
0 0.34833333333333333 0.5233333333333333 0.023333333333333334 0.023333333333333334
0 0.22666666666666666 0.5083333333333333 0.02666666666666667 0.023333333333333334
0 0.13833333333333334 0.9466666666666667 0.02666666666666667 0.02666666666666667
0 0.36666666666666664 0.6116666666666667 0.02666666666666667 0.03
0 0.2816666666666667 0.6583333333333333 0.03 0.02666666666666667
0 0.935 0.12333333333333334 0.025 0.03
0 0.9866666666666667 0.07666666666666666 0.025 0.03333333333333333