0 0.19666666666666666 0.13333333333333333 0.03 0.03
0 0.15833333333333333 0.11 0.02666666666666667 0.02666666666666667
0 0.12166666666666667 0.058333333333333334 0.02666666666666667 0.03
0 0.2833333333333333 0.33 0.02666666666666667 0.023333333333333334
0 0.12666666666666668 0.02666666666666667 0.03 0.03
0 0.17333333333333334 0.016666666666666666 0.03 0.02666666666666667
0 0.17833333333333334 0.16666666666666666 0.02666666666666667 0.02666666666666667
0 0.1 0.7083333333333334 0.02666666666666667 0.023333333333333334
0 0.17333333333333334 0.7416666666666667 0.023333333333333334 0.023333333333333334
0 0.18166666666666667 0.08833333333333333 0.02666666666666667 0.023333333333333334
0 0.9683333333333334 0.5716666666666667 0.02666666666666667 0.02666666666666667
0 0.985 0.595 0.023333333333333334 0.02
0 0.95 0.835 0.023333333333333334 0.023333333333333334
0 0.97 0.10166666666666667 0.02 0.02666666666666667
0 0.8433333333333334 0.07833333333333334 0.02666666666666667 0.02666666666666667
0 0.855 0.04833333333333333 0.02666666666666667 0.02666666666666667
0 0.96 0.06333333333333334 0.02666666666666667 0.02666666666666667