0 0.425 0.7733333333333333 0.03 0.02
0 0.405 0.7483333333333333 0.02 0.02666666666666667
0 0.38666666666666666 0.7116666666666667 0.03 0.035
0 0.3466666666666667 0.7616666666666667 0.03 0.023333333333333334
0 0.37833333333333335 0.6433333333333333 0.028333333333333332 0.028333333333333332
0 0.40166666666666667 0.6233333333333333 0.023333333333333334 0.035
0 0.4483333333333333 0.9783333333333334 0.025 0.021666666666666667
0 0.4633333333333333 0.9066666666666666 0.02 0.02
0 0.5116666666666667 0.87 0.02666666666666667 0.02666666666666667
0 0.5383333333333333 0.8466666666666667 0.02666666666666667 0.02
0 0.5333333333333333 0.9066666666666666 0.03166666666666667 0.028333333333333332
0 0.5 0.8433333333333334 0.02666666666666667 0.023333333333333334
0 0.5316666666666666 0.9333333333333333 0.02666666666666667 0.02
0 0.6783333333333333 0.8616666666666667 0.03 0.03
0 0.46 0.2833333333333333 0.03333333333333333 0.03333333333333333
0 0.395 0.3616666666666667 0.023333333333333334 0.02
0 0.38333333333333336 0.49666666666666665 0.02 0.023333333333333334