0 0.25166666666666665 0.056666666666666664 0.02 0.02
0 0.24 0.07166666666666667 0.02 0.023333333333333334
0 0.36333333333333334 0.07666666666666666 0.023333333333333334 0.023333333333333334
0 0.24333333333333335 0.14166666666666666 0.025 0.02666666666666667
0 0.33166666666666667 0.20166666666666666 0.02666666666666667 0.02666666666666667
0 0.2683333333333333 0.2783333333333333 0.023333333333333334 0.023333333333333334
0 0.17833333333333334 0.29833333333333334 0.025 0.02
0 0.14833333333333334 0.33166666666666667 0.02 0.02666666666666667
0 0.13 0.355 0.02 0.02
0 0.18333333333333332 0.36833333333333335 0.023333333333333334 0.02666666666666667
0 0.47333333333333333 0.115 0.02666666666666667 0.02666666666666667
0 0.285 0.25 0.02666666666666667 0.023333333333333334
0 0.28 0.115 0.02666666666666667 0.02666666666666667
0 0.16166666666666665 0.30666666666666664 0.016666666666666666 0.02
0 0.22833333333333333 0.23666666666666666 0.023333333333333334 0.02
0 0.43 0.085 0.02666666666666667 0.02
0 0.5783333333333334 0.9733333333333334 0.02666666666666667 0.02
0 0.5433333333333333 0.5816666666666667 0.03 0.03
0 0.5266666666666666 0.6116666666666667 0.02 0.02
0 0.006666666666666667 0.47 0.013333333333333334 0.02
0 0.03 0.455 0.023333333333333334 0.023333333333333334