0 0.7383333333333333 0.7383333333333333 0.02 0.03
0 0.7716666666666666 0.7383333333333333 0.023333333333333334 0.02666666666666667
0 0.8033333333333333 0.815 0.03 0.03
0 0.8766666666666667 0.81 0.02666666666666667 0.02666666666666667
0 0.765 0.9016666666666666 0.02666666666666667 0.02
0 0.7183333333333334 0.8733333333333333 0.02666666666666667 0.023333333333333334
0 0.755 0.875 0.02 0.023333333333333334
0 0.7833333333333333 0.8716666666666667 0.023333333333333334 0.023333333333333334
0 0.7933333333333333 0.9066666666666666 0.023333333333333334 0.02666666666666667
0 0.7516666666666667 0.8416666666666667 0.023333333333333334 0.023333333333333334
0 0.6033333333333334 0.16 0.025 0.023333333333333334
0 0.69 0.5416666666666666 0.02666666666666667 0.02666666666666667
0 0.8083333333333333 0.6533333333333333 0.02666666666666667 0.03
0 0.5416666666666666 0.19666666666666666 0.03 0.03
0 0.74 0.49833333333333335 0.03 0.03
0 0.5966666666666667 0.20833333333333334 0.02 0.02
0 0.58 0.23166666666666666 0.023333333333333334 0.023333333333333334
0 0.7633333333333333 0.69 0.02 0.023333333333333334
0 0.7416666666666667 0.6916666666666667 0.03 0.03
0 0.58 0.32666666666666666 0.023333333333333334 0.02666666666666667
0 0.885 0.8833333333333333 0.02 0.02
0 0.7233333333333334 0.7866666666666666 0.02666666666666667 0.02666666666666667
0 0.7616666666666667 0.785 0.02666666666666667 0.02666666666666667
0 0.8266666666666667 0.8966666666666666 0.03 0.03
0 0.545 0.31 0.03 0.03
0 0.605 0.23166666666666666 0.023333333333333334 0.023333333333333334
0 0.7216666666666667 0.9166666666666666 0.023333333333333334 0.023333333333333334
0 0.7833333333333333 0.925 0.023333333333333334 0.023333333333333334
0 0.7966666666666666 0.845 0.023333333333333334 0.023333333333333334
0 0.8166666666666667 0.6866666666666666 0.02666666666666667 0.02666666666666667
0 0.61 0.33666666666666667 0.035 0.02666666666666667
0 0.8416666666666667 0.7516666666666667 0.03 0.02666666666666667
0 0.8516666666666667 0.7933333333333333 0.02666666666666667 0.02
0 0.8616666666666667 0.8283333333333334 0.02666666666666667 0.023333333333333334
0 0.19666666666666666 0.40166666666666667 0.03 0.03
0 0.07833333333333334 0.36 0.023333333333333334 0.03
0 0.24166666666666667 0.37666666666666665 0.02666666666666667 0.02666666666666667
0 0.5083333333333333 0.08 0.03333333333333333 0.03
0 0.5283333333333333 0.2916666666666667 0.02666666666666667 0.023333333333333334
0 0.051666666666666666 0.3416666666666667 0.023333333333333334 0.023333333333333334
0 0.055 0.32666666666666666 0.025 0.023333333333333334
0 0.5166666666666667 0.14833333333333334 0.03 0.023333333333333334
0 0.46166666666666667 0.07666666666666666 0.023333333333333334 0.023333333333333334
0 0.5183333333333333 0.195 0.03 0.03
0 0.51 0.23666666666666666 0.02666666666666667 0.02666666666666667
0 0.06 0.5233333333333333 0.03 0.03
0 0.1 0.625 0.02666666666666667 0.02666666666666667
0 0.15833333333333333 0.42833333333333334 0.025 0.03333333333333333
0 0.10166666666666667 0.6883333333333334 0.025 0.023333333333333334
0 0.7566666666666667 0.5466666666666666 0.02666666666666667 0.028333333333333332