0 0.7883333333333333 0.4816666666666667 0.02666666666666667 0.02666666666666667
0 0.9266666666666666 0.415 0.03 0.02666666666666667
0 0.875 0.425 0.023333333333333334 0.02666666666666667
0 0.058333333333333334 0.37666666666666665 0.023333333333333334 0.023333333333333334
0 0.12666666666666668 0.44166666666666665 0.02666666666666667 0.02666666666666667
0 0.09 0.39666666666666667 0.023333333333333334 0.02
0 0.27666666666666667 0.4683333333333333 0.03 0.03
0 0.8983333333333333 0.31 0.02666666666666667 0.02666666666666667
0 0.4866666666666667 0.165 0.023333333333333334 0.023333333333333334
0 0.3016666666666667 0.395 0.02666666666666667 0.023333333333333334
0 0.9366666666666666 0.33666666666666667 0.023333333333333334 0.023333333333333334
0 0.7983333333333333 0.125 0.03 0.03
0 0.36 0.42 0.023333333333333334 0.023333333333333334
0 0.8966666666666666 0.33166666666666667 0.02666666666666667 0.02666666666666667
0 0.9666666666666667 0.3433333333333333 0.023333333333333334 0.023333333333333334
0 0.8966666666666666 0.40166666666666667 0.023333333333333334 0.023333333333333334
0 0.37333333333333335 0.2 0.023333333333333334 0.023333333333333334
0 0.7583333333333333 0.085 0.02666666666666667 0.02666666666666667
0 0.46166666666666667 0.6 0.03 0.02666666666666667
0 0.5416666666666666 0.6016666666666667 0.023333333333333334 0.02
0 0.8116666666666666 0.6 0.03333333333333333 0.03
0 0.8083333333333333 0.745 0.02666666666666667 0.03
0 0.48333333333333334 0.74 0.02666666666666667 0.025
0 0.675 0.9083333333333333 0.02666666666666667 0.02
0 0.655 0.95 0.03 0.023333333333333334
0 0.6883333333333334 0.9566666666666667 0.03 0.02
0 0.92 0.9366666666666666 0.03333333333333333 0.023333333333333334
0 0.9266666666666666 0.8983333333333333 0.023333333333333334 0.023333333333333334
0 0.9633333333333334 0.895 0.028333333333333332 0.025
0 0.775 0.7033333333333334 0.028333333333333332 0.02666666666666667
0 0.8116666666666666 0.7933333333333333 0.03 0.03
0 0.8583333333333333 0.925 0.028333333333333332 0.02666666666666667
0 0.48333333333333334 0.6483333333333333 0.023333333333333334 0.023333333333333334
0 0.5066666666666667 0.6566666666666666 0.02666666666666667 0.023333333333333334
0 0.555 0.6283333333333333 0.03 0.023333333333333334
0 0.5116666666666667 0.5233333333333333 0.02666666666666667 0.02666666666666667
0 0.013333333333333334 0.42333333333333334 0.02666666666666667 0.02666666666666667