0 0.17333333333333334 0.2733333333333333 0.02666666666666667 0.03
0 0.016666666666666666 0.3233333333333333 0.02666666666666667 0.02666666666666667
0 0.023333333333333334 0.16666666666666666 0.02666666666666667 0.02666666666666667
0 0.14333333333333334 0.30666666666666664 0.02666666666666667 0.02666666666666667
0 0.06333333333333334 0.6533333333333333 0.02666666666666667 0.02666666666666667
0 0.33166666666666667 0.6566666666666666 0.02666666666666667 0.03
0 0.06833333333333333 0.7716666666666666 0.023333333333333334 0.023333333333333334
0 0.05333333333333334 0.7816666666666666 0.02 0.023333333333333334
0 0.06666666666666667 0.8016666666666666 0.02 0.023333333333333334
0 0.47 0.9333333333333333 0.02666666666666667 0.02666666666666667
0 0.4116666666666667 0.715 0.03333333333333333 0.03333333333333333
0 0.43666666666666665 0.695 0.025 0.025
0 0.435 0.6533333333333333 0.03333333333333333 0.03
0 0.14666666666666667 0.6633333333333333 0.02666666666666667 0.025
0 0.015 0.8933333333333333 0.03 0.02666666666666667
0 0.03666666666666667 0.7433333333333333 0.02666666666666667 0.03333333333333333
0 0.31666666666666665 0.8316666666666667 0.02666666666666667 0.025
0 0.43333333333333335 0.5766666666666667 0.03 0.02666666666666667
0 0.24333333333333335 0.6766666666666666 0.023333333333333334 0.025
0 0.34 0.89 0.03 0.03
0 0.6516666666666666 0.13833333333333334 0.03 0.03333333333333333
0 0.5816666666666667 0.14666666666666667 0.02666666666666667 0.023333333333333334
0 0.6866666666666666 0.21166666666666667 0.023333333333333334 0.02666666666666667
0 0.6066666666666667 0.12666666666666668 0.023333333333333334 0.02
0 0.6183333333333333 0.30666666666666664 0.02666666666666667 0.02666666666666667
0 0.6633333333333333 0.17833333333333334 0.03 0.03
0 0.6033333333333334 0.06833333333333333 0.02666666666666667 0.02666666666666667
0 0.5216666666666666 0.22666666666666666 0.023333333333333334 0.025