0 0.8216666666666667 0.7083333333333334 0.02666666666666667 0.023333333333333334
0 0.895 0.785 0.02 0.023333333333333334
0 0.9433333333333334 0.8516666666666667 0.02 0.023333333333333334
0 0.9533333333333334 0.7283333333333334 0.02 0.02666666666666667
0 0.9316666666666666 0.785 0.023333333333333334 0.02
0 0.9066666666666666 0.5316666666666666 0.02 0.02
0 0.8266666666666667 0.55 0.023333333333333334 0.02666666666666667
0 0.8883333333333333 0.9616666666666667 0.02666666666666667 0.03
0 0.8883333333333333 0.9016666666666666 0.02666666666666667 0.023333333333333334
0 0.885 0.9283333333333333 0.02666666666666667 0.023333333333333334
0 0.955 0.635 0.02 0.02
0 0.9766666666666667 0.6283333333333333 0.02 0.02
0 0.955 0.7833333333333333 0.02666666666666667 0.02666666666666667
0 0.8683333333333333 0.7766666666666666 0.02666666666666667 0.023333333333333334
0 0.8666666666666667 0.815 0.03 0.03
0 0.9333333333333333 0.5316666666666666 0.02 0.02
0 0.9816666666666667 0.575 0.023333333333333334 0.023333333333333334
0 0.8833333333333333 0.7283333333333334 0.02666666666666667 0.023333333333333334
0 0.8583333333333333 0.53 0.02666666666666667 0.023333333333333334
0 0.9333333333333333 0.5033333333333333 0.023333333333333334 0.02