0 0.6016666666666667 0.14 0.023333333333333334 0.02
0 0.715 0.12666666666666668 0.02666666666666667 0.023333333333333334
0 0.72 0.08166666666666667 0.023333333333333334 0.023333333333333334
0 0.7083333333333334 0.028333333333333332 0.02666666666666667 0.02
0 0.6666666666666666 0.056666666666666664 0.02 0.023333333333333334
0 0.815 0.35 0.023333333333333334 0.02
0 0.81 0.011666666666666667 0.03 0.023333333333333334
0 0.7666666666666667 0.043333333333333335 0.03 0.03
0 0.6066666666666667 0.018333333333333333 0.02666666666666667 0.023333333333333334
0 0.7016666666666667 0.29833333333333334 0.023333333333333334 0.023333333333333334
0 0.6466666666666666 0.23 0.023333333333333334 0.023333333333333334
0 0.6416666666666667 0.195 0.02666666666666667 0.023333333333333334
0 0.6666666666666666 0.37833333333333335 0.023333333333333334 0.023333333333333334
0 0.82 0.22166666666666668 0.025 0.023333333333333334
0 0.74 0.19 0.023333333333333334 0.023333333333333334
0 0.9283333333333333 0.85 0.028333333333333332 0.02666666666666667
0 0.9633333333333334 0.7433333333333333 0.03 0.023333333333333334
0 0.7766666666666666 0.5233333333333333 0.03 0.02666666666666667
0 0.5733333333333334 0.8066666666666666 0.02 0.02666666666666667
0 0.5766666666666667 0.6583333333333333 0.023333333333333334 0.02
0 0.7683333333333333 0.6316666666666667 0.02 0.02
0 0.8966666666666666 0.9166666666666666 0.025 0.025
0 0.6133333333333333 0.665 0.03 0.023333333333333334
0 0.9433333333333334 0.7733333333333333 0.023333333333333334 0.023333333333333334
0 0.8283333333333334 0.5483333333333333 0.02666666666666667 0.02666666666666667
0 0.35 0.7583333333333333 0.03 0.02
0 0.43333333333333335 0.8683333333333333 0.023333333333333334 0.03
0 0.30333333333333334 0.9633333333333334 0.02666666666666667 0.02
0 0.20166666666666666 0.9666666666666667 0.02 0.02
0 0.3933333333333333 0.6533333333333333 0.023333333333333334 0.023333333333333334
0 0.2816666666666667 0.9766666666666667 0.023333333333333334 0.02
0 0.215 0.9216666666666666 0.02666666666666667 0.02666666666666667
0 0.51 0.8566666666666667 0.02666666666666667 0.02666666666666667
0 0.11166666666666666 0.9033333333333333 0.02666666666666667 0.02666666666666667
0 0.4083333333333333 0.9016666666666666 0.023333333333333334 0.023333333333333334
0 0.03333333333333333 0.4216666666666667 0.03 0.02666666666666667
0 0.6566666666666666 0.7416666666666667 0.02 0.025
0 0.18333333333333332 0.8416666666666667 0.023333333333333334 0.023333333333333334
0 0.14 0.8383333333333334 0.02666666666666667 0.025
0 0.7416666666666667 0.09333333333333334 0.021666666666666667 0.02