0 0.3416666666666667 0.9683333333333334 0.03 0.028333333333333332
0 0.3333333333333333 0.7983333333333333 0.02666666666666667 0.023333333333333334
0 0.21333333333333335 0.6533333333333333 0.028333333333333332 0.02666666666666667
0 0.23666666666666666 0.6533333333333333 0.02666666666666667 0.028333333333333332
0 0.28833333333333333 0.6966666666666667 0.02666666666666667 0.023333333333333334
0 0.4166666666666667 0.915 0.02 0.023333333333333334
0 0.455 0.9183333333333333 0.03 0.03
0 0.41833333333333333 0.8933333333333333 0.02666666666666667 0.02666666666666667
0 0.49666666666666665 0.9466666666666667 0.02666666666666667 0.023333333333333334
0 0.35333333333333333 0.73 0.023333333333333334 0.028333333333333332
0 0.24833333333333332 0.58 0.03 0.03
0 0.02666666666666667 0.6666666666666666 0.02666666666666667 0.023333333333333334
0 0.03833333333333333 0.6 0.02 0.02
0 0.105 0.5583333333333333 0.02666666666666667 0.023333333333333334
0 0.056666666666666664 0.5233333333333333 0.023333333333333334 0.023333333333333334
0 0.02 0.43166666666666664 0.023333333333333334 0.03
0 0.016666666666666666 0.3516666666666667 0.02 0.02666666666666667
0 0.9483333333333334 0.3616666666666667 0.03 0.028333333333333332
0 0.865 0.09833333333333333 0.023333333333333334 0.03
0 0.9333333333333333 0.06166666666666667 0.02666666666666667 0.028333333333333332
0 0.5533333333333333 0.8433333333333334 0.023333333333333334 0.023333333333333334
0 0.5983333333333334 0.7916666666666666 0.023333333333333334 0.02
0 0.5783333333333334 0.8016666666666666 0.03 0.023333333333333334
0 0.5833333333333334 0.8733333333333333 0.02666666666666667 0.02
0 0.645 0.88 0.02 0.02
0 0.5566666666666666 0.9783333333333334 0.02 0.02666666666666667
0 0.5183333333333333 0.8216666666666667 0.02666666666666667 0.02
0 0.9633333333333334 0.21833333333333332 0.025 0.028333333333333332
0 0.485 0.8133333333333334 0.028333333333333332 0.02666666666666667
0 0.4483333333333333 0.8316666666666667 0.03 0.025
0 0.21333333333333335 0.62 0.03 0.028333333333333332