0 0.03833333333333333 0.9233333333333333 0.02666666666666667 0.02666666666666667
0 0.48 0.9466666666666667 0.028333333333333332 0.025
0 0.30333333333333334 0.755 0.02666666666666667 0.03
0 0.335 0.7666666666666667 0.03 0.023333333333333334
0 0.435 0.6583333333333333 0.02 0.02
0 0.44666666666666666 0.6566666666666666 0.023333333333333334 0.023333333333333334
0 0.4683333333333333 0.6083333333333333 0.02 0.02666666666666667
0 0.43333333333333335 0.7266666666666667 0.02 0.03
0 0.22166666666666668 0.56 0.02666666666666667 0.02666666666666667
0 0.20166666666666666 0.6083333333333333 0.03 0.02
0 0.19833333333333333 0.665 0.02 0.02
0 0.25 0.6966666666666667 0.02 0.023333333333333334
0 0.38166666666666665 0.665 0.02 0.023333333333333334
0 0.73 0.5733333333333334 0.03 0.02666666666666667
0 0.5566666666666666 0.5633333333333334 0.02666666666666667 0.023333333333333334
0 0.565 0.5833333333333334 0.025 0.03
0 0.7 0.6433333333333333 0.023333333333333334 0.03
0 0.5866666666666667 0.6516666666666666 0.02666666666666667 0.03
0 0.5933333333333334 0.7033333333333334 0.023333333333333334 0.02666666666666667
0 0.5766666666666667 0.7166666666666667 0.023333333333333334 0.02666666666666667
0 0.695 0.7333333333333333 0.023333333333333334 0.03
0 0.6683333333333333 0.7483333333333333 0.02 0.023333333333333334
0 0.8466666666666667 0.675 0.03 0.023333333333333334
0 0.8816666666666667 0.69 0.02666666666666667 0.02666666666666667
0 0.8266666666666667 0.7216666666666667 0.03 0.03
0 0.72 0.735 0.02666666666666667 0.03
0 0.745 0.7433333333333333 0.03 0.03666666666666667
0 0.7683333333333333 0.7366666666666667 0.02666666666666667 0.03
0 0.965 0.8216666666666667 0.02666666666666667 0.03
0 0.92 0.8683333333333333 0.02 0.02666666666666667
0 0.9416666666666667 0.8616666666666667 0.02666666666666667 0.02666666666666667
0 0.7483333333333333 0.6316666666666667 0.023333333333333334 0.02
0 0.7533333333333333 0.5433333333333333 0.02666666666666667 0.023333333333333334
0 0.725 0.815 0.02666666666666667 0.02
0 0.8566666666666667 0.8083333333333333 0.02666666666666667 0.02666666666666667
0 0.9533333333333334 0.73 0.03 0.02666666666666667
0 0.925 0.9383333333333334 0.02666666666666667 0.025
0 0.82 0.8433333333333334 0.02666666666666667 0.02666666666666667
0 0.59 0.9233333333333333 0.023333333333333334 0.023333333333333334
0 0.19833333333333333 0.4866666666666667 0.02666666666666667 0.02
0 0.22833333333333333 0.49 0.03333333333333333 0.03
0 0.28 0.5183333333333333 0.02 0.02666666666666667
0 0.3333333333333333 0.48333333333333334 0.02 0.023333333333333334
0 0.3516666666666667 0.4683333333333333 0.023333333333333334 0.02666666666666667
0 0.445 0.46166666666666667 0.023333333333333334 0.023333333333333334
0 0.4816666666666667 0.4266666666666667 0.02666666666666667 0.02
0 0.46166666666666667 0.38166666666666665 0.023333333333333334 0.02
0 0.25 0.34 0.03 0.03
0 0.13333333333333333 0.355 0.02666666666666667 0.03333333333333333
0 0.72 0.28833333333333333 0.03 0.023333333333333334
0 0.5783333333333334 0.5216666666666666 0.02666666666666667 0.03
0 0.9716666666666667 0.47333333333333333 0.023333333333333334 0.023333333333333334
0 0.9383333333333334 0.9 0.023333333333333334 0.02666666666666667
0 0.8483333333333334 0.7766666666666666 0.03 0.02
0 0.65 0.6266666666666667 0.025 0.028333333333333332
0 0.6283333333333333 0.8883333333333333 0.021666666666666667 0.028333333333333332
0 0.4116666666666667 0.44666666666666666 0.023333333333333334 0.02666666666666667
0 0.97 0.7666666666666667 0.023333333333333334 0.02666666666666667
0 0.5766666666666667 0.48833333333333334 0.021666666666666667 0.021666666666666667
0 0.9716666666666667 0.9483333333333334 0.025 0.028333333333333332
0 0.4816666666666667 0.5416666666666666 0.023333333333333334 0.016666666666666666