0 0.5733333333333334 0.9516666666666667 0.023333333333333334 0.03
0 0.5833333333333334 0.8633333333333333 0.02666666666666667 0.03
0 0.5116666666666667 0.79 0.03666666666666667 0.03333333333333333
0 0.6033333333333334 0.7333333333333333 0.023333333333333334 0.03333333333333333
0 0.6316666666666667 0.7033333333333334 0.023333333333333334 0.023333333333333334
0 0.5116666666666667 0.7183333333333334 0.03 0.03
0 0.5783333333333334 0.73 0.02666666666666667 0.03333333333333333
0 0.49833333333333335 0.5533333333333333 0.03 0.03
0 0.485 0.635 0.03 0.03
0 0.6533333333333333 0.7133333333333334 0.023333333333333334 0.016666666666666666
0 0.5183333333333333 0.5216666666666666 0.02 0.023333333333333334
0 0.7783333333333333 0.235 0.02666666666666667 0.023333333333333334
0 0.8033333333333333 0.15666666666666668 0.02666666666666667 0.02666666666666667
0 0.8633333333333333 0.25666666666666665 0.03 0.02666666666666667
0 0.965 0.21166666666666667 0.02666666666666667 0.02666666666666667
0 0.6983333333333334 0.17166666666666666 0.02666666666666667 0.03
0 0.7283333333333334 0.15833333333333333 0.02666666666666667 0.02666666666666667
0 0.7116666666666667 0.22333333333333333 0.023333333333333334 0.02666666666666667
0 0.6933333333333334 0.24 0.023333333333333334 0.02666666666666667
0 0.815 0.23833333333333334 0.023333333333333334 0.023333333333333334
0 0.595 0.2783333333333333 0.02666666666666667 0.02666666666666667
0 0.9333333333333333 0.28833333333333333 0.02666666666666667 0.02666666666666667
0 0.8766666666666667 0.021666666666666667 0.02666666666666667 0.02666666666666667
0 0.8383333333333334 0.3566666666666667 0.02666666666666667 0.028333333333333332