0 0.8383333333333334 0.29333333333333333 0.03 0.023333333333333334
0 0.94 0.11833333333333333 0.03 0.02666666666666667
0 0.9683333333333334 0.125 0.023333333333333334 0.02666666666666667
0 0.9066666666666666 0.041666666666666664 0.023333333333333334 0.02
0 0.91 0.07166666666666667 0.02666666666666667 0.02
0 0.9116666666666666 0.09333333333333334 0.023333333333333334 0.023333333333333334
0 0.9433333333333334 0.08333333333333333 0.02666666666666667 0.023333333333333334
0 0.9266666666666666 0.09833333333333333 0.02666666666666667 0.02666666666666667
0 0.8983333333333333 0.11166666666666666 0.03 0.03
0 0.6483333333333333 0.03166666666666667 0.02666666666666667 0.03
0 0.72 0.035 0.03 0.03
0 0.9 0.17166666666666666 0.023333333333333334 0.023333333333333334
0 0.87 0.23 0.02666666666666667 0.023333333333333334
0 0.8683333333333333 0.04666666666666667 0.02666666666666667 0.023333333333333334
0 0.6466666666666666 0.06666666666666667 0.02666666666666667 0.02666666666666667
0 0.7683333333333333 0.23166666666666666 0.02666666666666667 0.02666666666666667
0 0.6166666666666667 0.10333333333333333 0.023333333333333334 0.02
0 0.8366666666666667 0.10833333333333334 0.03 0.03
0 0.9083333333333333 0.25166666666666665 0.02666666666666667 0.023333333333333334
0 0.5766666666666667 0.09333333333333334 0.023333333333333334 0.023333333333333334
0 0.6166666666666667 0.19333333333333333 0.023333333333333334 0.023333333333333334
0 0.09333333333333334 0.06166666666666667 0.03 0.023333333333333334
0 0.04666666666666667 0.135 0.03 0.03
0 0.21 0.235 0.023333333333333334 0.03
0 0.08 0.19666666666666666 0.023333333333333334 0.023333333333333334
0 0.04 0.37666666666666665 0.023333333333333334 0.023333333333333334
0 0.06666666666666667 0.43166666666666664 0.02666666666666667 0.03
0 0.195 0.4066666666666667 0.02 0.02
0 0.2633333333333333 0.4583333333333333 0.023333333333333334 0.02666666666666667
0 0.245 0.37666666666666665 0.03 0.03
0 0.041666666666666664 0.30333333333333334 0.023333333333333334 0.023333333333333334
0 0.33166666666666667 0.42833333333333334 0.03 0.03
0 0.14166666666666666 0.21166666666666667 0.02666666666666667 0.02666666666666667
0 0.085 0.16833333333333333 0.02666666666666667 0.023333333333333334
0 0.04833333333333333 0.3566666666666667 0.02666666666666667 0.023333333333333334
0 0.18666666666666668 0.37166666666666665 0.02666666666666667 0.023333333333333334
0 0.12666666666666668 0.25333333333333335 0.02666666666666667 0.023333333333333334
0 0.08 0.51 0.03 0.023333333333333334
0 0.09666666666666666 0.49166666666666664 0.03 0.02
0 0.12 0.5633333333333334 0.02 0.023333333333333334
0 0.08833333333333333 0.5566666666666666 0.02666666666666667 0.02
0 0.06666666666666667 0.585 0.023333333333333334 0.02666666666666667
0 0.22 0.7516666666666667 0.023333333333333334 0.023333333333333334
0 0.3466666666666667 0.64 0.02666666666666667 0.02666666666666667
0 0.21333333333333335 0.87 0.02666666666666667 0.023333333333333334
0 0.29333333333333333 0.66 0.023333333333333334 0.023333333333333334
0 0.39 0.5433333333333333 0.02666666666666667 0.02666666666666667
0 0.315 0.6383333333333333 0.023333333333333334 0.023333333333333334
0 0.2633333333333333 0.76 0.03 0.03
0 0.22833333333333333 0.965 0.03 0.03
0 0.25333333333333335 0.7983333333333333 0.02666666666666667 0.02666666666666667
0 0.3333333333333333 0.705 0.023333333333333334 0.02
0 0.035 0.675 0.023333333333333334 0.023333333333333334
0 0.26 0.6016666666666667 0.02666666666666667 0.02666666666666667
0 0.965 0.8683333333333333 0.025 0.028333333333333332
0 0.9533333333333334 0.9133333333333333 0.03 0.023333333333333334
0 0.9416666666666667 0.9366666666666666 0.02666666666666667 0.02
0 0.92 0.8183333333333334 0.023333333333333334 0.02666666666666667