0 0.7266666666666667 0.7383333333333333 0.03 0.03333333333333333
0 0.2783333333333333 0.7983333333333333 0.03 0.02
0 0.3016666666666667 0.8366666666666667 0.02666666666666667 0.023333333333333334
0 0.39666666666666667 0.95 0.02666666666666667 0.02666666666666667
0 0.18 0.8166666666666667 0.03 0.02
0 0.08333333333333333 0.7883333333333333 0.023333333333333334 0.023333333333333334
0 0.11666666666666667 0.7733333333333333 0.02666666666666667 0.02
0 0.06666666666666667 0.6016666666666667 0.023333333333333334 0.02
0 0.03833333333333333 0.6383333333333333 0.023333333333333334 0.02
0 0.023333333333333334 0.5933333333333334 0.03 0.02666666666666667
0 0.03833333333333333 0.84 0.02 0.03
0 0.39 0.93 0.02 0.02
0 0.58 0.8216666666666667 0.02666666666666667 0.02666666666666667
0 0.22333333333333333 0.6333333333333333 0.02 0.02
0 0.25333333333333335 0.63 0.03 0.023333333333333334
0 0.19833333333333333 0.6633333333333333 0.02666666666666667 0.023333333333333334
0 0.19 0.68 0.023333333333333334 0.02
0 0.09666666666666666 0.68 0.02 0.02
0 0.13833333333333334 0.6183333333333333 0.023333333333333334 0.02
0 0.07333333333333333 0.635 0.023333333333333334 0.023333333333333334
0 0.07166666666666667 0.96 0.02666666666666667 0.03
0 0.275 0.935 0.023333333333333334 0.023333333333333334
0 0.2833333333333333 0.9183333333333333 0.023333333333333334 0.02
0 0.31833333333333336 0.9633333333333334 0.02666666666666667 0.03
0 0.13833333333333334 0.5833333333333334 0.016666666666666666 0.02
0 0.19833333333333333 0.6233333333333333 0.023333333333333334 0.023333333333333334
0 0.37666666666666665 0.5916666666666667 0.02666666666666667 0.03
0 0.3516666666666667 0.5616666666666666 0.03 0.03
0 0.68 0.75 0.02 0.023333333333333334
0 0.41333333333333333 0.98 0.03666666666666667 0.02666666666666667
0 0.14833333333333334 0.49333333333333335 0.02 0.02
0 0.03 0.49666666666666665 0.03 0.02666666666666667
0 0.36833333333333335 0.43666666666666665 0.023333333333333334 0.02666666666666667
0 0.18166666666666667 0.5066666666666667 0.023333333333333334 0.03
0 0.18333333333333332 0.4766666666666667 0.02 0.02
0 0.05333333333333334 0.5033333333333333 0.03 0.02666666666666667
0 0.13 0.4866666666666667 0.02 0.02
0 0.245 0.44666666666666666 0.02666666666666667 0.023333333333333334
0 0.165 0.7866666666666666 0.028333333333333332 0.021666666666666667