0 0.8466666666666667 0.555 0.023333333333333334 0.02666666666666667
0 0.845 0.45666666666666667 0.02 0.02
0 0.7766666666666666 0.225 0.02666666666666667 0.02
0 0.7933333333333333 0.21833333333333332 0.023333333333333334 0.02666666666666667
0 0.8433333333333334 0.2633333333333333 0.025 0.02
0 0.8383333333333334 0.5083333333333333 0.02666666666666667 0.023333333333333334
0 0.19166666666666668 0.14666666666666667 0.023333333333333334 0.02
0 0.115 0.24166666666666667 0.02666666666666667 0.025
0 0.4166666666666667 0.9016666666666666 0.03 0.03
0 0.48333333333333334 0.9166666666666666 0.023333333333333334 0.02
0 0.24666666666666667 0.9833333333333333 0.03 0.03