0 0.7383333333333333 0.3616666666666667 0.02666666666666667 0.023333333333333334
0 0.765 0.5116666666666667 0.02 0.02
0 0.6816666666666666 0.5266666666666666 0.02 0.02666666666666667
0 0.625 0.43833333333333335 0.02666666666666667 0.023333333333333334
0 0.6266666666666667 0.38666666666666666 0.02666666666666667 0.02
0 0.7183333333333334 0.47 0.02 0.02
0 0.7016666666666667 0.5266666666666666 0.02 0.02
0 0.8166666666666667 0.3883333333333333 0.02 0.02
0 0.8516666666666667 0.545 0.02 0.02666666666666667
0 0.8866666666666667 0.58 0.023333333333333334 0.02666666666666667
0 0.7083333333333334 0.5016666666666667 0.02 0.023333333333333334
0 0.6866666666666666 0.42333333333333334 0.02666666666666667 0.02666666666666667
0 0.6416666666666667 0.24 0.02 0.02666666666666667
0 0.7783333333333333 0.43333333333333335 0.03 0.02666666666666667
0 0.6166666666666667 0.33666666666666667 0.02666666666666667 0.023333333333333334
0 0.6816666666666666 0.4666666666666667 0.023333333333333334 0.023333333333333334
0 0.6916666666666667 0.185 0.03 0.03
0 0.7633333333333333 0.15666666666666668 0.023333333333333334 0.023333333333333334
0 0.12833333333333333 0.6683333333333333 0.02666666666666667 0.02666666666666667
0 0.7833333333333333 0.3983333333333333 0.03 0.03166666666666667