0 0.7016666666666667 0.1 0.03 0.03
0 0.7633333333333333 0.06 0.03 0.03
0 0.8333333333333334 0.19666666666666666 0.02666666666666667 0.03
0 0.5733333333333334 0.21 0.03 0.03333333333333333
0 0.5716666666666667 0.30333333333333334 0.023333333333333334 0.03
0 0.9733333333333334 0.13833333333333334 0.03333333333333333 0.03
0 0.8683333333333333 0.165 0.023333333333333334 0.03
0 0.7633333333333333 0.20333333333333334 0.023333333333333334 0.03
0 0.9833333333333333 0.03166666666666667 0.02666666666666667 0.02666666666666667
0 0.8466666666666667 0.11666666666666667 0.023333333333333334 0.023333333333333334
0 0.5783333333333334 0.3566666666666667 0.03 0.02666666666666667
0 0.8766666666666667 0.13 0.03 0.03
0 0.6766666666666666 0.24333333333333335 0.023333333333333334 0.023333333333333334
0 0.9533333333333334 0.12166666666666667 0.03 0.03
0 0.9283333333333333 0.17333333333333334 0.02666666666666667 0.02666666666666667
0 0.6366666666666667 0.26166666666666666 0.02666666666666667 0.023333333333333334
0 0.7966666666666666 0.21666666666666667 0.023333333333333334 0.023333333333333334
0 0.07 0.17166666666666666 0.03 0.02
0 0.09166666666666666 0.16 0.03 0.03
0 0.11166666666666666 0.17666666666666667 0.02666666666666667 0.02666666666666667
0 0.13166666666666665 0.16833333333333333 0.03 0.02666666666666667
0 0.13166666666666665 0.18666666666666668 0.03 0.03
0 0.12166666666666667 0.19666666666666666 0.03 0.03
0 0.023333333333333334 0.10666666666666667 0.03333333333333333 0.02666666666666667
0 0.043333333333333335 0.05 0.02666666666666667 0.023333333333333334
0 0.10833333333333334 0.11666666666666667 0.02666666666666667 0.023333333333333334
0 0.10833333333333334 0.09166666666666666 0.03 0.02666666666666667
0 0.13333333333333333 0.08833333333333333 0.02666666666666667 0.02
0 0.165 0.115 0.02666666666666667 0.023333333333333334
0 0.14833333333333334 0.028333333333333332 0.02666666666666667 0.02666666666666667
0 0.023333333333333334 0.26 0.03 0.02666666666666667
0 0.07833333333333334 0.21333333333333335 0.03 0.04
0 0.3233333333333333 0.21666666666666667 0.028333333333333332 0.02666666666666667
0 0.4666666666666667 0.11166666666666666 0.03 0.023333333333333334
0 0.4266666666666667 0.34833333333333333 0.025 0.02666666666666667
0 0.49833333333333335 0.31666666666666665 0.023333333333333334 0.023333333333333334
0 0.44166666666666665 0.395 0.02666666666666667 0.02666666666666667
0 0.4583333333333333 0.3933333333333333 0.023333333333333334 0.03
0 0.17833333333333334 0.21666666666666667 0.03 0.02666666666666667
0 0.4033333333333333 0.12833333333333333 0.03166666666666667 0.02666666666666667
0 0.23666666666666666 0.10666666666666667 0.023333333333333334 0.023333333333333334
0 0.051666666666666666 0.19833333333333333 0.023333333333333334 0.023333333333333334
0 0.465 0.31666666666666665 0.03 0.02666666666666667
0 0.12333333333333334 0.2783333333333333 0.023333333333333334 0.02
0 0.4033333333333333 0.15833333333333333 0.03 0.02666666666666667
0 0.26166666666666666 0.5983333333333334 0.02666666666666667 0.023333333333333334
0 0.47833333333333333 0.5683333333333334 0.02666666666666667 0.023333333333333334
0 0.025 0.7866666666666666 0.021666666666666667 0.025
0 0.23166666666666666 0.8666666666666667 0.02666666666666667 0.023333333333333334
0 0.24666666666666667 0.9333333333333333 0.03 0.03
0 0.38333333333333336 0.9683333333333334 0.021666666666666667 0.02666666666666667
0 0.013333333333333334 0.8383333333333334 0.02 0.023333333333333334
0 0.31166666666666665 0.6266666666666667 0.02666666666666667 0.02666666666666667
0 0.37666666666666665 0.9416666666666667 0.02666666666666667 0.02666666666666667
0 0.485 0.9633333333333334 0.02666666666666667 0.02666666666666667
0 0.7683333333333333 0.71 0.016666666666666666 0.018333333333333333
0 0.9583333333333334 0.6433333333333333 0.02666666666666667 0.02666666666666667
0 0.7666666666666667 0.74 0.018333333333333333 0.018333333333333333
0 0.08833333333333333 0.013333333333333334 0.02666666666666667 0.02666666666666667
0 0.5266666666666666 0.49333333333333335 0.03666666666666667 0.03833333333333333
0 0.5166666666666667 0.33166666666666667 0.023333333333333334 0.021666666666666667
0 0.5116666666666667 0.34833333333333333 0.03 0.02666666666666667
0 0.6116666666666667 0.25 0.028333333333333332 0.025