0 0.3016666666666667 0.9416666666666667 0.023333333333333334 0.02666666666666667
0 0.32666666666666666 0.9066666666666666 0.02 0.02666666666666667
0 0.35333333333333333 0.9 0.02666666666666667 0.023333333333333334
0 0.4033333333333333 0.8366666666666667 0.023333333333333334 0.023333333333333334
0 0.035 0.58 0.02666666666666667 0.02666666666666667
0 0.40166666666666667 0.9783333333333334 0.02666666666666667 0.02666666666666667
0 0.4083333333333333 0.9316666666666666 0.02666666666666667 0.023333333333333334
0 0.4033333333333333 0.855 0.02666666666666667 0.02
0 0.9583333333333334 0.8133333333333334 0.02666666666666667 0.02
0 0.9416666666666667 0.7466666666666667 0.03 0.02666666666666667
0 0.9766666666666667 0.8433333333333334 0.03 0.03
0 0.5833333333333334 0.8916666666666667 0.03 0.03
0 0.365 0.3983333333333333 0.03166666666666667 0.03
0 0.13333333333333333 0.395 0.03 0.02
0 0.16166666666666665 0.39166666666666666 0.023333333333333334 0.02
0 0.7516666666666667 0.07333333333333333 0.028333333333333332 0.02666666666666667
0 0.7416666666666667 0.13333333333333333 0.03 0.02666666666666667
0 0.795 0.07 0.03 0.03
0 0.79 0.09333333333333334 0.02666666666666667 0.03
0 0.21166666666666667 0.3516666666666667 0.03166666666666667 0.03166666666666667
0 0.225 0.47 0.03333333333333333 0.03166666666666667
0 0.18333333333333332 0.4483333333333333 0.023333333333333334 0.025