0 0.9616666666666667 0.755 0.03 0.03
0 0.9133333333333333 0.8583333333333333 0.023333333333333334 0.023333333333333334
0 0.8333333333333334 0.7316666666666667 0.023333333333333334 0.023333333333333334
0 0.8183333333333334 0.6033333333333334 0.023333333333333334 0.02
0 0.7816666666666666 0.5783333333333334 0.03 0.023333333333333334
0 0.7233333333333334 0.535 0.023333333333333334 0.02
0 0.8733333333333333 0.6733333333333333 0.023333333333333334 0.02
0 0.9066666666666666 0.6316666666666667 0.023333333333333334 0.02666666666666667
0 0.9166666666666666 0.7616666666666667 0.02666666666666667 0.023333333333333334
0 0.9566666666666667 0.9516666666666667 0.02666666666666667 0.023333333333333334
0 0.9416666666666667 0.8283333333333334 0.023333333333333334 0.02
0 0.9633333333333334 0.6033333333333334 0.028333333333333332 0.025
0 0.8966666666666666 0.6583333333333333 0.023333333333333334 0.023333333333333334
0 0.9616666666666667 0.8633333333333333 0.023333333333333334 0.02666666666666667
0 0.5333333333333333 0.9283333333333333 0.023333333333333334 0.02666666666666667
0 0.8183333333333334 0.7666666666666667 0.02 0.023333333333333334
0 0.8783333333333333 0.6466666666666666 0.023333333333333334 0.02666666666666667
0 0.9883333333333333 0.8466666666666667 0.016666666666666666 0.02
0 0.79 0.9516666666666667 0.023333333333333334 0.03
0 0.805 0.5766666666666667 0.023333333333333334 0.023333333333333334
0 0.795 0.5133333333333333 0.02 0.023333333333333334
0 0.14333333333333334 0.3883333333333333 0.03 0.02666666666666667
0 0.41333333333333333 0.5416666666666666 0.02666666666666667 0.023333333333333334
0 0.14666666666666667 0.2816666666666667 0.02666666666666667 0.02
0 0.08833333333333333 0.29333333333333333 0.03 0.03
0 0.02 0.17 0.023333333333333334 0.023333333333333334
0 0.3283333333333333 0.13333333333333333 0.03 0.023333333333333334
0 0.19833333333333333 0.32666666666666666 0.03 0.02
0 0.29333333333333333 0.4633333333333333 0.023333333333333334 0.02
0 0.32666666666666666 0.48 0.023333333333333334 0.023333333333333334
0 0.38166666666666665 0.5483333333333333 0.03166666666666667 0.02666666666666667
0 0.23333333333333334 0.39166666666666666 0.02666666666666667 0.02
0 0.36833333333333335 0.6133333333333333 0.023333333333333334 0.023333333333333334
0 0.235 0.41833333333333333 0.023333333333333334 0.023333333333333334
0 0.3233333333333333 0.10833333333333334 0.03 0.03
0 0.39 0.29833333333333334 0.02 0.023333333333333334
0 0.7883333333333333 0.3466666666666667 0.02666666666666667 0.02666666666666667
0 0.6766666666666666 0.32166666666666666 0.02666666666666667 0.02
0 0.7616666666666667 0.3416666666666667 0.023333333333333334 0.023333333333333334
0 0.6033333333333334 0.24666666666666667 0.03 0.02
0 0.5783333333333334 0.2683333333333333 0.02666666666666667 0.02
0 0.545 0.165 0.02666666666666667 0.02666666666666667
0 0.605 0.13833333333333334 0.02666666666666667 0.02
0 0.6066666666666667 0.20333333333333334 0.023333333333333334 0.02666666666666667
0 0.725 0.11666666666666667 0.023333333333333334 0.02666666666666667
0 0.7583333333333333 0.10333333333333333 0.02666666666666667 0.023333333333333334
0 0.76 0.2733333333333333 0.023333333333333334 0.02666666666666667
0 0.6716666666666666 0.3933333333333333 0.02 0.02
0 0.7383333333333333 0.39 0.03 0.023333333333333334
0 0.885 0.39166666666666666 0.023333333333333334 0.02
0 0.8366666666666667 0.38166666666666665 0.02 0.02
0 0.8316666666666667 0.40166666666666667 0.023333333333333334 0.023333333333333334
0 0.6333333333333333 0.29 0.023333333333333334 0.02
0 0.575 0.03833333333333333 0.023333333333333334 0.023333333333333334
0 0.7266666666666667 0.245 0.023333333333333334 0.023333333333333334
0 0.7766666666666666 0.30666666666666664 0.023333333333333334 0.028333333333333332
0 0.8116666666666666 0.4216666666666667 0.02666666666666667 0.02666666666666667
0 0.6116666666666667 0.058333333333333334 0.023333333333333334 0.023333333333333334
0 0.5483333333333333 0.38666666666666666 0.02666666666666667 0.02666666666666667
0 0.5866666666666667 0.15666666666666668 0.023333333333333334 0.023333333333333334
0 0.9833333333333333 0.15166666666666667 0.03 0.03
0 0.5766666666666667 0.24833333333333332 0.023333333333333334 0.023333333333333334
0 0.885 0.41333333333333333 0.023333333333333334 0.02
0 0.68 0.4216666666666667 0.02 0.016666666666666666
0 0.7583333333333333 0.3883333333333333 0.02 0.02666666666666667
0 0.7733333333333333 0.395 0.02 0.02666666666666667
0 0.6883333333333334 0.06333333333333334 0.023333333333333334 0.023333333333333334
0 0.75 0.195 0.023333333333333334 0.023333333333333334
0 0.8666666666666667 0.49 0.02666666666666667 0.02
0 0.28 0.023333333333333334 0.025 0.03
0 0.5566666666666666 0.30333333333333334 0.02666666666666667 0.025
0 0.855 0.73 0.025 0.028333333333333332
0 0.5083333333333333 0.043333333333333335 0.02666666666666667 0.03
0 0.9866666666666667 0.75 0.02666666666666667 0.03833333333333333
0 0.9666666666666667 0.6933333333333334 0.02666666666666667 0.03166666666666667
0 0.38166666666666665 0.20166666666666666 0.028333333333333332 0.03