0 0.19333333333333333 0.051666666666666666 0.03 0.02666666666666667
0 0.2733333333333333 0.10666666666666667 0.02666666666666667 0.02666666666666667
0 0.05 0.4066666666666667 0.03 0.02666666666666667
0 0.10666666666666667 0.2866666666666667 0.02666666666666667 0.02666666666666667
0 0.21166666666666667 0.028333333333333332 0.02666666666666667 0.02666666666666667
0 0.03833333333333333 0.5666666666666667 0.03 0.023333333333333334
0 0.1 0.7116666666666667 0.023333333333333334 0.02666666666666667
0 0.18833333333333332 0.7183333333333334 0.023333333333333334 0.023333333333333334
0 0.21833333333333332 0.8583333333333333 0.03 0.02666666666666667
0 0.20166666666666666 0.8733333333333333 0.02 0.023333333333333334
0 0.215 0.8783333333333333 0.02 0.02
0 0.19666666666666666 0.6833333333333333 0.023333333333333334 0.03
0 0.31 0.8233333333333334 0.023333333333333334 0.023333333333333334
0 0.14166666666666666 0.9383333333333334 0.023333333333333334 0.02
0 0.14666666666666667 0.785 0.023333333333333334 0.023333333333333334
0 0.2833333333333333 0.9516666666666667 0.023333333333333334 0.023333333333333334
0 0.17 0.8633333333333333 0.018333333333333333 0.021666666666666667
0 0.18833333333333332 0.7633333333333333 0.023333333333333334 0.023333333333333334
0 0.23 0.7016666666666667 0.023333333333333334 0.023333333333333334
0 0.02 0.7533333333333333 0.03 0.028333333333333332
0 0.26 0.6766666666666666 0.023333333333333334 0.02666666666666667
0 0.19333333333333333 0.09333333333333334 0.021666666666666667 0.023333333333333334