0 0.40166666666666667 0.3416666666666667 0.02 0.02
0 0.115 0.06833333333333333 0.023333333333333334 0.02666666666666667
0 0.08333333333333333 0.445 0.028333333333333332 0.021666666666666667
0 0.03666666666666667 0.43666666666666665 0.03166666666666667 0.02
0 0.04833333333333333 0.06666666666666667 0.02 0.02
0 0.13333333333333333 0.058333333333333334 0.02 0.02
0 0.09666666666666666 0.05333333333333334 0.023333333333333334 0.02
0 0.06333333333333334 0.35833333333333334 0.02666666666666667 0.023333333333333334
0 0.4483333333333333 0.8966666666666666 0.02 0.023333333333333334
0 0.37333333333333335 0.9583333333333334 0.023333333333333334 0.023333333333333334
0 0.12833333333333333 0.7683333333333333 0.03 0.02666666666666667
0 0.105 0.7466666666666667 0.023333333333333334 0.02
0 0.16166666666666665 0.7666666666666667 0.02666666666666667 0.02
0 0.15833333333333333 0.75 0.02666666666666667 0.02
0 0.845 0.6816666666666666 0.023333333333333334 0.02
0 0.08333333333333333 0.535 0.03 0.02666666666666667
0 0.5183333333333333 0.9316666666666666 0.02666666666666667 0.02666666666666667
0 0.11166666666666666 0.5766666666666667 0.02666666666666667 0.02666666666666667
0 0.8816666666666667 0.935 0.02666666666666667 0.023333333333333334
0 0.043333333333333335 0.5333333333333333 0.02666666666666667 0.023333333333333334
0 0.325 0.6133333333333333 0.03 0.02666666666666667
0 0.6083333333333333 0.7883333333333333 0.02666666666666667 0.02
0 0.47 0.8166666666666667 0.023333333333333334 0.023333333333333334
0 0.7483333333333333 0.7133333333333334 0.023333333333333334 0.02
0 0.755 0.9583333333333334 0.023333333333333334 0.023333333333333334
0 0.6916666666666667 0.87 0.02666666666666667 0.028333333333333332
0 0.16833333333333333 0.735 0.023333333333333334 0.02
0 0.051666666666666666 0.5183333333333333 0.02 0.016666666666666666
0 0.013333333333333334 0.043333333333333335 0.02666666666666667 0.023333333333333334
0 0.011666666666666667 0.01 0.02 0.02
0 0.011666666666666667 0.23166666666666666 0.023333333333333334 0.03
0 0.9483333333333334 0.26666666666666666 0.028333333333333332 0.028333333333333332
0 0.021666666666666667 0.685 0.028333333333333332 0.023333333333333334