0 0.305 0.39166666666666666 0.02666666666666667 0.02
0 0.41333333333333333 0.043333333333333335 0.02 0.02
0 0.9833333333333333 0.29333333333333333 0.02 0.023333333333333334
0 0.6016666666666667 0.18666666666666668 0.023333333333333334 0.023333333333333334
0 0.9783333333333334 0.1 0.02 0.023333333333333334
0 0.9766666666666667 0.33666666666666667 0.02 0.02666666666666667
0 0.6166666666666667 0.16166666666666665 0.03 0.03
0 0.5933333333333334 0.9766666666666667 0.02666666666666667 0.03
0 0.575 0.94 0.023333333333333334 0.02666666666666667
0 0.5583333333333333 0.9683333333333334 0.023333333333333334 0.03
0 0.5566666666666666 0.8483333333333334 0.02 0.02
0 0.9766666666666667 0.755 0.03333333333333333 0.023333333333333334
0 0.6416666666666667 0.8816666666666667 0.021666666666666667 0.018333333333333333
0 0.8533333333333334 0.6266666666666667 0.02666666666666667 0.02666666666666667
0 0.6466666666666666 0.94 0.02 0.023333333333333334
0 0.6283333333333333 0.8366666666666667 0.03 0.02666666666666667
0 0.21 0.7816666666666666 0.028333333333333332 0.02666666666666667
0 0.26666666666666666 0.7566666666666667 0.02666666666666667 0.023333333333333334
0 0.29333333333333333 0.8716666666666667 0.02666666666666667 0.021666666666666667
0 0.225 0.8466666666666667 0.03 0.03
0 0.15666666666666668 0.6666666666666666 0.028333333333333332 0.023333333333333334
0 0.12166666666666667 0.7 0.03 0.03
0 0.28833333333333333 0.6816666666666666 0.02 0.02
0 0.07833333333333334 0.7566666666666667 0.02 0.023333333333333334
0 0.06166666666666667 0.7333333333333333 0.02 0.02
0 0.06166666666666667 0.6783333333333333 0.02 0.02
0 0.3516666666666667 0.8783333333333333 0.02 0.023333333333333334
0 0.2783333333333333 0.7816666666666666 0.02666666666666667 0.023333333333333334
0 0.25333333333333335 0.6483333333333333 0.023333333333333334 0.02
0 0.4066666666666667 0.9316666666666666 0.02 0.02666666666666667
0 0.38333333333333336 0.915 0.02 0.023333333333333334
0 0.47833333333333333 0.8566666666666667 0.02 0.02
0 0.4866666666666667 0.9416666666666667 0.02 0.023333333333333334
0 0.4666666666666667 0.9266666666666666 0.02 0.03
0 0.4866666666666667 0.5683333333333334 0.03 0.02666666666666667
0 0.25666666666666665 0.8433333333333334 0.025 0.03
0 0.2833333333333333 0.84 0.02666666666666667 0.023333333333333334
0 0.006666666666666667 0.6866666666666666 0.013333333333333334 0.02
0 0.4083333333333333 0.9033333333333333 0.028333333333333332 0.03333333333333333
0 0.37333333333333335 0.895 0.02 0.023333333333333334
0 0.3883333333333333 0.8266666666666667 0.02666666666666667 0.023333333333333334
0 0.44 0.8483333333333334 0.023333333333333334 0.023333333333333334
0 0.20666666666666667 0.69 0.03 0.023333333333333334
0 0.33666666666666667 0.73 0.02666666666666667 0.03
0 0.31833333333333336 0.7133333333333334 0.023333333333333334 0.023333333333333334
0 0.07833333333333334 0.7366666666666667 0.023333333333333334 0.02
0 0.5316666666666666 0.9633333333333334 0.02666666666666667 0.03
0 0.37833333333333335 0.6883333333333334 0.021666666666666667 0.02666666666666667
0 0.945 0.6266666666666667 0.021666666666666667 0.02666666666666667
0 0.4866666666666667 0.78 0.023333333333333334 0.025
0 0.25666666666666665 0.7283333333333334 0.02666666666666667 0.023333333333333334
0 0.19333333333333333 0.5366666666666666 0.023333333333333334 0.025
0 0.4716666666666667 0.6116666666666667 0.021666666666666667 0.025
0 0.865 0.8016666666666666 0.02 0.021666666666666667