0 0.3233333333333333 0.79 0.02666666666666667 0.02666666666666667
0 0.29333333333333333 0.755 0.023333333333333334 0.02666666666666667
0 0.275 0.7533333333333333 0.021666666666666667 0.021666666666666667
0 0.36666666666666664 0.66 0.025 0.021666666666666667
0 0.525 0.9233333333333333 0.023333333333333334 0.023333333333333334
0 0.5333333333333333 0.9483333333333334 0.023333333333333334 0.02666666666666667
0 0.8083333333333333 0.85 0.023333333333333334 0.023333333333333334
0 0.285 0.6433333333333333 0.02 0.02
0 0.315 0.615 0.018333333333333333 0.021666666666666667
0 0.9 0.8916666666666667 0.02666666666666667 0.023333333333333334
0 0.8966666666666666 0.9166666666666666 0.023333333333333334 0.02
0 0.545 0.6283333333333333 0.025 0.02666666666666667
0 0.44333333333333336 0.9166666666666666 0.023333333333333334 0.021666666666666667
0 0.4716666666666667 0.8966666666666666 0.03 0.02666666666666667
0 0.8716666666666667 0.8066666666666666 0.02 0.02666666666666667
0 0.16833333333333333 0.885 0.025 0.02666666666666667
0 0.7316666666666667 0.32 0.023333333333333334 0.02666666666666667
0 0.7583333333333333 0.30833333333333335 0.021666666666666667 0.02666666666666667
0 0.8133333333333334 0.295 0.021666666666666667 0.02666666666666667
0 0.8283333333333334 0.2783333333333333 0.02 0.02666666666666667
0 0.6816666666666666 0.21333333333333335 0.025 0.025
0 0.64 0.21166666666666667 0.023333333333333334 0.02666666666666667
0 0.6183333333333333 0.23666666666666666 0.025 0.025
0 0.5983333333333334 0.185 0.02 0.02
0 0.6233333333333333 0.07666666666666666 0.028333333333333332 0.021666666666666667
0 0.5883333333333334 0.16666666666666666 0.02 0.02
0 0.5483333333333333 0.021666666666666667 0.02 0.023333333333333334
0 0.8733333333333333 0.43666666666666665 0.02 0.023333333333333334
0 0.7916666666666666 0.4533333333333333 0.02 0.02
0 0.7116666666666667 0.3616666666666667 0.023333333333333334 0.023333333333333334
0 0.6666666666666666 0.05 0.02 0.023333333333333334
0 0.7466666666666667 0.145 0.02 0.023333333333333334
0 0.8983333333333333 0.455 0.02666666666666667 0.023333333333333334
0 0.73 0.29333333333333333 0.023333333333333334 0.023333333333333334
0 0.975 0.36833333333333335 0.03 0.03333333333333333
0 0.81 0.43166666666666664 0.023333333333333334 0.02
0 0.6233333333333333 0.095 0.025 0.021666666666666667
0 0.905 0.2733333333333333 0.023333333333333334 0.023333333333333334
0 0.8666666666666667 0.22333333333333333 0.03 0.02666666666666667
0 0.44666666666666666 0.011666666666666667 0.03 0.023333333333333334
0 0.5 0.011666666666666667 0.03 0.023333333333333334
0 0.4083333333333333 0.013333333333333334 0.02 0.02666666666666667
0 0.4266666666666667 0.04833333333333333 0.021666666666666667 0.025
0 0.8433333333333334 0.33166666666666667 0.02 0.02666666666666667