0 0.058333333333333334 0.9316666666666666 0.02666666666666667 0.023333333333333334
0 0.42333333333333334 0.545 0.03 0.02666666666666667
0 0.03333333333333333 0.8916666666666667 0.02 0.02
0 0.03833333333333333 0.8716666666666667 0.023333333333333334 0.023333333333333334
0 0.041666666666666664 0.065 0.02666666666666667 0.03
0 0.07833333333333334 0.38166666666666665 0.02666666666666667 0.023333333333333334
0 0.8516666666666667 0.2916666666666667 0.023333333333333334 0.023333333333333334
0 0.4083333333333333 0.37833333333333335 0.023333333333333334 0.02
0 0.7666666666666667 0.011666666666666667 0.02666666666666667 0.023333333333333334
0 0.016666666666666666 0.3516666666666667 0.02666666666666667 0.023333333333333334
0 0.018333333333333333 0.085 0.023333333333333334 0.02666666666666667
0 0.7566666666666667 0.36833333333333335 0.03 0.02666666666666667
0 0.7716666666666666 0.44166666666666665 0.023333333333333334 0.023333333333333334
0 0.815 0.435 0.023333333333333334 0.023333333333333334
0 0.045 0.09666666666666666 0.02 0.023333333333333334
0 0.53 0.03166666666666667 0.02 0.023333333333333334
0 0.7133333333333334 0.4766666666666667 0.02666666666666667 0.02666666666666667