0 0.085 0.6633333333333333 0.023333333333333334 0.02
0 0.4633333333333333 0.6483333333333333 0.02666666666666667 0.02
0 0.23333333333333334 0.7166666666666667 0.03 0.028333333333333332
0 0.3416666666666667 0.5916666666666667 0.02666666666666667 0.02666666666666667
0 0.06666666666666667 0.7233333333333334 0.02666666666666667 0.02
0 0.7016666666666667 0.7666666666666667 0.02666666666666667 0.023333333333333334
0 0.06333333333333334 0.5516666666666666 0.023333333333333334 0.023333333333333334
0 0.8383333333333334 0.9316666666666666 0.02 0.02
0 0.40166666666666667 0.9583333333333334 0.03 0.023333333333333334
0 0.7566666666666667 0.9783333333333334 0.025 0.02666666666666667
0 0.056666666666666664 0.695 0.02666666666666667 0.02666666666666667
0 0.006666666666666667 0.845 0.013333333333333334 0.03
0 0.9316666666666666 0.18833333333333332 0.02666666666666667 0.023333333333333334
0 0.88 0.47 0.028333333333333332 0.03
0 0.33666666666666667 0.12666666666666668 0.02666666666666667 0.03
0 0.14666666666666667 0.10833333333333334 0.02666666666666667 0.02666666666666667
0 0.2633333333333333 0.095 0.023333333333333334 0.023333333333333334
0 0.30833333333333335 0.11 0.02666666666666667 0.023333333333333334
0 0.49 0.16666666666666666 0.02666666666666667 0.023333333333333334
0 0.11 0.22166666666666668 0.02666666666666667 0.03
0 0.17666666666666667 0.35333333333333333 0.025 0.03
0 0.25166666666666665 0.07 0.02 0.02
0 0.9016666666666666 0.06833333333333333 0.02666666666666667 0.02666666666666667
0 0.9683333333333334 0.37 0.02666666666666667 0.023333333333333334
0 0.4633333333333333 0.14666666666666667 0.03166666666666667 0.03166666666666667
0 0.37833333333333335 0.13833333333333334 0.03 0.023333333333333334
0 0.49833333333333335 0.19833333333333333 0.02666666666666667 0.023333333333333334
0 0.9266666666666666 0.38666666666666666 0.02 0.023333333333333334
0 0.44333333333333336 0.07333333333333333 0.028333333333333332 0.03333333333333333
0 0.9266666666666666 0.21333333333333335 0.023333333333333334 0.02
0 0.15833333333333333 0.24166666666666667 0.02666666666666667 0.023333333333333334
0 0.32166666666666666 0.37 0.02666666666666667 0.02666666666666667
0 0.5516666666666666 0.22166666666666668 0.02666666666666667 0.03166666666666667
0 0.8416666666666667 0.145 0.03 0.023333333333333334
0 0.05333333333333334 0.7883333333333333 0.023333333333333334 0.025
0 0.175 0.515 0.028333333333333332 0.025
0 0.016666666666666666 0.725 0.028333333333333332 0.035
0 0.9633333333333334 0.485 0.023333333333333334 0.023333333333333334
0 0.3233333333333333 0.89 0.025 0.025
0 0.4166666666666667 0.8216666666666667 0.028333333333333332 0.028333333333333332
0 0.9383333333333334 0.5066666666666667 0.02666666666666667 0.03
0 0.5383333333333333 0.7866666666666666 0.028333333333333332 0.03166666666666667
0 0.445 0.85 0.03166666666666667 0.03
0 0.15166666666666667 0.3516666666666667 0.02666666666666667 0.03166666666666667
0 0.9683333333333334 0.14 0.025 0.02666666666666667
0 0.205 0.735 0.025 0.02666666666666667