0 0.325 0.54 0.02666666666666667 0.023333333333333334
0 0.4666666666666667 0.9133333333333333 0.02666666666666667 0.02666666666666667
0 0.42333333333333334 0.9433333333333334 0.02 0.02666666666666667
0 0.4716666666666667 0.8766666666666667 0.02666666666666667 0.023333333333333334
0 0.2916666666666667 0.57 0.023333333333333334 0.023333333333333334
0 0.03333333333333333 0.5316666666666666 0.023333333333333334 0.023333333333333334
0 0.018333333333333333 0.9083333333333333 0.023333333333333334 0.025
0 0.043333333333333335 0.68 0.023333333333333334 0.023333333333333334
0 0.5883333333333334 0.075 0.02 0.02666666666666667
0 0.5633333333333334 0.14833333333333334 0.02666666666666667 0.03
0 0.6416666666666667 0.16166666666666665 0.02666666666666667 0.02666666666666667
0 0.54 0.235 0.02666666666666667 0.03
0 0.6216666666666667 0.24833333333333332 0.03 0.02666666666666667
0 0.6033333333333334 0.2866666666666667 0.023333333333333334 0.02666666666666667
0 0.9366666666666666 0.3333333333333333 0.02666666666666667 0.02666666666666667
0 0.68 0.028333333333333332 0.03 0.02666666666666667
0 0.9433333333333334 0.29333333333333333 0.023333333333333334 0.023333333333333334
0 0.96 0.26666666666666666 0.02 0.023333333333333334
0 0.81 0.5783333333333334 0.02666666666666667 0.02666666666666667
0 0.7883333333333333 0.6716666666666666 0.02 0.023333333333333334
0 0.7933333333333333 0.6916666666666667 0.02666666666666667 0.02
0 0.8633333333333333 0.7866666666666666 0.03 0.02666666666666667
0 0.9483333333333334 0.8833333333333333 0.02666666666666667 0.023333333333333334
0 0.9383333333333334 0.9233333333333333 0.03 0.02666666666666667
0 0.8616666666666667 0.9616666666666667 0.02666666666666667 0.02
0 0.8816666666666667 0.8683333333333333 0.023333333333333334 0.023333333333333334
0 0.8166666666666667 0.53 0.023333333333333334 0.023333333333333334
0 0.9383333333333334 0.7483333333333333 0.02666666666666667 0.03
0 0.96 0.9533333333333334 0.023333333333333334 0.023333333333333334
0 0.765 0.6716666666666666 0.02666666666666667 0.023333333333333334
0 0.84 0.5066666666666667 0.023333333333333334 0.02666666666666667
0 0.8983333333333333 0.6816666666666666 0.03 0.03
0 0.8933333333333333 0.7483333333333333 0.023333333333333334 0.02
0 0.7816666666666666 0.7333333333333333 0.023333333333333334 0.023333333333333334
0 0.9716666666666667 0.9483333333333334 0.023333333333333334 0.023333333333333334
0 0.9483333333333334 0.81 0.02666666666666667 0.02666666666666667
0 0.10833333333333334 0.013333333333333334 0.02666666666666667 0.02666666666666667
0 0.21 0.013333333333333334 0.02666666666666667 0.023333333333333334
0 0.17833333333333334 0.023333333333333334 0.02 0.023333333333333334
0 0.03666666666666667 0.043333333333333335 0.02 0.03
0 0.14833333333333334 0.04833333333333333 0.02 0.023333333333333334
0 0.175 0.058333333333333334 0.023333333333333334 0.03
0 0.24 0.08166666666666667 0.02 0.02
0 0.315 0.08666666666666667 0.03 0.03
0 0.19333333333333333 0.09333333333333334 0.023333333333333334 0.023333333333333334
0 0.46 0.12666666666666668 0.03 0.03
0 0.33 0.14666666666666667 0.02666666666666667 0.02666666666666667
0 0.3233333333333333 0.24333333333333335 0.03 0.03
0 0.03666666666666667 0.25333333333333335 0.025 0.02666666666666667
0 0.05333333333333334 0.32666666666666666 0.023333333333333334 0.02666666666666667
0 0.21 0.23166666666666666 0.03 0.03
0 0.018333333333333333 0.26166666666666666 0.023333333333333334 0.023333333333333334
0 0.06333333333333334 0.3416666666666667 0.02 0.023333333333333334
0 0.19833333333333333 0.04666666666666667 0.021666666666666667 0.025
0 0.4866666666666667 0.15 0.02 0.02
0 0.09 0.4866666666666667 0.02 0.023333333333333334
0 0.305 0.051666666666666666 0.03 0.02666666666666667
0 0.4166666666666667 0.5083333333333333 0.02666666666666667 0.023333333333333334
0 0.5066666666666667 0.21333333333333335 0.02666666666666667 0.02666666666666667
0 0.5233333333333333 0.16166666666666665 0.023333333333333334 0.023333333333333334
0 0.5116666666666667 0.11166666666666666 0.02666666666666667 0.02666666666666667
0 0.29 0.175 0.035 0.03166666666666667
0 0.2783333333333333 0.4116666666666667 0.021666666666666667 0.021666666666666667