0 0.37666666666666665 0.058333333333333334 0.023333333333333334 0.02
0 0.4 0.04833333333333333 0.02666666666666667 0.021666666666666667
0 0.275 0.45 0.02666666666666667 0.03
0 0.49666666666666665 0.13166666666666665 0.03 0.02666666666666667
0 0.9233333333333333 0.016666666666666666 0.02 0.02
0 0.35 0.14 0.02 0.023333333333333334
0 0.9 0.36 0.02 0.02666666666666667
0 0.72 0.44333333333333336 0.023333333333333334 0.023333333333333334
0 0.4066666666666667 0.41333333333333333 0.023333333333333334 0.02
0 0.2816666666666667 0.42 0.03 0.02
0 0.6966666666666667 0.37666666666666665 0.02 0.02666666666666667
0 0.8966666666666666 0.9366666666666666 0.02 0.02666666666666667
0 0.9766666666666667 0.935 0.02 0.023333333333333334
0 0.9266666666666666 0.96 0.02 0.016666666666666666
0 0.9466666666666667 0.615 0.028333333333333332 0.02666666666666667
0 0.20166666666666666 0.6566666666666666 0.02 0.02
0 0.16333333333333333 0.6816666666666666 0.02666666666666667 0.02666666666666667
0 0.9633333333333334 0.7416666666666667 0.023333333333333334 0.023333333333333334
0 0.9366666666666666 0.6916666666666667 0.023333333333333334 0.023333333333333334
0 0.9466666666666667 0.7183333333333334 0.02 0.02
0 0.9783333333333334 0.9783333333333334 0.02 0.02
0 0.4033333333333333 0.07833333333333334 0.03 0.02