0 0.6416666666666667 0.051666666666666666 0.02666666666666667 0.02
0 0.655 0.07666666666666666 0.03333333333333333 0.03
0 0.65 0.11666666666666667 0.023333333333333334 0.02
0 0.7266666666666667 0.17166666666666666 0.03666666666666667 0.023333333333333334
0 0.8316666666666667 0.25 0.03 0.02666666666666667
0 0.7683333333333333 0.2783333333333333 0.03333333333333333 0.023333333333333334
0 0.7683333333333333 0.2966666666666667 0.03 0.023333333333333334
0 0.7883333333333333 0.2866666666666667 0.02666666666666667 0.023333333333333334
0 0.89 0.15166666666666667 0.03333333333333333 0.03
0 0.895 0.12166666666666667 0.03 0.03
0 0.6583333333333333 0.028333333333333332 0.023333333333333334 0.023333333333333334
0 0.8316666666666667 0.4116666666666667 0.03 0.03
0 0.8016666666666666 0.31166666666666665 0.03 0.03
0 0.845 0.56 0.02666666666666667 0.02666666666666667
0 0.9633333333333334 0.5816666666666667 0.02666666666666667 0.023333333333333334
0 0.6166666666666667 0.875 0.02666666666666667 0.03
0 0.5866666666666667 0.8416666666666667 0.03 0.023333333333333334
0 0.71 0.8716666666666667 0.023333333333333334 0.02
0 0.98 0.5733333333333334 0.02666666666666667 0.02666666666666667
0 0.6816666666666666 0.9183333333333333 0.02666666666666667 0.02666666666666667
0 0.5316666666666666 0.8366666666666667 0.02666666666666667 0.03