0 0.8233333333333334 0.26666666666666666 0.02666666666666667 0.03
0 0.04833333333333333 0.33666666666666667 0.03 0.03
0 0.056666666666666664 0.17333333333333334 0.02666666666666667 0.02666666666666667
0 0.06333333333333334 0.24333333333333335 0.02666666666666667 0.02
0 0.08166666666666667 0.325 0.02666666666666667 0.02666666666666667
0 0.07 0.2816666666666667 0.023333333333333334 0.023333333333333334
0 0.041666666666666664 0.375 0.023333333333333334 0.023333333333333334
0 0.7016666666666667 0.9466666666666667 0.023333333333333334 0.02666666666666667
0 0.045 0.49833333333333335 0.023333333333333334 0.02666666666666667
0 0.19166666666666668 0.9716666666666667 0.02666666666666667 0.023333333333333334
0 0.6183333333333333 0.9383333333333334 0.02 0.02
0 0.023333333333333334 0.17833333333333334 0.03 0.02666666666666667
0 0.7116666666666667 0.9016666666666666 0.02666666666666667 0.02666666666666667
0 0.725 0.9883333333333333 0.023333333333333334 0.023333333333333334