0 0.54 0.6366666666666667 0.02666666666666667 0.03
0 0.5166666666666667 0.5916666666666667 0.023333333333333334 0.02666666666666667
0 0.605 0.6316666666666667 0.02666666666666667 0.02666666666666667
0 0.065 0.9516666666666667 0.023333333333333334 0.03
0 0.12333333333333334 0.7033333333333334 0.02666666666666667 0.023333333333333334
0 0.145 0.7133333333333334 0.023333333333333334 0.016666666666666666
0 0.27 0.235 0.02666666666666667 0.023333333333333334
0 0.2966666666666667 0.155 0.02666666666666667 0.02666666666666667
0 0.45666666666666667 0.21166666666666667 0.02666666666666667 0.02666666666666667
0 0.48333333333333334 0.22833333333333333 0.02666666666666667 0.02666666666666667
0 0.19 0.17 0.02666666666666667 0.03
0 0.22 0.15833333333333333 0.02666666666666667 0.02666666666666667
0 0.20333333333333334 0.22166666666666668 0.023333333333333334 0.02666666666666667
0 0.185 0.24 0.023333333333333334 0.02666666666666667
0 0.4266666666666667 0.28833333333333333 0.02666666666666667 0.02666666666666667
0 0.36833333333333335 0.02 0.02666666666666667 0.02666666666666667
0 0.5733333333333334 0.3333333333333333 0.02666666666666667 0.02666666666666667
0 0.1 0.7383333333333333 0.02666666666666667 0.03
0 0.36333333333333334 0.27 0.035 0.03333333333333333