0 0.9466666666666667 0.305 0.03333333333333333 0.03
0 0.7966666666666666 0.4533333333333333 0.02666666666666667 0.03
0 0.845 0.5866666666666667 0.03 0.03666666666666667
0 0.8816666666666667 0.59 0.03 0.03
0 0.54 0.9616666666666667 0.03333333333333333 0.02
0 0.41833333333333333 0.8316666666666667 0.03 0.023333333333333334
0 0.26666666666666666 0.9533333333333334 0.03 0.02
0 0.6333333333333333 0.4533333333333333 0.023333333333333334 0.02666666666666667
0 0.7183333333333334 0.47 0.03666666666666667 0.03
0 0.8033333333333333 0.15333333333333332 0.03 0.03333333333333333
0 0.6333333333333333 0.14833333333333334 0.03 0.03
0 0.16333333333333333 0.7216666666666667 0.03 0.03
0 0.4766666666666667 0.8683333333333333 0.02 0.02666666666666667
0 0.6566666666666666 0.25833333333333336 0.03 0.02666666666666667
0 0.22833333333333333 0.815 0.03 0.03666666666666667
0 0.8866666666666667 0.5233333333333333 0.023333333333333334 0.02
0 0.8833333333333333 0.545 0.02666666666666667 0.023333333333333334
0 0.9116666666666666 0.605 0.03 0.03
0 0.8533333333333334 0.18333333333333332 0.03 0.02666666666666667
0 0.6483333333333333 0.10333333333333333 0.03 0.03333333333333333
0 0.795 0.36333333333333334 0.02666666666666667 0.03
0 0.03666666666666667 0.9366666666666666 0.03 0.023333333333333334
0 0.655 0.7466666666666667 0.02 0.02666666666666667
0 0.67 0.21666666666666667 0.03166666666666667 0.03
0 0.6883333333333334 0.245 0.03333333333333333 0.035
0 0.8333333333333334 0.64 0.035 0.03333333333333333