0 0.615 0.43166666666666664 0.03 0.02666666666666667
0 0.7966666666666666 0.38666666666666666 0.025 0.023333333333333334
0 0.845 0.31666666666666665 0.023333333333333334 0.02
0 0.9816666666666667 0.4216666666666667 0.02666666666666667 0.02
0 0.7766666666666666 0.11333333333333333 0.023333333333333334 0.02666666666666667
0 0.9016666666666666 0.4033333333333333 0.03 0.02666666666666667
0 0.8633333333333333 0.4083333333333333 0.023333333333333334 0.02666666666666667
0 0.9366666666666666 0.08 0.023333333333333334 0.02
0 0.7783333333333333 0.07666666666666666 0.02666666666666667 0.02
0 0.9283333333333333 0.38666666666666666 0.02 0.02
0 0.7833333333333333 0.13833333333333334 0.023333333333333334 0.02666666666666667
0 0.8366666666666667 0.345 0.02666666666666667 0.02666666666666667
0 0.68 0.405 0.02666666666666667 0.02666666666666667
0 0.705 0.38333333333333336 0.023333333333333334 0.02
0 0.5316666666666666 0.47 0.02 0.02666666666666667
0 0.9183333333333333 0.41833333333333333 0.028333333333333332 0.025
0 0.7033333333333334 0.40166666666666667 0.023333333333333334 0.023333333333333334
0 0.9283333333333333 0.47833333333333333 0.02666666666666667 0.02
0 0.7833333333333333 0.48333333333333334 0.03 0.03333333333333333
0 0.7866666666666666 0.04833333333333333 0.023333333333333334 0.023333333333333334
0 0.7283333333333334 0.40166666666666667 0.02 0.02
0 0.9366666666666666 0.9216666666666666 0.02 0.02
0 0.9316666666666666 0.8466666666666667 0.02 0.016666666666666666
0 0.9733333333333334 0.755 0.02666666666666667 0.028333333333333332
0 0.985 0.6783333333333333 0.023333333333333334 0.03
0 0.5566666666666666 0.6183333333333333 0.02 0.02
0 0.9216666666666666 0.88 0.02666666666666667 0.023333333333333334
0 0.835 0.9833333333333333 0.02 0.023333333333333334
0 0.23166666666666666 0.925 0.02 0.023333333333333334
0 0.2816666666666667 0.7933333333333333 0.02 0.023333333333333334
0 0.30833333333333335 0.6216666666666667 0.02 0.023333333333333334
0 0.5266666666666666 0.635 0.023333333333333334 0.023333333333333334
0 0.41833333333333333 0.7466666666666667 0.023333333333333334 0.023333333333333334
0 0.14666666666666667 0.8283333333333334 0.025 0.023333333333333334
0 0.245 0.765 0.023333333333333334 0.023333333333333334
0 0.08333333333333333 0.6366666666666667 0.023333333333333334 0.02
0 0.09166666666666666 0.7266666666666667 0.023333333333333334 0.023333333333333334
0 0.04666666666666667 0.8266666666666667 0.02 0.023333333333333334
0 0.16833333333333333 0.47333333333333333 0.02666666666666667 0.02
0 0.035 0.3416666666666667 0.02666666666666667 0.02666666666666667
0 0.33166666666666667 0.2966666666666667 0.02 0.023333333333333334
0 0.11333333333333333 0.07666666666666666 0.02 0.023333333333333334
0 0.12666666666666668 0.016666666666666666 0.02 0.02
0 0.01 0.325 0.016666666666666666 0.023333333333333334
0 0.17333333333333334 0.43 0.023333333333333334 0.023333333333333334
0 0.45666666666666667 0.19166666666666668 0.023333333333333334 0.023333333333333334
0 0.5083333333333333 0.23833333333333334 0.02 0.016666666666666666
0 0.33666666666666667 0.3233333333333333 0.02 0.023333333333333334
0 0.07166666666666667 0.1 0.023333333333333334 0.023333333333333334
0 0.4816666666666667 0.28 0.025 0.021666666666666667
0 0.9466666666666667 0.6766666666666666 0.03333333333333333 0.03
0 0.98 0.3333333333333333 0.028333333333333332 0.02666666666666667
0 0.24666666666666667 0.35333333333333333 0.03333333333333333 0.025