0 0.9216666666666666 0.845 0.028333333333333332 0.025
0 0.63 0.5683333333333334 0.023333333333333334 0.02666666666666667
0 0.5983333333333334 0.9433333333333334 0.02666666666666667 0.021666666666666667
0 0.5516666666666666 0.935 0.023333333333333334 0.02
0 0.65 0.5583333333333333 0.02 0.02
0 0.6533333333333333 0.04 0.023333333333333334 0.023333333333333334
0 0.7766666666666666 0.33666666666666667 0.02 0.02666666666666667
0 0.7966666666666666 0.33 0.02666666666666667 0.03
0 0.6416666666666667 0.16666666666666666 0.03 0.02
0 0.5683333333333334 0.36666666666666664 0.03 0.02666666666666667
0 0.5283333333333333 0.5433333333333333 0.03 0.023333333333333334
0 0.5933333333333334 0.32166666666666666 0.023333333333333334 0.023333333333333334
0 0.5283333333333333 0.5083333333333333 0.02 0.02
0 0.57 0.20833333333333334 0.028333333333333332 0.02666666666666667