0 0.8633333333333333 0.23 0.028333333333333332 0.028333333333333332
0 0.21333333333333335 0.8966666666666666 0.03 0.03
0 0.22666666666666666 0.9316666666666666 0.03 0.03
0 0.18666666666666668 0.9333333333333333 0.03 0.02666666666666667
0 0.25666666666666665 0.8816666666666667 0.03 0.03
0 0.635 0.9516666666666667 0.023333333333333334 0.02666666666666667
0 0.725 0.8533333333333334 0.02 0.02
0 0.715 0.8866666666666667 0.023333333333333334 0.023333333333333334
0 0.8516666666666667 0.8983333333333333 0.023333333333333334 0.023333333333333334
0 0.83 0.97 0.025 0.02666666666666667
0 0.8583333333333333 0.9866666666666667 0.03166666666666667 0.025