0 0.7566666666666667 0.5383333333333333 0.02666666666666667 0.023333333333333334
0 0.9416666666666667 0.5583333333333333 0.03 0.023333333333333334
0 0.5516666666666666 0.6866666666666666 0.023333333333333334 0.03
0 0.7333333333333333 0.6583333333333333 0.03333333333333333 0.03
0 0.71 0.7133333333333334 0.02666666666666667 0.02666666666666667
0 0.6683333333333333 0.8133333333333334 0.03 0.03
0 0.6266666666666667 0.8016666666666666 0.023333333333333334 0.02
0 0.6833333333333333 0.7766666666666666 0.02 0.02666666666666667
0 0.72 0.82 0.023333333333333334 0.02
0 0.7916666666666666 0.9366666666666666 0.03 0.023333333333333334
0 0.7033333333333334 0.97 0.03 0.023333333333333334
0 0.7633333333333333 0.9733333333333334 0.03 0.03
0 0.8783333333333333 0.65 0.02666666666666667 0.02666666666666667
0 0.9433333333333334 0.6533333333333333 0.02666666666666667 0.02666666666666667
0 0.9566666666666667 0.7766666666666666 0.03 0.03
0 0.9783333333333334 0.7016666666666667 0.02666666666666667 0.023333333333333334
0 0.745 0.7133333333333334 0.03 0.03
0 0.7466666666666667 0.945 0.03 0.03
0 0.7083333333333334 0.7783333333333333 0.03 0.03
0 0.9383333333333334 0.6016666666666667 0.02666666666666667 0.02666666666666667
0 0.9183333333333333 0.6166666666666667 0.023333333333333334 0.023333333333333334
0 0.8433333333333334 0.6366666666666667 0.023333333333333334 0.023333333333333334
0 0.5216666666666666 0.5566666666666666 0.03 0.023333333333333334
0 0.84 0.39 0.023333333333333334 0.023333333333333334
0 0.8383333333333334 0.44166666666666665 0.02666666666666667 0.02666666666666667
0 0.7266666666666667 0.4533333333333333 0.02666666666666667 0.02666666666666667
0 0.7516666666666667 0.5016666666666667 0.023333333333333334 0.023333333333333334
0 0.7566666666666667 0.465 0.02666666666666667 0.023333333333333334
0 0.9583333333333334 0.32 0.03 0.02666666666666667
0 0.7333333333333333 0.38166666666666665 0.02666666666666667 0.023333333333333334
0 0.7516666666666667 0.31166666666666665 0.02666666666666667 0.02666666666666667
0 0.6033333333333334 0.32166666666666666 0.03 0.03
0 0.8816666666666667 0.18833333333333332 0.02666666666666667 0.02666666666666667
0 0.9483333333333334 0.13666666666666666 0.02666666666666667 0.023333333333333334
0 0.58 0.4633333333333333 0.02666666666666667 0.03