0 0.725 0.8966666666666666 0.03666666666666667 0.03
0 0.19333333333333333 0.54 0.03 0.023333333333333334
0 0.6466666666666666 0.8166666666666667 0.02666666666666667 0.02
0 0.24166666666666667 0.5683333333333334 0.02666666666666667 0.023333333333333334
0 0.24666666666666667 0.5883333333333334 0.02 0.02
0 0.2816666666666667 0.9116666666666666 0.028333333333333332 0.02666666666666667
0 0.24166666666666667 0.5683333333333334 0.02666666666666667 0.02666666666666667
0 0.4583333333333333 0.09 0.03333333333333333 0.03333333333333333
0 0.18333333333333332 0.22666666666666666 0.03333333333333333 0.02666666666666667
0 0.12833333333333333 0.23333333333333334 0.02666666666666667 0.02
0 0.20166666666666666 0.465 0.03 0.02666666666666667
0 0.16833333333333333 0.2783333333333333 0.023333333333333334 0.02
0 0.24 0.24666666666666667 0.023333333333333334 0.02666666666666667
0 0.3333333333333333 0.20166666666666666 0.02666666666666667 0.03333333333333333
0 0.03333333333333333 0.2783333333333333 0.023333333333333334 0.02666666666666667
0 0.33 0.405 0.03 0.03
0 0.3416666666666667 0.46166666666666667 0.02666666666666667 0.02666666666666667
0 0.43833333333333335 0.22833333333333333 0.03 0.03
0 0.6833333333333333 0.09833333333333333 0.02666666666666667 0.02666666666666667
0 0.6516666666666666 0.115 0.03 0.03
0 0.5466666666666666 0.36666666666666664 0.023333333333333334 0.023333333333333334
0 0.5116666666666667 0.3 0.02666666666666667 0.02666666666666667
0 0.5666666666666667 0.815 0.028333333333333332 0.03
0 0.30333333333333334 0.105 0.023333333333333334 0.03166666666666667
0 0.15166666666666667 0.24666666666666667 0.023333333333333334 0.021666666666666667