0 0.165 0.6266666666666667 0.021666666666666667 0.025
0 0.2733333333333333 0.55 0.02666666666666667 0.02666666666666667
0 0.12666666666666668 0.6633333333333333 0.023333333333333334 0.023333333333333334
0 0.10666666666666667 0.285 0.023333333333333334 0.02666666666666667
0 0.20166666666666666 0.5233333333333333 0.02666666666666667 0.02666666666666667
0 0.4766666666666667 0.5933333333333334 0.023333333333333334 0.023333333333333334
0 0.37833333333333335 0.4816666666666667 0.02 0.02666666666666667
0 0.30833333333333335 0.03333333333333333 0.023333333333333334 0.023333333333333334
0 0.28 0.58 0.02666666666666667 0.02666666666666667
0 0.475 0.035 0.023333333333333334 0.02
0 0.25166666666666665 0.54 0.023333333333333334 0.023333333333333334
0 0.5766666666666667 0.5816666666666667 0.025 0.02666666666666667
0 0.915 0.6933333333333334 0.021666666666666667 0.028333333333333332
0 0.7166666666666667 0.675 0.023333333333333334 0.02666666666666667
0 0.6466666666666666 0.615 0.023333333333333334 0.028333333333333332
0 0.565 0.635 0.02666666666666667 0.02666666666666667
0 0.6033333333333334 0.4866666666666667 0.02 0.02
0 0.7066666666666667 0.5466666666666666 0.023333333333333334 0.023333333333333334
0 0.8683333333333333 0.7166666666666667 0.023333333333333334 0.02666666666666667
0 0.5716666666666667 0.5416666666666666 0.028333333333333332 0.025
0 0.8066666666666666 0.455 0.021666666666666667 0.021666666666666667
0 0.6016666666666667 0.6283333333333333 0.023333333333333334 0.02666666666666667
0 0.7283333333333334 0.6383333333333333 0.02666666666666667 0.03666666666666667
0 0.8233333333333334 0.021666666666666667 0.023333333333333334 0.023333333333333334
0 0.5716666666666667 0.485 0.023333333333333334 0.023333333333333334
0 0.84 0.6133333333333333 0.02666666666666667 0.023333333333333334
0 0.8483333333333334 0.5 0.023333333333333334 0.023333333333333334
0 0.5816666666666667 0.6583333333333333 0.02 0.02666666666666667
0 0.6033333333333334 0.565 0.016666666666666666 0.023333333333333334
0 0.6133333333333333 0.5766666666666667 0.02 0.02666666666666667
0 0.6716666666666666 0.565 0.023333333333333334 0.02666666666666667
0 0.5666666666666667 0.24333333333333335 0.025 0.028333333333333332