0 0.7833333333333333 0.30666666666666664 0.02666666666666667 0.025
0 0.36833333333333335 0.33 0.03 0.02666666666666667
0 0.39666666666666667 0.32666666666666666 0.02666666666666667 0.02666666666666667
0 0.4216666666666667 0.325 0.02666666666666667 0.02666666666666667
0 0.44333333333333336 0.395 0.02666666666666667 0.023333333333333334
0 0.49333333333333335 0.4633333333333333 0.023333333333333334 0.02
0 0.36833333333333335 0.7933333333333333 0.03 0.02666666666666667
0 0.3516666666666667 0.7683333333333333 0.03 0.02666666666666667
0 0.44666666666666666 0.8666666666666667 0.02666666666666667 0.02666666666666667
0 0.7916666666666666 0.7283333333333334 0.021666666666666667 0.025
0 0.4483333333333333 0.845 0.02666666666666667 0.02666666666666667
0 0.3416666666666667 0.6916666666666667 0.02666666666666667 0.023333333333333334
0 0.6933333333333334 0.8183333333333334 0.028333333333333332 0.03
0 0.6083333333333333 0.8633333333333333 0.03 0.02
0 0.33666666666666667 0.7983333333333333 0.03 0.02666666666666667
0 0.36666666666666664 0.5233333333333333 0.023333333333333334 0.023333333333333334
0 0.875 0.5883333333333334 0.021666666666666667 0.02666666666666667
0 0.5666666666666667 0.7166666666666667 0.02 0.02
0 0.5916666666666667 0.6966666666666667 0.02 0.016666666666666666
0 0.58 0.7333333333333333 0.023333333333333334 0.02
0 0.625 0.6866666666666666 0.02 0.02
0 0.39 0.6366666666666667 0.03 0.03
0 0.38 0.8716666666666667 0.02666666666666667 0.03