0 0.32666666666666666 0.19166666666666668 0.02666666666666667 0.02666666666666667
0 0.4866666666666667 0.22166666666666668 0.023333333333333334 0.02666666666666667
0 0.4716666666666667 0.13833333333333334 0.03 0.02666666666666667
0 0.4033333333333333 0.13833333333333334 0.03 0.023333333333333334
0 0.43666666666666665 0.33166666666666667 0.02 0.02666666666666667
0 0.33666666666666667 0.31166666666666665 0.03 0.02666666666666667
0 0.3566666666666667 0.11333333333333333 0.03 0.03
0 0.4066666666666667 0.19333333333333333 0.03 0.03
0 0.33166666666666667 0.21666666666666667 0.03 0.02666666666666667
0 0.38333333333333336 0.21333333333333335 0.02666666666666667 0.02666666666666667
0 0.07333333333333333 0.8666666666666667 0.02666666666666667 0.02666666666666667
0 0.12 0.6266666666666667 0.02666666666666667 0.023333333333333334
0 0.16 0.6216666666666667 0.02666666666666667 0.023333333333333334
0 0.22833333333333333 0.85 0.02666666666666667 0.023333333333333334
0 0.095 0.8283333333333334 0.02666666666666667 0.023333333333333334
0 0.4716666666666667 0.8583333333333333 0.023333333333333334 0.023333333333333334
0 0.30833333333333335 0.9283333333333333 0.023333333333333334 0.02666666666666667
0 0.18833333333333332 0.5133333333333333 0.03 0.02666666666666667
0 0.5766666666666667 0.9683333333333334 0.03 0.02666666666666667
0 0.6283333333333333 0.8466666666666667 0.023333333333333334 0.023333333333333334
0 0.7966666666666666 0.9183333333333333 0.02666666666666667 0.023333333333333334
0 0.8883333333333333 0.915 0.023333333333333334 0.023333333333333334
0 0.7516666666666667 0.8983333333333333 0.02666666666666667 0.02666666666666667
0 0.8333333333333334 0.9416666666666667 0.03666666666666667 0.03333333333333333
0 0.006666666666666667 0.89 0.013333333333333334 0.02
0 0.6766666666666666 0.9883333333333333 0.02 0.023333333333333334
0 0.19666666666666666 0.5483333333333333 0.03166666666666667 0.03833333333333333
0 0.105 0.905 0.023333333333333334 0.023333333333333334
0 0.105 0.7433333333333333 0.02666666666666667 0.025