0 0.08 0.09333333333333334 0.023333333333333334 0.02
0 0.2 0.4066666666666667 0.023333333333333334 0.028333333333333332
0 0.06833333333333333 0.255 0.023333333333333334 0.023333333333333334
0 0.07833333333333334 0.205 0.023333333333333334 0.023333333333333334
0 0.1 0.39666666666666667 0.021666666666666667 0.025
0 0.075 0.445 0.02 0.02
0 0.145 0.44666666666666666 0.023333333333333334 0.023333333333333334
0 0.175 0.48833333333333334 0.03 0.03
0 0.27 0.44 0.021666666666666667 0.025
0 0.2833333333333333 0.385 0.02666666666666667 0.02666666666666667
0 0.2683333333333333 0.4116666666666667 0.023333333333333334 0.023333333333333334
0 0.31833333333333336 0.42333333333333334 0.03 0.02
0 0.33 0.44166666666666665 0.02666666666666667 0.023333333333333334
0 0.29833333333333334 0.5016666666666667 0.023333333333333334 0.02666666666666667
0 0.28 0.51 0.02666666666666667 0.02666666666666667
0 0.3983333333333333 0.47 0.02666666666666667 0.02
0 0.3016666666666667 0.45 0.02666666666666667 0.02666666666666667
0 0.32166666666666666 0.4766666666666667 0.02666666666666667 0.023333333333333334
0 0.3283333333333333 0.5366666666666666 0.023333333333333334 0.023333333333333334
0 0.285 0.59 0.03 0.02666666666666667
0 0.3333333333333333 0.61 0.02666666666666667 0.021666666666666667
0 0.445 0.69 0.02 0.02666666666666667
0 0.065 0.7866666666666666 0.03 0.02666666666666667
0 0.23 0.8016666666666666 0.023333333333333334 0.02666666666666667
0 0.05 0.6166666666666667 0.02666666666666667 0.025
0 0.08 0.535 0.03 0.03
0 0.48833333333333334 0.8083333333333333 0.02 0.02666666666666667
0 0.32 0.565 0.025 0.02666666666666667
0 0.33166666666666667 0.585 0.025 0.02
0 0.09666666666666666 0.013333333333333334 0.02666666666666667 0.02666666666666667
0 0.9433333333333334 0.056666666666666664 0.03 0.03
0 0.9783333333333334 0.11833333333333333 0.02 0.02
0 0.8333333333333334 0.9083333333333333 0.03 0.02666666666666667
0 0.795 0.8983333333333333 0.03 0.02666666666666667
0 0.7766666666666666 0.9316666666666666 0.02666666666666667 0.023333333333333334
0 0.5983333333333334 0.9616666666666667 0.03 0.02666666666666667
0 0.77 0.98 0.02666666666666667 0.021666666666666667
0 0.56 0.85 0.025 0.025
0 0.5483333333333333 0.8083333333333333 0.02666666666666667 0.023333333333333334
0 0.67 0.8016666666666666 0.023333333333333334 0.023333333333333334
0 0.6133333333333333 0.6166666666666667 0.03 0.03
0 0.5583333333333333 0.6133333333333333 0.025 0.02
0 0.56 0.6883333333333334 0.02666666666666667 0.023333333333333334
0 0.5583333333333333 0.5433333333333333 0.02666666666666667 0.02666666666666667
0 0.5683333333333334 0.5116666666666667 0.02666666666666667 0.023333333333333334
0 0.685 0.8466666666666667 0.023333333333333334 0.025
0 0.6133333333333333 0.7966666666666666 0.023333333333333334 0.023333333333333334
0 0.4583333333333333 0.5966666666666667 0.021666666666666667 0.02
0 0.6483333333333333 0.7566666666666667 0.021666666666666667 0.028333333333333332