0 0.9633333333333334 0.095 0.03 0.02666666666666667
0 0.985 0.22833333333333333 0.03 0.03166666666666667
0 0.9833333333333333 0.13333333333333333 0.023333333333333334 0.023333333333333334
0 0.075 0.5416666666666666 0.023333333333333334 0.02
0 0.14833333333333334 0.065 0.03 0.023333333333333334
0 0.22333333333333333 0.05333333333333334 0.03 0.03
0 0.16 0.5266666666666666 0.03 0.03
0 0.021666666666666667 0.20166666666666666 0.02666666666666667 0.02666666666666667
0 0.09333333333333334 0.43666666666666665 0.03 0.03
0 0.058333333333333334 0.35333333333333333 0.02666666666666667 0.02666666666666667
0 0.04666666666666667 0.41833333333333333 0.02666666666666667 0.02666666666666667
0 0.01 0.4083333333333333 0.02 0.023333333333333334
0 0.015 0.37166666666666665 0.03 0.03