0 0.12333333333333334 0.86 0.03 0.03
0 0.14666666666666667 0.8366666666666667 0.02666666666666667 0.023333333333333334
0 0.36666666666666664 0.9283333333333333 0.03 0.035
0 0.3233333333333333 0.21166666666666667 0.03 0.02666666666666667
0 0.19666666666666666 0.9616666666666667 0.02666666666666667 0.03
0 0.32666666666666666 0.965 0.02666666666666667 0.023333333333333334
0 0.155 0.7433333333333333 0.02666666666666667 0.02666666666666667
0 0.3283333333333333 0.8616666666666667 0.02666666666666667 0.02666666666666667
0 0.25333333333333335 0.6333333333333333 0.03 0.02666666666666667
0 0.2966666666666667 0.6266666666666667 0.02666666666666667 0.023333333333333334
0 0.28833333333333333 0.78 0.02666666666666667 0.02666666666666667
0 0.3416666666666667 0.9216666666666666 0.028333333333333332 0.03333333333333333
0 0.37 0.8916666666666667 0.028333333333333332 0.03
0 0.24666666666666667 0.9316666666666666 0.02 0.02
0 0.2683333333333333 0.9416666666666667 0.023333333333333334 0.02666666666666667
0 0.36333333333333334 0.8483333333333334 0.023333333333333334 0.02
0 0.49333333333333335 0.26166666666666666 0.023333333333333334 0.023333333333333334
0 0.2783333333333333 0.5916666666666667 0.02666666666666667 0.02666666666666667
0 0.3566666666666667 0.9666666666666667 0.023333333333333334 0.023333333333333334
0 0.44166666666666665 0.28833333333333333 0.023333333333333334 0.023333333333333334
0 0.32666666666666666 0.7766666666666666 0.023333333333333334 0.023333333333333334
0 0.24666666666666667 0.6933333333333334 0.02666666666666667 0.02666666666666667
0 0.225 0.585 0.03 0.03166666666666667
0 0.4216666666666667 0.985 0.03 0.03
0 0.29833333333333334 0.8066666666666666 0.03 0.02666666666666667
0 0.11 0.8166666666666667 0.03 0.03
0 0.22833333333333333 0.765 0.02666666666666667 0.02666666666666667
0 0.13333333333333333 0.7983333333333333 0.023333333333333334 0.023333333333333334
0 0.3016666666666667 0.8766666666666667 0.02666666666666667 0.02666666666666667
0 0.5433333333333333 0.965 0.02666666666666667 0.02666666666666667
0 0.7133333333333334 0.8483333333333334 0.03166666666666667 0.03
0 0.7516666666666667 0.6766666666666666 0.03 0.02666666666666667
0 0.6 0.5283333333333333 0.02666666666666667 0.023333333333333334
0 0.7266666666666667 0.8333333333333334 0.02666666666666667 0.02666666666666667