0 0.006666666666666667 0.8133333333333334 0.013333333333333334 0.02666666666666667
0 0.195 0.5116666666666667 0.02666666666666667 0.02
0 0.20166666666666666 0.5533333333333333 0.02666666666666667 0.023333333333333334
0 0.13333333333333333 0.7516666666666667 0.02666666666666667 0.02
0 0.16333333333333333 0.77 0.03333333333333333 0.023333333333333334
0 0.09833333333333333 0.8533333333333334 0.023333333333333334 0.03
0 0.14333333333333334 0.825 0.03 0.03
0 0.06333333333333334 0.8466666666666667 0.023333333333333334 0.03
0 0.31166666666666665 0.925 0.03 0.03
0 0.29 0.9816666666666667 0.03 0.03
0 0.3416666666666667 0.9216666666666666 0.02 0.02
0 0.5433333333333333 0.9116666666666666 0.02 0.02
0 0.985 0.935 0.03 0.02666666666666667
0 0.8083333333333333 0.7483333333333333 0.02666666666666667 0.03
0 0.84 0.765 0.03 0.023333333333333334
0 0.9433333333333334 0.6566666666666666 0.02 0.02
0 0.955 0.655 0.023333333333333334 0.023333333333333334
0 0.9766666666666667 0.6 0.02 0.02666666666666667
0 0.94 0.7183333333333334 0.02 0.03
0 0.7283333333333334 0.5533333333333333 0.02666666666666667 0.02666666666666667
0 0.71 0.6033333333333334 0.03 0.02
0 0.7566666666666667 0.6883333333333334 0.02 0.023333333333333334
0 0.8883333333333333 0.6583333333333333 0.02 0.023333333333333334
0 0.7066666666666667 0.47833333333333333 0.02666666666666667 0.02
0 0.7366666666666667 0.48333333333333334 0.03333333333333333 0.03
0 0.78 0.5133333333333333 0.02 0.02666666666666667
0 0.8416666666666667 0.4766666666666667 0.02 0.023333333333333334
0 0.7833333333333333 0.435 0.02 0.02
0 0.8033333333333333 0.4166666666666667 0.02666666666666667 0.02
0 0.81 0.43333333333333335 0.023333333333333334 0.016666666666666666
0 0.8583333333333333 0.46166666666666667 0.023333333333333334 0.02666666666666667
0 0.9516666666666667 0.4533333333333333 0.023333333333333334 0.023333333333333334
0 0.9683333333333334 0.37333333333333335 0.023333333333333334 0.02
0 0.7566666666666667 0.33166666666666667 0.03 0.03
0 0.64 0.345 0.023333333333333334 0.02
0 0.795 0.2916666666666667 0.02666666666666667 0.02666666666666667
0 0.7483333333333333 0.20666666666666667 0.028333333333333332 0.028333333333333332
0 0.91 0.5983333333333334 0.021666666666666667 0.028333333333333332
0 0.9166666666666666 0.43833333333333335 0.023333333333333334 0.02666666666666667
0 0.16833333333333333 0.68 0.03 0.023333333333333334
0 0.6183333333333333 0.33 0.028333333333333332 0.02666666666666667
0 0.9 0.7566666666666667 0.02666666666666667 0.02666666666666667
0 0.3433333333333333 0.9633333333333334 0.03 0.02666666666666667
0 0.9883333333333333 0.5366666666666666 0.018333333333333333 0.023333333333333334