0 0.6383333333333333 0.84 0.03 0.02666666666666667
0 0.805 0.9533333333333334 0.03 0.03
0 0.94 0.9016666666666666 0.03666666666666667 0.023333333333333334
0 0.8166666666666667 0.7366666666666667 0.03333333333333333 0.023333333333333334
0 0.6433333333333333 0.9633333333333334 0.023333333333333334 0.02
0 0.7166666666666667 0.8783333333333333 0.023333333333333334 0.023333333333333334
0 0.6183333333333333 0.765 0.02 0.02
0 0.92 0.6683333333333333 0.023333333333333334 0.02
0 0.9316666666666666 0.7 0.02666666666666667 0.02
0 0.6716666666666666 0.8333333333333334 0.02666666666666667 0.02666666666666667
0 0.5616666666666666 0.7816666666666666 0.02 0.023333333333333334
0 0.7716666666666666 0.8583333333333333 0.02666666666666667 0.02666666666666667
0 0.5983333333333334 0.7833333333333333 0.02666666666666667 0.02
0 0.835 0.95 0.023333333333333334 0.023333333333333334
0 0.645 0.7683333333333333 0.02 0.02
0 0.6816666666666666 0.9883333333333333 0.02666666666666667 0.02
0 0.5433333333333333 0.8133333333333334 0.023333333333333334 0.023333333333333334
0 0.465 0.8466666666666667 0.02 0.02
0 0.4766666666666667 0.8633333333333333 0.02 0.023333333333333334
0 0.2966666666666667 0.8333333333333334 0.02 0.023333333333333334
0 0.21833333333333332 0.915 0.03666666666666667 0.03
0 0.07333333333333333 0.8866666666666667 0.02666666666666667 0.023333333333333334
0 0.32666666666666666 0.8183333333333334 0.02 0.02666666666666667
0 0.34833333333333333 0.8166666666666667 0.023333333333333334 0.03
0 0.4633333333333333 0.7716666666666666 0.02 0.02
0 0.25833333333333336 0.8233333333333334 0.02666666666666667 0.023333333333333334
0 0.31166666666666665 0.8466666666666667 0.02666666666666667 0.02
0 0.4483333333333333 0.7933333333333333 0.023333333333333334 0.02666666666666667
0 0.33 0.7433333333333333 0.02666666666666667 0.023333333333333334
0 0.16666666666666666 0.6233333333333333 0.02 0.023333333333333334
0 0.4483333333333333 0.05 0.02666666666666667 0.02
0 0.44166666666666665 0.11333333333333333 0.03 0.023333333333333334
0 0.41333333333333333 0.03833333333333333 0.03 0.023333333333333334
0 0.38166666666666665 0.8183333333333334 0.023333333333333334 0.02666666666666667
0 0.09 0.10666666666666667 0.02 0.023333333333333334
0 0.25333333333333335 0.6966666666666667 0.02 0.023333333333333334
0 0.04833333333333333 0.3283333333333333 0.02 0.02
0 0.11333333333333333 0.08333333333333333 0.03333333333333333 0.03
0 0.10166666666666667 0.12333333333333334 0.02666666666666667 0.02666666666666667
0 0.49333333333333335 0.016666666666666666 0.03 0.03
0 0.06833333333333333 0.3233333333333333 0.02 0.02
0 0.5016666666666667 0.7116666666666667 0.016666666666666666 0.02666666666666667
0 0.5083333333333333 0.6916666666666667 0.02 0.02666666666666667
0 0.5066666666666667 0.6683333333333333 0.02 0.02666666666666667
0 0.40166666666666667 0.8333333333333334 0.023333333333333334 0.023333333333333334
0 0.5083333333333333 0.7683333333333333 0.02 0.02666666666666667
0 0.12833333333333333 0.24 0.03 0.02666666666666667
0 0.12666666666666668 0.19166666666666668 0.02666666666666667 0.03
0 0.23166666666666666 0.795 0.023333333333333334 0.023333333333333334
0 0.94 0.10833333333333334 0.023333333333333334 0.03
0 0.6666666666666666 0.38333333333333336 0.02 0.02
0 0.6833333333333333 0.505 0.02 0.02666666666666667
0 0.9566666666666667 0.09833333333333333 0.02 0.02
0 0.5433333333333333 0.8616666666666667 0.03 0.02666666666666667
0 0.6033333333333334 0.05333333333333334 0.023333333333333334 0.02
0 0.8866666666666667 0.7933333333333333 0.023333333333333334 0.02666666666666667
0 0.8416666666666667 0.8 0.025 0.02666666666666667
0 0.8283333333333334 0.8966666666666666 0.021666666666666667 0.02666666666666667