0 0.5833333333333334 0.285 0.03 0.02666666666666667
0 0.61 0.2816666666666667 0.02 0.023333333333333334
0 0.5983333333333334 0.33666666666666667 0.023333333333333334 0.023333333333333334
0 0.5866666666666667 0.39166666666666666 0.023333333333333334 0.023333333333333334
0 0.5616666666666666 0.345 0.02 0.02
0 0.6833333333333333 0.7966666666666666 0.03 0.03
0 0.7633333333333333 0.8433333333333334 0.02666666666666667 0.02666666666666667
0 0.8983333333333333 0.9283333333333333 0.03333333333333333 0.03
0 0.8083333333333333 0.8233333333333334 0.02666666666666667 0.02666666666666667
0 0.7883333333333333 0.8616666666666667 0.023333333333333334 0.023333333333333334
0 0.6533333333333333 0.8616666666666667 0.023333333333333334 0.023333333333333334
0 0.8983333333333333 0.5066666666666667 0.023333333333333334 0.023333333333333334
0 0.07166666666666667 0.57 0.023333333333333334 0.02
0 0.05 0.8633333333333333 0.02666666666666667 0.023333333333333334
0 0.025 0.91 0.02666666666666667 0.03
0 0.22666666666666666 0.9816666666666667 0.04 0.03
0 0.22166666666666668 0.8183333333333334 0.03333333333333333 0.023333333333333334
0 0.15833333333333333 0.875 0.03 0.023333333333333334
0 0.06666666666666667 0.8583333333333333 0.023333333333333334 0.023333333333333334
0 0.043333333333333335 0.88 0.023333333333333334 0.023333333333333334
0 0.05 0.9583333333333334 0.02666666666666667 0.02666666666666667
0 0.14166666666666666 0.7366666666666667 0.023333333333333334 0.021666666666666667
0 0.13833333333333334 0.7516666666666667 0.03 0.02666666666666667
0 0.04666666666666667 0.6616666666666666 0.03 0.02666666666666667
0 0.44333333333333336 0.14333333333333334 0.02666666666666667 0.02666666666666667
0 0.41833333333333333 0.8316666666666667 0.02666666666666667 0.02666666666666667
0 0.20666666666666667 0.9066666666666666 0.02666666666666667 0.02666666666666667
0 0.21166666666666667 0.9516666666666667 0.02666666666666667 0.02666666666666667
0 0.24666666666666667 0.23666666666666666 0.02666666666666667 0.023333333333333334
0 0.24 0.2966666666666667 0.02666666666666667 0.02666666666666667
0 0.09166666666666666 0.8866666666666667 0.023333333333333334 0.02
0 0.08666666666666667 0.9183333333333333 0.023333333333333334 0.023333333333333334
0 0.5 0.7183333333333334 0.02666666666666667 0.02666666666666667
0 0.1 0.565 0.023333333333333334 0.023333333333333334
0 0.5083333333333333 0.23 0.02666666666666667 0.02666666666666667
0 0.08666666666666667 0.6 0.03 0.028333333333333332