0 0.1 0.13 0.03 0.023333333333333334
0 0.04833333333333333 0.24833333333333332 0.03 0.03
0 0.08166666666666667 0.23833333333333334 0.02666666666666667 0.023333333333333334
0 0.525 0.35333333333333333 0.03 0.02666666666666667
0 0.021666666666666667 0.21833333333333332 0.03 0.023333333333333334
0 0.041666666666666664 0.20333333333333334 0.03 0.02
0 0.6516666666666666 0.8633333333333333 0.03 0.023333333333333334
0 0.84 0.6566666666666666 0.03 0.025
0 0.725 0.17166666666666666 0.03 0.028333333333333332
0 0.14166666666666666 0.12333333333333334 0.02666666666666667 0.021666666666666667
0 0.6983333333333334 0.7016666666666667 0.025 0.023333333333333334