0 0.09666666666666666 0.6816666666666666 0.03333333333333333 0.02666666666666667
0 0.125 0.625 0.02666666666666667 0.03
0 0.2833333333333333 0.36 0.03333333333333333 0.03
0 0.29 0.3983333333333333 0.03333333333333333 0.02666666666666667
0 0.22166666666666668 0.265 0.03 0.02666666666666667
0 0.23 0.235 0.02666666666666667 0.03
0 0.2683333333333333 0.30666666666666664 0.023333333333333334 0.02
0 0.25666666666666665 0.27666666666666667 0.02666666666666667 0.02
0 0.18 0.745 0.03 0.03
0 0.9733333333333334 0.03333333333333333 0.023333333333333334 0.028333333333333332
0 0.41333333333333333 0.9366666666666666 0.03333333333333333 0.035