0 0.7366666666666667 0.8266666666666667 0.023333333333333334 0.02666666666666667
0 0.7666666666666667 0.81 0.02 0.03
0 0.8183333333333334 0.8 0.02 0.02666666666666667
0 0.8366666666666667 0.7866666666666666 0.02 0.02666666666666667
0 0.8533333333333334 0.7733333333333333 0.02 0.02
0 0.6866666666666666 0.7183333333333334 0.02666666666666667 0.02
0 0.6433333333333333 0.7133333333333334 0.02 0.023333333333333334
0 0.6216666666666667 0.7416666666666667 0.023333333333333334 0.02666666666666667
0 0.7283333333333334 0.9066666666666666 0.02 0.02
0 0.6066666666666667 0.6933333333333334 0.02 0.02
0 0.6416666666666667 0.62 0.02 0.016666666666666666
0 0.6316666666666667 0.5816666666666667 0.023333333333333334 0.02
0 0.5966666666666667 0.6733333333333333 0.02 0.02
0 0.5566666666666666 0.53 0.02 0.023333333333333334
0 0.5466666666666666 0.6866666666666666 0.02 0.023333333333333334
0 0.8816666666666667 0.9433333333333334 0.02 0.023333333333333334
0 0.7983333333333333 0.955 0.02 0.02
0 0.7183333333333334 0.8666666666666667 0.028333333333333332 0.025
0 0.8483333333333334 0.8333333333333334 0.02 0.02
0 0.8566666666666667 0.8816666666666667 0.023333333333333334 0.02
0 0.675 0.5566666666666666 0.02 0.023333333333333334
0 0.755 0.6533333333333333 0.02 0.023333333333333334
0 0.7366666666666667 0.6333333333333333 0.023333333333333334 0.02
0 0.9066666666666666 0.965 0.02666666666666667 0.023333333333333334
0 0.7383333333333333 0.8016666666666666 0.023333333333333334 0.023333333333333334
0 0.8316666666666667 0.8783333333333333 0.02666666666666667 0.02
0 0.8933333333333333 0.845 0.02 0.02
0 0.9833333333333333 0.875 0.03 0.03333333333333333
0 0.5516666666666666 0.6083333333333333 0.02 0.016666666666666666
0 0.8133333333333334 0.935 0.023333333333333334 0.02
0 0.7883333333333333 0.8966666666666666 0.02 0.016666666666666666
0 0.9416666666666667 0.8933333333333333 0.02 0.023333333333333334
0 0.63 0.6 0.02 0.02
0 0.9133333333333333 0.7816666666666666 0.023333333333333334 0.023333333333333334
0 0.8733333333333333 0.7316666666666667 0.03 0.02666666666666667
0 0.8933333333333333 0.8733333333333333 0.023333333333333334 0.02
0 0.6016666666666667 0.4866666666666667 0.02 0.02666666666666667
0 0.575 0.49166666666666664 0.02666666666666667 0.03
0 0.5666666666666667 0.425 0.03 0.03333333333333333
0 0.8433333333333334 0.455 0.02666666666666667 0.023333333333333334
0 0.795 0.44333333333333336 0.02 0.02666666666666667
0 0.8816666666666667 0.3516666666666667 0.02666666666666667 0.03
0 0.5333333333333333 0.36 0.023333333333333334 0.023333333333333334
0 0.715 0.06166666666666667 0.02666666666666667 0.03
0 0.5516666666666666 0.4033333333333333 0.023333333333333334 0.02
0 0.7233333333333334 0.13 0.023333333333333334 0.023333333333333334
0 0.65 0.28 0.023333333333333334 0.023333333333333334
0 0.6133333333333333 0.455 0.023333333333333334 0.023333333333333334
0 0.5566666666666666 0.35333333333333333 0.02 0.023333333333333334
0 0.4533333333333333 0.52 0.03 0.023333333333333334
0 0.5083333333333333 0.5183333333333333 0.03 0.03
0 0.4166666666666667 0.5216666666666666 0.02 0.03
0 0.4716666666666667 0.3983333333333333 0.023333333333333334 0.023333333333333334
0 0.4716666666666667 0.19833333333333333 0.03 0.03
0 0.52 0.47833333333333333 0.023333333333333334 0.02
0 0.49333333333333335 0.43166666666666664 0.02 0.02666666666666667
0 0.45166666666666666 0.32666666666666666 0.023333333333333334 0.023333333333333334
0 0.4766666666666667 0.6116666666666667 0.02666666666666667 0.02666666666666667
0 0.44333333333333336 0.43333333333333335 0.02 0.02666666666666667
0 0.5366666666666666 0.665 0.023333333333333334 0.02
0 0.5283333333333333 0.13833333333333334 0.02666666666666667 0.02666666666666667
0 0.885 0.47833333333333333 0.02 0.025
0 0.465 0.465 0.03166666666666667 0.028333333333333332
0 0.175 0.7733333333333333 0.03 0.028333333333333332