0 0.7183333333333334 0.8416666666666667 0.03333333333333333 0.03
0 0.6833333333333333 0.5833333333333334 0.02 0.023333333333333334
0 0.655 0.5783333333333334 0.023333333333333334 0.03
0 0.7033333333333334 0.5666666666666667 0.023333333333333334 0.02
0 0.8883333333333333 0.62 0.023333333333333334 0.023333333333333334
0 0.6133333333333333 0.6483333333333333 0.023333333333333334 0.023333333333333334
0 0.6816666666666666 0.6166666666666667 0.023333333333333334 0.023333333333333334
0 0.9533333333333334 0.24666666666666667 0.03 0.03
0 0.9066666666666666 0.3516666666666667 0.023333333333333334 0.023333333333333334
0 0.825 0.22333333333333333 0.023333333333333334 0.023333333333333334
0 0.815 0.09833333333333333 0.023333333333333334 0.02
0 0.7766666666666666 0.07 0.03 0.023333333333333334
0 0.715 0.028333333333333332 0.023333333333333334 0.02
0 0.8666666666666667 0.36833333333333335 0.02666666666666667 0.02
0 0.8666666666666667 0.16666666666666666 0.023333333333333334 0.02
0 0.8983333333333333 0.12333333333333334 0.023333333333333334 0.02666666666666667
0 0.91 0.25333333333333335 0.02666666666666667 0.023333333333333334
0 0.9483333333333334 0.44333333333333336 0.02666666666666667 0.023333333333333334
0 0.9233333333333333 0.2916666666666667 0.023333333333333334 0.02
0 0.9816666666666667 0.23833333333333334 0.03 0.02666666666666667
0 0.9333333333333333 0.32 0.023333333333333334 0.02
0 0.9516666666666667 0.09833333333333333 0.02666666666666667 0.02
0 0.89 0.15 0.023333333333333334 0.023333333333333334
0 0.955 0.355 0.023333333333333334 0.02666666666666667
0 0.9616666666666667 0.028333333333333332 0.02666666666666667 0.02666666666666667
0 0.985 0.13333333333333333 0.02 0.023333333333333334
0 0.9233333333333333 0.16333333333333333 0.02666666666666667 0.023333333333333334
0 0.525 0.4216666666666667 0.023333333333333334 0.02666666666666667
0 0.9033333333333333 0.043333333333333335 0.02 0.02
0 0.5733333333333334 0.36666666666666664 0.023333333333333334 0.023333333333333334
0 0.8116666666666666 0.25833333333333336 0.02 0.023333333333333334
0 0.5383333333333333 0.28833333333333333 0.02666666666666667 0.02666666666666667
0 0.87 0.13833333333333334 0.02666666666666667 0.02666666666666667
0 0.6783333333333333 0.4083333333333333 0.023333333333333334 0.02666666666666667
0 0.9816666666666667 0.3383333333333333 0.016666666666666666 0.02
0 0.9833333333333333 0.30833333333333335 0.02 0.023333333333333334
0 0.56 0.18666666666666668 0.02 0.02
0 0.5733333333333334 0.17666666666666667 0.016666666666666666 0.02
0 0.585 0.16 0.02 0.023333333333333334
0 0.5766666666666667 0.245 0.023333333333333334 0.02666666666666667
0 0.7816666666666666 0.17833333333333334 0.02 0.023333333333333334
0 0.7833333333333333 0.44333333333333336 0.023333333333333334 0.03
0 0.7966666666666666 0.07166666666666667 0.023333333333333334 0.02666666666666667
0 0.92 0.01 0.023333333333333334 0.02
0 0.7866666666666666 0.008333333333333333 0.02 0.016666666666666666
0 0.9416666666666667 0.4216666666666667 0.02 0.02
0 0.4066666666666667 0.03333333333333333 0.02666666666666667 0.023333333333333334
0 0.4583333333333333 0.22833333333333333 0.02 0.02
0 0.37833333333333335 0.03833333333333333 0.023333333333333334 0.023333333333333334
0 0.3616666666666667 0.10833333333333334 0.023333333333333334 0.023333333333333334
0 0.3516666666666667 0.605 0.023333333333333334 0.023333333333333334
0 0.8433333333333334 0.225 0.02 0.028333333333333332