0 0.5566666666666666 0.4033333333333333 0.02666666666666667 0.02666666666666667
0 0.9566666666666667 0.395 0.03 0.03
0 0.7533333333333333 0.4666666666666667 0.02 0.023333333333333334
0 0.75 0.49666666666666665 0.023333333333333334 0.023333333333333334
0 0.8983333333333333 0.4066666666666667 0.03 0.023333333333333334
0 0.9816666666666667 0.42333333333333334 0.02 0.02
0 0.58 0.8666666666666667 0.03 0.02666666666666667
0 0.59 0.9683333333333334 0.03 0.02666666666666667
0 0.6033333333333334 0.8616666666666667 0.023333333333333334 0.023333333333333334
0 0.6766666666666666 0.8333333333333334 0.02666666666666667 0.023333333333333334
0 0.7716666666666666 0.8533333333333334 0.023333333333333334 0.023333333333333334
0 0.6916666666666667 0.8866666666666667 0.023333333333333334 0.02
0 0.6983333333333334 0.8683333333333333 0.023333333333333334 0.02
0 0.04 0.7816666666666666 0.02666666666666667 0.02666666666666667
0 0.4633333333333333 0.955 0.023333333333333334 0.023333333333333334
0 0.041666666666666664 0.7583333333333333 0.02666666666666667 0.02
0 0.47 0.9833333333333333 0.02666666666666667 0.023333333333333334
0 0.30666666666666664 0.011666666666666667 0.03 0.023333333333333334
0 0.30333333333333334 0.06166666666666667 0.02666666666666667 0.02
0 0.15833333333333333 0.44666666666666666 0.02666666666666667 0.02666666666666667
0 0.16666666666666666 0.41333333333333333 0.023333333333333334 0.023333333333333334
0 0.19166666666666668 0.023333333333333334 0.02666666666666667 0.023333333333333334
0 0.13333333333333333 0.4683333333333333 0.02666666666666667 0.02666666666666667
0 0.12833333333333333 0.455 0.03 0.02666666666666667
0 0.09333333333333334 0.44333333333333336 0.02 0.02