0 0.008333333333333333 0.8783333333333333 0.016666666666666666 0.023333333333333334
0 0.011666666666666667 0.7883333333333333 0.021666666666666667 0.03
0 0.01 0.9566666666666667 0.02 0.021666666666666667
0 0.13166666666666665 0.56 0.023333333333333334 0.02
0 0.18166666666666667 0.565 0.02 0.02
0 0.15333333333333332 0.57 0.023333333333333334 0.02
0 0.2 0.5716666666666667 0.02666666666666667 0.02
0 0.215 0.5916666666666667 0.023333333333333334 0.02
0 0.14666666666666667 0.5983333333333334 0.03 0.03
0 0.085 0.6133333333333333 0.02666666666666667 0.023333333333333334
0 0.06666666666666667 0.87 0.02666666666666667 0.023333333333333334
0 0.17 0.7016666666666667 0.02666666666666667 0.03
0 0.185 0.595 0.02666666666666667 0.028333333333333332
0 0.035 0.7933333333333333 0.028333333333333332 0.02666666666666667
0 0.021666666666666667 0.64 0.03 0.028333333333333332
0 0.22 0.5716666666666667 0.02666666666666667 0.02666666666666667
0 0.14166666666666666 0.8233333333333334 0.02666666666666667 0.025