0 0.9366666666666666 0.9266666666666666 0.023333333333333334 0.028333333333333332
0 0.555 0.8416666666666667 0.02666666666666667 0.02
0 0.5266666666666666 0.7833333333333333 0.02 0.02666666666666667
0 0.805 0.22 0.02666666666666667 0.02666666666666667
0 0.7566666666666667 0.20666666666666667 0.02666666666666667 0.02666666666666667
0 0.92 0.6966666666666667 0.023333333333333334 0.023333333333333334
0 0.5366666666666666 0.8983333333333333 0.02 0.023333333333333334
0 0.5516666666666666 0.7916666666666666 0.02 0.023333333333333334
0 0.11666666666666667 0.07 0.02666666666666667 0.02666666666666667
0 0.043333333333333335 0.07333333333333333 0.03333333333333333 0.03
0 0.075 0.11666666666666667 0.03 0.03
0 0.245 0.07 0.023333333333333334 0.02666666666666667
0 0.21 0.15 0.02666666666666667 0.02666666666666667
0 0.27166666666666667 0.15 0.03 0.03
0 0.22 0.18 0.023333333333333334 0.023333333333333334
0 0.26666666666666666 0.20833333333333334 0.03 0.02666666666666667
0 0.4583333333333333 0.91 0.02666666666666667 0.023333333333333334
0 0.4483333333333333 0.31 0.02666666666666667 0.03
0 0.21 0.4633333333333333 0.03 0.02666666666666667
0 0.36 0.355 0.02666666666666667 0.02
0 0.425 0.41833333333333333 0.02666666666666667 0.02666666666666667
0 0.19166666666666668 0.325 0.023333333333333334 0.023333333333333334
0 0.515 0.7683333333333333 0.021666666666666667 0.023333333333333334
0 0.2816666666666667 0.37 0.02666666666666667 0.02
0 0.3016666666666667 0.7633333333333333 0.03333333333333333 0.028333333333333332
0 0.105 0.17166666666666666 0.03 0.02
0 0.17333333333333334 0.24333333333333335 0.023333333333333334 0.02
0 0.305 0.43 0.023333333333333334 0.023333333333333334
0 0.24 0.16666666666666666 0.023333333333333334 0.02
0 0.455 0.8616666666666667 0.023333333333333334 0.023333333333333334
0 0.4066666666666667 0.8316666666666667 0.02666666666666667 0.023333333333333334
0 0.13666666666666666 0.14166666666666666 0.03 0.02666666666666667
0 0.19166666666666668 0.03333333333333333 0.02 0.02666666666666667
0 0.25833333333333336 0.23333333333333334 0.03 0.02
0 0.37666666666666665 0.36666666666666664 0.023333333333333334 0.016666666666666666
0 0.4266666666666667 0.7233333333333334 0.023333333333333334 0.023333333333333334
0 0.4666666666666667 0.935 0.02 0.02
0 0.23666666666666666 0.30333333333333334 0.03333333333333333 0.03
0 0.17666666666666667 0.17666666666666667 0.02666666666666667 0.03
0 0.25833333333333336 0.41833333333333333 0.025 0.025