0 0.8366666666666667 0.051666666666666666 0.02666666666666667 0.02666666666666667
0 0.9566666666666667 0.08166666666666667 0.02666666666666667 0.023333333333333334
0 0.61 0.36666666666666664 0.02666666666666667 0.03
0 0.5783333333333334 0.3333333333333333 0.03 0.023333333333333334
0 0.7016666666666667 0.36333333333333334 0.023333333333333334 0.02
0 0.9783333333333334 0.07166666666666667 0.02666666666666667 0.02666666666666667
0 0.6733333333333333 0.4116666666666667 0.02666666666666667 0.02666666666666667
0 0.9583333333333334 0.13833333333333334 0.02666666666666667 0.02
0 0.5233333333333333 0.3283333333333333 0.02666666666666667 0.03
0 0.6683333333333333 0.7866666666666666 0.03666666666666667 0.023333333333333334
0 0.6383333333333333 0.655 0.03 0.02666666666666667
0 0.6283333333333333 0.7066666666666667 0.02666666666666667 0.016666666666666666
0 0.6733333333333333 0.6866666666666666 0.03 0.02666666666666667
0 0.8033333333333333 0.6883333333333334 0.02666666666666667 0.02666666666666667
0 0.8383333333333334 0.7683333333333333 0.023333333333333334 0.03
0 0.8233333333333334 0.5033333333333333 0.03 0.023333333333333334
0 0.7516666666666667 0.975 0.023333333333333334 0.023333333333333334
0 0.6583333333333333 0.7566666666666667 0.02666666666666667 0.02666666666666667
0 0.605 0.7183333333333334 0.02666666666666667 0.02666666666666667
0 0.7316666666666667 0.93 0.03 0.03666666666666667
0 0.10833333333333334 0.9816666666666667 0.02666666666666667 0.02666666666666667
0 0.12666666666666668 0.87 0.02666666666666667 0.02666666666666667
0 0.011666666666666667 0.5166666666666667 0.023333333333333334 0.023333333333333334
0 0.08166666666666667 0.495 0.03 0.02666666666666667
0 0.8983333333333333 0.085 0.025 0.025
0 0.93 0.10333333333333333 0.03166666666666667 0.02666666666666667