0 0.26666666666666666 0.92 0.02666666666666667 0.02666666666666667
0 0.24666666666666667 0.9216666666666666 0.02 0.02666666666666667
0 0.36666666666666664 0.9316666666666666 0.02 0.02666666666666667
0 0.3333333333333333 0.98 0.02 0.02666666666666667
0 0.9116666666666666 0.49666666666666665 0.03333333333333333 0.023333333333333334
0 0.845 0.5583333333333333 0.023333333333333334 0.023333333333333334
0 0.8533333333333334 0.625 0.02666666666666667 0.02666666666666667
0 0.84 0.7733333333333333 0.023333333333333334 0.03
0 0.665 0.89 0.03 0.02666666666666667
0 0.8083333333333333 0.7233333333333334 0.03 0.03
0 0.8033333333333333 0.785 0.02666666666666667 0.02666666666666667
0 0.8933333333333333 0.9466666666666667 0.03 0.02666666666666667
0 0.935 0.8983333333333333 0.02666666666666667 0.02666666666666667
0 0.6416666666666667 0.8616666666666667 0.02666666666666667 0.02666666666666667
0 0.8116666666666666 0.6816666666666666 0.02666666666666667 0.02666666666666667
0 0.81 0.7616666666666667 0.023333333333333334 0.023333333333333334
0 0.6566666666666666 0.7333333333333333 0.023333333333333334 0.02666666666666667
0 0.9533333333333334 0.555 0.03 0.02666666666666667