0 0.8633333333333333 0.5883333333333334 0.02666666666666667 0.02666666666666667
0 0.9133333333333333 0.6216666666666667 0.02666666666666667 0.02
0 0.7833333333333333 0.56 0.02666666666666667 0.02666666666666667
0 0.9116666666666666 0.09666666666666666 0.023333333333333334 0.02
0 0.8966666666666666 0.13833333333333334 0.023333333333333334 0.02
0 0.8566666666666667 0.15 0.023333333333333334 0.023333333333333334
0 0.8383333333333334 0.17333333333333334 0.023333333333333334 0.02
0 0.7516666666666667 0.23333333333333334 0.023333333333333334 0.02
0 0.8183333333333334 0.29 0.03 0.023333333333333334
0 0.8583333333333333 0.3016666666666667 0.02666666666666667 0.02
0 0.8833333333333333 0.31666666666666665 0.023333333333333334 0.023333333333333334
0 0.8166666666666667 0.3383333333333333 0.023333333333333334 0.023333333333333334
0 0.8833333333333333 0.3516666666666667 0.02 0.02
0 0.8516666666666667 0.44166666666666665 0.023333333333333334 0.023333333333333334
0 0.8983333333333333 0.20333333333333334 0.02666666666666667 0.02666666666666667
0 0.8933333333333333 0.10166666666666667 0.02 0.02
0 0.89 0.42833333333333334 0.02 0.02
0 0.8683333333333333 0.46166666666666667 0.023333333333333334 0.02
0 0.84 0.15833333333333333 0.023333333333333334 0.02
0 0.8666666666666667 0.11833333333333333 0.023333333333333334 0.02
0 0.8966666666666666 0.22666666666666666 0.02 0.023333333333333334
0 0.13833333333333334 0.06833333333333333 0.025 0.023333333333333334
0 0.135 0.01 0.03 0.02
0 0.17666666666666667 0.075 0.025 0.02666666666666667