0 0.7033333333333334 0.15166666666666667 0.02 0.02666666666666667
0 0.6883333333333334 0.15166666666666667 0.023333333333333334 0.023333333333333334
0 0.37166666666666665 0.18666666666666668 0.03 0.023333333333333334
0 0.355 0.245 0.02666666666666667 0.023333333333333334
0 0.7933333333333333 0.3433333333333333 0.025 0.03
0 0.5483333333333333 0.15833333333333333 0.03 0.02666666666666667
0 0.6233333333333333 0.36 0.03 0.03
0 0.7716666666666666 0.42833333333333334 0.023333333333333334 0.03
0 0.775 0.3933333333333333 0.03166666666666667 0.02666666666666667
0 0.62 0.05333333333333334 0.023333333333333334 0.02
0 0.4166666666666667 0.25833333333333336 0.02666666666666667 0.023333333333333334
0 0.7616666666666667 0.47 0.03 0.03
0 0.7283333333333334 0.058333333333333334 0.03 0.02
0 0.6516666666666666 0.17333333333333334 0.025 0.02666666666666667