0 0.30333333333333334 0.19833333333333333 0.02666666666666667 0.023333333333333334
0 0.25666666666666665 0.39666666666666667 0.023333333333333334 0.02666666666666667
0 0.4683333333333333 0.3433333333333333 0.02666666666666667 0.02
0 0.4766666666666667 0.2966666666666667 0.02 0.02
0 0.14333333333333334 0.38 0.023333333333333334 0.02
0 0.39666666666666667 0.065 0.02666666666666667 0.02666666666666667
0 0.41333333333333333 0.051666666666666666 0.02 0.023333333333333334
0 0.6116666666666667 0.12833333333333333 0.03 0.02
0 0.8333333333333334 0.35833333333333334 0.02666666666666667 0.023333333333333334
0 0.6183333333333333 0.225 0.02666666666666667 0.02666666666666667
0 0.9733333333333334 0.34833333333333333 0.023333333333333334 0.023333333333333334
0 0.89 0.3516666666666667 0.02 0.02
0 0.875 0.3933333333333333 0.023333333333333334 0.023333333333333334
0 0.30333333333333334 0.795 0.023333333333333334 0.02666666666666667
0 0.77 0.9316666666666666 0.03 0.02666666666666667
0 0.6533333333333333 0.795 0.023333333333333334 0.02
0 0.7866666666666666 0.9116666666666666 0.02666666666666667 0.023333333333333334
0 0.7216666666666667 0.925 0.02666666666666667 0.02666666666666667
0 0.6616666666666666 0.9383333333333334 0.03 0.03
0 0.6 0.8333333333333334 0.02666666666666667 0.023333333333333334
0 0.9016666666666666 0.5866666666666667 0.023333333333333334 0.023333333333333334
0 0.39166666666666666 0.6283333333333333 0.02666666666666667 0.03166666666666667
0 0.25333333333333335 0.37166666666666665 0.02 0.02