0 0.5783333333333334 0.9066666666666666 0.023333333333333334 0.02666666666666667
0 0.3516666666666667 0.925 0.03333333333333333 0.03
0 0.36666666666666664 0.8516666666666667 0.02666666666666667 0.02666666666666667
0 0.5 0.5833333333333334 0.03 0.02666666666666667
0 0.5716666666666667 0.8183333333333334 0.02666666666666667 0.02
0 0.8233333333333334 0.7283333333333334 0.02666666666666667 0.03
0 0.7566666666666667 0.6883333333333334 0.03666666666666667 0.03
0 0.9066666666666666 0.6266666666666667 0.03 0.023333333333333334
0 0.43166666666666664 0.6366666666666667 0.02666666666666667 0.02
0 0.475 0.6816666666666666 0.023333333333333334 0.02
0 0.5533333333333333 0.725 0.02666666666666667 0.023333333333333334
0 0.13833333333333334 0.22166666666666668 0.03333333333333333 0.023333333333333334
0 0.20833333333333334 0.26666666666666666 0.02666666666666667 0.02
0 0.4266666666666667 0.405 0.03 0.03
0 0.3283333333333333 0.185 0.02666666666666667 0.03
0 0.2733333333333333 0.1 0.02666666666666667 0.023333333333333334
0 0.3433333333333333 0.2816666666666667 0.03 0.02666666666666667
0 0.3433333333333333 0.24833333333333332 0.03 0.023333333333333334
0 0.36666666666666664 0.16666666666666666 0.03 0.023333333333333334
0 0.5583333333333333 0.6583333333333333 0.03333333333333333 0.02666666666666667
0 0.5766666666666667 0.7866666666666666 0.023333333333333334 0.023333333333333334
0 0.22333333333333333 0.36833333333333335 0.02666666666666667 0.02666666666666667
0 0.25833333333333336 0.2783333333333333 0.023333333333333334 0.023333333333333334
0 0.33 0.3433333333333333 0.03 0.03
0 0.9416666666666667 0.6683333333333333 0.02666666666666667 0.02666666666666667
0 0.44166666666666665 0.10333333333333333 0.023333333333333334 0.023333333333333334
0 0.24166666666666667 0.09833333333333333 0.02666666666666667 0.023333333333333334
0 0.2866666666666667 0.7316666666666667 0.02666666666666667 0.023333333333333334
0 0.43166666666666664 0.175 0.02666666666666667 0.02666666666666667
0 0.9283333333333333 0.6133333333333333 0.023333333333333334 0.02
0 0.6 0.73 0.023333333333333334 0.023333333333333334
0 0.2733333333333333 0.35 0.023333333333333334 0.023333333333333334
0 0.315 0.05 0.02666666666666667 0.021666666666666667
0 0.3333333333333333 0.30333333333333334 0.025 0.023333333333333334
0 0.016666666666666666 0.9716666666666667 0.023333333333333334 0.02666666666666667
0 0.3283333333333333 0.09166666666666666 0.02666666666666667 0.023333333333333334