0 0.6 0.5233333333333333 0.023333333333333334 0.023333333333333334
0 0.18 0.6183333333333333 0.02 0.02
0 0.16166666666666665 0.6533333333333333 0.023333333333333334 0.023333333333333334
0 0.37 0.6766666666666666 0.02666666666666667 0.02666666666666667
0 0.4583333333333333 0.7333333333333333 0.03 0.03
0 0.38666666666666666 0.7616666666666667 0.03 0.03333333333333333
0 0.36 0.765 0.02666666666666667 0.03
0 0.255 0.79 0.023333333333333334 0.023333333333333334
0 0.65 0.8016666666666666 0.02 0.023333333333333334
0 0.32 0.825 0.02666666666666667 0.023333333333333334
0 0.43833333333333335 0.8333333333333334 0.02 0.02
0 0.29333333333333333 0.8416666666666667 0.021666666666666667 0.025
0 0.20166666666666666 0.8583333333333333 0.02666666666666667 0.023333333333333334
0 0.6333333333333333 0.8633333333333333 0.02666666666666667 0.03
0 0.435 0.8733333333333333 0.023333333333333334 0.023333333333333334
0 0.6633333333333333 0.905 0.02666666666666667 0.03
0 0.37833333333333335 0.9166666666666666 0.023333333333333334 0.02
0 0.97 0.03333333333333333 0.023333333333333334 0.023333333333333334
0 0.97 0.13833333333333334 0.02 0.02
0 0.91 0.15166666666666667 0.02 0.023333333333333334
0 0.925 0.14833333333333334 0.02 0.02
0 0.9716666666666667 0.16 0.023333333333333334 0.02
0 0.9716666666666667 0.18166666666666667 0.02 0.023333333333333334
0 0.93 0.011666666666666667 0.03166666666666667 0.023333333333333334
0 0.22166666666666668 0.6183333333333333 0.02 0.023333333333333334
0 0.18 0.30333333333333334 0.021666666666666667 0.02666666666666667
0 0.4866666666666667 0.74 0.02 0.02666666666666667
0 0.20166666666666666 0.8583333333333333 0.02666666666666667 0.02666666666666667
0 0.92 0.6633333333333333 0.02666666666666667 0.02666666666666667
0 0.2783333333333333 0.93 0.03 0.03
0 0.4066666666666667 0.8366666666666667 0.02666666666666667 0.02666666666666667
0 0.4533333333333333 0.6983333333333334 0.023333333333333334 0.023333333333333334
0 0.6683333333333333 0.9766666666666667 0.023333333333333334 0.023333333333333334
0 0.9833333333333333 0.17333333333333334 0.02 0.023333333333333334
0 0.12833333333333333 0.6583333333333333 0.023333333333333334 0.023333333333333334
0 0.20833333333333334 0.6433333333333333 0.023333333333333334 0.023333333333333334
0 0.43166666666666664 0.7983333333333333 0.02666666666666667 0.02666666666666667
0 0.21666666666666667 0.8466666666666667 0.02 0.023333333333333334
0 0.19333333333333333 0.635 0.02 0.023333333333333334
0 0.76 0.8066666666666666 0.023333333333333334 0.02
0 0.36 0.8033333333333333 0.023333333333333334 0.02666666666666667
0 0.89 0.1 0.023333333333333334 0.02666666666666667