0 0.6783333333333333 0.875 0.03 0.03
0 0.6466666666666666 0.685 0.03 0.03
0 0.6566666666666666 0.6383333333333333 0.02666666666666667 0.03
0 0.7166666666666667 0.7916666666666666 0.02 0.02666666666666667
0 0.7066666666666667 0.5483333333333333 0.03 0.02666666666666667
0 0.8083333333333333 0.9183333333333333 0.02666666666666667 0.023333333333333334
0 0.07333333333333333 0.7916666666666666 0.03 0.023333333333333334
0 0.77 0.8183333333333334 0.023333333333333334 0.02
0 0.38333333333333336 0.9583333333333334 0.023333333333333334 0.02
0 0.6883333333333334 0.5283333333333333 0.023333333333333334 0.02666666666666667
0 0.7183333333333334 0.525 0.03 0.02666666666666667
0 0.6833333333333333 0.6166666666666667 0.03166666666666667 0.02666666666666667
0 0.6516666666666666 0.7333333333333333 0.02666666666666667 0.02
0 0.7733333333333333 0.6983333333333334 0.02 0.03
0 0.335 0.03333333333333333 0.02666666666666667 0.02
0 0.515 0.055 0.02666666666666667 0.023333333333333334