0 0.15666666666666668 0.12666666666666668 0.02666666666666667 0.03166666666666667
0 0.24166666666666667 0.08166666666666667 0.023333333333333334 0.02
0 0.31666666666666665 0.4483333333333333 0.02 0.023333333333333334
0 0.07 0.09 0.03 0.03
0 0.33 0.37166666666666665 0.02 0.02666666666666667
0 0.065 0.18333333333333332 0.02666666666666667 0.03
0 0.043333333333333335 0.11666666666666667 0.028333333333333332 0.03666666666666667
0 0.29333333333333333 0.21833333333333332 0.025 0.035
0 0.23166666666666666 0.7533333333333333 0.03 0.02666666666666667
0 0.23166666666666666 0.7 0.03 0.03
0 0.19166666666666668 0.5516666666666666 0.023333333333333334 0.02
0 0.23 0.5466666666666666 0.02666666666666667 0.02666666666666667
0 0.25 0.7166666666666667 0.02666666666666667 0.023333333333333334
0 0.18666666666666668 0.845 0.023333333333333334 0.02666666666666667
0 0.20666666666666667 0.8383333333333334 0.023333333333333334 0.023333333333333334
0 0.31666666666666665 0.775 0.023333333333333334 0.02
0 0.24 0.5716666666666667 0.02 0.023333333333333334
0 0.33 0.7316666666666667 0.021666666666666667 0.023333333333333334
0 0.5583333333333333 0.028333333333333332 0.03 0.03
0 0.52 0.695 0.03333333333333333 0.03166666666666667
0 0.195 0.6966666666666667 0.025 0.02666666666666667