0 0.395 0.53 0.02666666666666667 0.02666666666666667
0 0.49333333333333335 0.705 0.02666666666666667 0.03
0 0.31333333333333335 0.5533333333333333 0.03166666666666667 0.028333333333333332
0 0.7766666666666666 0.96 0.03 0.02
0 0.4716666666666667 0.6966666666666667 0.02666666666666667 0.02666666666666667
0 0.5966666666666667 0.9133333333333333 0.03 0.03
0 0.8183333333333334 0.058333333333333334 0.02666666666666667 0.02666666666666667
0 0.9816666666666667 0.8883333333333333 0.03 0.03
0 0.6766666666666666 0.8983333333333333 0.02666666666666667 0.02666666666666667
0 0.7683333333333333 0.7933333333333333 0.02666666666666667 0.02666666666666667
0 0.08 0.73 0.023333333333333334 0.025
0 0.24333333333333335 0.7 0.03 0.03166666666666667