0 0.16333333333333333 0.6316666666666667 0.02666666666666667 0.023333333333333334
0 0.23666666666666666 0.43833333333333335 0.02666666666666667 0.023333333333333334
0 0.16333333333333333 0.27666666666666667 0.02 0.023333333333333334
0 0.1 0.3983333333333333 0.03 0.023333333333333334
0 0.043333333333333335 0.16333333333333333 0.023333333333333334 0.02
0 0.21666666666666667 0.06666666666666667 0.023333333333333334 0.02
0 0.25 0.5883333333333334 0.023333333333333334 0.02
0 0.325 0.9566666666666667 0.02 0.023333333333333334
0 0.105 0.3 0.03 0.03
0 0.075 0.595 0.023333333333333334 0.02
0 0.3616666666666667 0.9183333333333333 0.023333333333333334 0.02666666666666667
0 0.3383333333333333 0.88 0.02 0.02666666666666667
0 0.135 0.32 0.02 0.02
0 0.47333333333333333 0.5033333333333333 0.02666666666666667 0.02666666666666667
0 0.17333333333333334 0.31166666666666665 0.02 0.02
0 0.07666666666666666 0.6916666666666667 0.023333333333333334 0.023333333333333334
0 0.09666666666666666 0.3616666666666667 0.02 0.02
0 0.18666666666666668 0.375 0.023333333333333334 0.023333333333333334
0 0.48833333333333334 0.4633333333333333 0.02666666666666667 0.023333333333333334
0 0.15666666666666668 0.4083333333333333 0.02 0.02
0 0.04 0.5033333333333333 0.023333333333333334 0.02
0 0.17166666666666666 0.685 0.023333333333333334 0.023333333333333334
0 0.03833333333333333 0.18166666666666667 0.016666666666666666 0.016666666666666666
0 0.03 0.19666666666666666 0.02 0.02
0 0.051666666666666666 0.6183333333333333 0.02 0.02
0 0.15666666666666668 0.4766666666666667 0.02 0.023333333333333334
0 0.15333333333333332 0.4583333333333333 0.02 0.02
0 0.16666666666666666 0.42 0.023333333333333334 0.02
0 0.12833333333333333 0.33666666666666667 0.016666666666666666 0.02
0 0.12833333333333333 0.3566666666666667 0.02 0.02
0 0.16166666666666665 0.23666666666666666 0.016666666666666666 0.023333333333333334
0 0.17333333333333334 0.24833333333333332 0.016666666666666666 0.023333333333333334
0 0.195 0.2733333333333333 0.016666666666666666 0.02
0 0.23833333333333334 0.30333333333333334 0.02 0.023333333333333334
0 0.32 0.22 0.023333333333333334 0.023333333333333334
0 0.10833333333333334 0.23833333333333334 0.013333333333333334 0.02
0 0.3 0.7233333333333334 0.02 0.02
0 0.2866666666666667 0.6866666666666666 0.02666666666666667 0.023333333333333334
0 0.2683333333333333 0.5283333333333333 0.023333333333333334 0.023333333333333334
0 0.935 0.36333333333333334 0.03 0.03
0 0.9666666666666667 0.2916666666666667 0.02666666666666667 0.023333333333333334
0 0.985 0.26666666666666666 0.03 0.02666666666666667
0 0.9583333333333334 0.25833333333333336 0.02666666666666667 0.023333333333333334
0 0.8083333333333333 0.03166666666666667 0.02666666666666667 0.02
0 0.8333333333333334 0.055 0.02666666666666667 0.02666666666666667
0 0.83 0.07666666666666666 0.03 0.02666666666666667
0 0.7533333333333333 0.3566666666666667 0.03 0.02666666666666667
0 0.9816666666666667 0.06833333333333333 0.02 0.02
0 0.9433333333333334 0.13 0.02666666666666667 0.023333333333333334
0 0.61 0.2 0.02666666666666667 0.02666666666666667
0 0.9 0.06833333333333333 0.02666666666666667 0.02
0 0.8583333333333333 0.14166666666666666 0.02 0.023333333333333334
0 0.9033333333333333 0.3616666666666667 0.02666666666666667 0.02666666666666667
0 0.755 0.335 0.03 0.02
0 0.7566666666666667 0.265 0.02 0.02
0 0.9216666666666666 0.016666666666666666 0.023333333333333334 0.023333333333333334
0 0.9733333333333334 0.03 0.023333333333333334 0.02
0 0.7933333333333333 0.11 0.02666666666666667 0.023333333333333334
0 0.8066666666666666 0.07666666666666666 0.023333333333333334 0.023333333333333334
0 0.7766666666666666 0.17666666666666667 0.023333333333333334 0.023333333333333334
0 0.8466666666666667 0.4116666666666667 0.02666666666666667 0.02
0 0.8266666666666667 0.22 0.023333333333333334 0.02666666666666667
0 0.75 0.095 0.023333333333333334 0.023333333333333334
0 0.7766666666666666 0.016666666666666666 0.02 0.02
0 0.87 0.10666666666666667 0.023333333333333334 0.02
0 0.8966666666666666 0.09166666666666666 0.02 0.02
0 0.9066666666666666 0.13833333333333334 0.02 0.02
0 0.9116666666666666 0.11166666666666666 0.02 0.016666666666666666
0 0.7316666666666667 0.13 0.02 0.02
0 0.6283333333333333 0.395 0.02 0.02
0 0.655 0.43333333333333335 0.023333333333333334 0.023333333333333334
0 0.5533333333333333 0.3233333333333333 0.023333333333333334 0.02
0 0.9816666666666667 0.016666666666666666 0.023333333333333334 0.02
0 0.885 0.07333333333333333 0.023333333333333334 0.023333333333333334
0 0.73 0.19 0.023333333333333334 0.023333333333333334
0 0.9266666666666666 0.14166666666666666 0.023333333333333334 0.02
0 0.9333333333333333 0.30333333333333334 0.02 0.02
0 0.7583333333333333 0.006666666666666667 0.02 0.013333333333333334
0 0.023333333333333334 0.25166666666666665 0.03 0.02666666666666667
0 0.565 0.5366666666666666 0.02 0.02666666666666667
0 0.24833333333333332 0.7316666666666667 0.028333333333333332 0.03
0 0.22166666666666668 0.64 0.03 0.023333333333333334