0 0.8783333333333333 0.16666666666666666 0.023333333333333334 0.023333333333333334
0 0.915 0.315 0.02666666666666667 0.023333333333333334
0 0.9216666666666666 0.29333333333333333 0.023333333333333334 0.023333333333333334
0 0.855 0.17666666666666667 0.02666666666666667 0.023333333333333334
0 0.8966666666666666 0.8316666666666667 0.03 0.02666666666666667
0 0.8133333333333334 0.87 0.02666666666666667 0.02666666666666667
0 0.9583333333333334 0.7083333333333334 0.02666666666666667 0.02
0 0.9783333333333334 0.695 0.023333333333333334 0.023333333333333334
0 0.9866666666666667 0.7183333333333334 0.023333333333333334 0.023333333333333334
0 0.9383333333333334 0.7216666666666667 0.02666666666666667 0.02
0 0.9766666666666667 0.7666666666666667 0.02666666666666667 0.02666666666666667
0 0.34 0.01 0.02666666666666667 0.02
0 0.69 0.305 0.02666666666666667 0.025