0 0.6883333333333334 0.6333333333333333 0.025 0.025
0 0.6966666666666667 0.7516666666666667 0.02 0.018333333333333333
0 0.885 0.975 0.025 0.02666666666666667
0 0.6383333333333333 0.8883333333333333 0.02666666666666667 0.03
0 0.59 0.9833333333333333 0.02666666666666667 0.03
0 0.62 0.9466666666666667 0.02666666666666667 0.03
0 0.5733333333333334 0.9133333333333333 0.02666666666666667 0.02666666666666667
0 0.805 0.43166666666666664 0.02666666666666667 0.03
0 0.8266666666666667 0.21166666666666667 0.02666666666666667 0.02666666666666667
0 0.8583333333333333 0.325 0.03 0.02666666666666667
0 0.9 0.33666666666666667 0.02666666666666667 0.023333333333333334
0 0.63 0.25333333333333335 0.023333333333333334 0.02666666666666667
0 0.9433333333333334 0.37833333333333335 0.03 0.02666666666666667
0 0.2833333333333333 0.16666666666666666 0.023333333333333334 0.02666666666666667
0 0.335 0.16166666666666665 0.02666666666666667 0.02666666666666667
0 0.31166666666666665 0.18333333333333332 0.02666666666666667 0.03
0 0.27666666666666667 0.12833333333333333 0.023333333333333334 0.02666666666666667
0 0.23166666666666666 0.11333333333333333 0.03 0.02666666666666667
0 0.2816666666666667 0.21 0.02666666666666667 0.02666666666666667
0 0.38333333333333336 0.19333333333333333 0.02666666666666667 0.02666666666666667
0 0.40166666666666667 0.19666666666666666 0.03 0.023333333333333334
0 0.2 0.021666666666666667 0.02666666666666667 0.023333333333333334
0 0.35333333333333333 0.008333333333333333 0.03 0.016666666666666666