0 0.11166666666666666 0.8033333333333333 0.02666666666666667 0.02666666666666667
0 0.3466666666666667 0.975 0.023333333333333334 0.03
0 0.37833333333333335 0.9883333333333333 0.025 0.023333333333333334
0 0.36833333333333335 0.9683333333333334 0.02 0.021666666666666667
0 0.5183333333333333 0.8733333333333333 0.028333333333333332 0.028333333333333332
0 0.47333333333333333 0.9833333333333333 0.028333333333333332 0.02666666666666667
0 0.6483333333333333 0.7883333333333333 0.02666666666666667 0.03
0 0.6216666666666667 0.76 0.02666666666666667 0.02666666666666667
0 0.575 0.9133333333333333 0.03 0.03
0 0.7666666666666667 0.52 0.03333333333333333 0.03333333333333333
0 0.7283333333333334 0.515 0.028333333333333332 0.025
0 0.02666666666666667 0.9583333333333334 0.03333333333333333 0.03
0 0.51 0.8166666666666667 0.02666666666666667 0.03