0 0.19 0.6716666666666666 0.023333333333333334 0.02
0 0.17166666666666666 0.6833333333333333 0.02666666666666667 0.023333333333333334
0 0.2783333333333333 0.54 0.02 0.023333333333333334
0 0.3516666666666667 0.945 0.025 0.02666666666666667
0 0.32666666666666666 0.9566666666666667 0.023333333333333334 0.025
0 0.415 0.965 0.025 0.025
0 0.32666666666666666 0.6016666666666667 0.02666666666666667 0.02
0 0.16166666666666665 0.8916666666666667 0.023333333333333334 0.03
0 0.09333333333333334 0.9116666666666666 0.023333333333333334 0.023333333333333334
0 0.008333333333333333 0.77 0.016666666666666666 0.03
0 0.20333333333333334 0.6983333333333334 0.023333333333333334 0.023333333333333334
0 0.20166666666666666 0.36833333333333335 0.02 0.03
0 0.445 0.32166666666666666 0.02666666666666667 0.02666666666666667
0 0.08666666666666667 0.16 0.03 0.023333333333333334
0 0.051666666666666666 0.14666666666666667 0.02 0.02
0 0.07666666666666666 0.18333333333333332 0.02666666666666667 0.02666666666666667
0 0.9783333333333334 0.925 0.03333333333333333 0.03333333333333333
0 0.9766666666666667 0.6566666666666666 0.023333333333333334 0.03
0 0.805 0.34833333333333333 0.023333333333333334 0.023333333333333334
0 0.8033333333333333 0.28833333333333333 0.023333333333333334 0.023333333333333334
0 0.855 0.35 0.03 0.02
0 0.9033333333333333 0.37 0.02666666666666667 0.02
0 0.905 0.3466666666666667 0.02666666666666667 0.02
0 0.9483333333333334 0.4483333333333333 0.023333333333333334 0.02666666666666667
0 0.7983333333333333 0.47 0.023333333333333334 0.023333333333333334
0 0.7783333333333333 0.21 0.02666666666666667 0.02666666666666667
0 0.79 0.24666666666666667 0.02666666666666667 0.023333333333333334
0 0.6883333333333334 0.24833333333333332 0.023333333333333334 0.02666666666666667
0 0.7166666666666667 0.27 0.023333333333333334 0.02
0 0.7433333333333333 0.34833333333333333 0.023333333333333334 0.03
0 0.7566666666666667 0.36833333333333335 0.02666666666666667 0.03
0 0.9016666666666666 0.3283333333333333 0.02666666666666667 0.03
0 0.6216666666666667 0.32166666666666666 0.02666666666666667 0.023333333333333334
0 0.7733333333333333 0.31833333333333336 0.02666666666666667 0.02666666666666667
0 0.63 0.021666666666666667 0.02666666666666667 0.023333333333333334
0 0.9333333333333333 0.47833333333333333 0.025 0.025
0 0.3333333333333333 0.535 0.023333333333333334 0.023333333333333334
0 0.37833333333333335 0.9666666666666667 0.023333333333333334 0.025
0 0.39166666666666666 0.93 0.03166666666666667 0.028333333333333332
0 0.7333333333333333 0.4166666666666667 0.02666666666666667 0.03
0 0.4583333333333333 0.165 0.03333333333333333 0.03333333333333333
0 0.49 0.14333333333333334 0.021666666666666667 0.021666666666666667
0 0.05333333333333334 0.06833333333333333 0.04 0.03
0 0.05 0.125 0.023333333333333334 0.025
0 0.22833333333333333 0.6866666666666666 0.02666666666666667 0.028333333333333332