0 0.6766666666666666 0.6716666666666666 0.023333333333333334 0.023333333333333334
0 0.785 0.57 0.02666666666666667 0.02666666666666667
0 0.8833333333333333 0.6483333333333333 0.03 0.03
0 0.245 0.9133333333333333 0.03 0.02
0 0.265 0.9083333333333333 0.02 0.02666666666666667
0 0.085 0.98 0.03 0.03166666666666667
0 0.165 0.9 0.02 0.02
0 0.4033333333333333 0.9333333333333333 0.03 0.02666666666666667
0 0.2783333333333333 0.93 0.023333333333333334 0.02666666666666667
0 0.22833333333333333 0.6366666666666667 0.03 0.025
0 0.425 0.57 0.03 0.023333333333333334
0 0.10666666666666667 0.5666666666666667 0.023333333333333334 0.016666666666666666
0 0.45 0.7366666666666667 0.023333333333333334 0.023333333333333334
0 0.49666666666666665 0.855 0.023333333333333334 0.023333333333333334
0 0.36666666666666664 0.6416666666666667 0.02666666666666667 0.02666666666666667
0 0.18833333333333332 0.625 0.03 0.03
0 0.23 0.56 0.03 0.02666666666666667
0 0.21666666666666667 0.5483333333333333 0.03 0.02666666666666667
0 0.49666666666666665 0.5966666666666667 0.03 0.03
0 0.10833333333333334 0.5416666666666666 0.02666666666666667 0.023333333333333334
0 0.06833333333333333 0.3466666666666667 0.025 0.03333333333333333
0 0.39 0.375 0.023333333333333334 0.02666666666666667
0 0.8066666666666666 0.43333333333333335 0.02 0.02666666666666667
0 0.8383333333333334 0.44666666666666666 0.023333333333333334 0.023333333333333334
0 0.905 0.45166666666666666 0.02 0.023333333333333334
0 0.9266666666666666 0.4166666666666667 0.02666666666666667 0.025
0 0.88 0.4483333333333333 0.025 0.02666666666666667
0 0.5166666666666667 0.39666666666666667 0.02666666666666667 0.02666666666666667
0 0.9783333333333334 0.4116666666666667 0.023333333333333334 0.023333333333333334
0 0.018333333333333333 0.9733333333333334 0.02 0.02666666666666667
0 0.5716666666666667 0.4666666666666667 0.025 0.02666666666666667
0 0.325 0.825 0.02666666666666667 0.02666666666666667
0 0.4583333333333333 0.7166666666666667 0.02666666666666667 0.025