0 0.04666666666666667 0.8516666666666667 0.023333333333333334 0.023333333333333334
0 0.06666666666666667 0.795 0.023333333333333334 0.02666666666666667
0 0.14666666666666667 0.5766666666666667 0.023333333333333334 0.02
0 0.056666666666666664 0.73 0.02666666666666667 0.023333333333333334
0 0.08 0.7 0.03 0.023333333333333334
0 0.22833333333333333 0.8016666666666666 0.03 0.023333333333333334
0 0.24666666666666667 0.7583333333333333 0.023333333333333334 0.02
0 0.295 0.705 0.03 0.02666666666666667
0 0.03666666666666667 0.8216666666666667 0.023333333333333334 0.02666666666666667
0 0.06833333333333333 0.545 0.02666666666666667 0.02666666666666667
0 0.4483333333333333 0.6816666666666666 0.02666666666666667 0.02666666666666667
0 0.14166666666666666 0.5483333333333333 0.023333333333333334 0.023333333333333334
0 0.3333333333333333 0.9833333333333333 0.023333333333333334 0.023333333333333334
0 0.22666666666666666 0.8283333333333334 0.023333333333333334 0.023333333333333334
0 0.30666666666666664 0.9583333333333334 0.023333333333333334 0.023333333333333334
0 0.11 0.6866666666666666 0.02 0.02
0 0.38333333333333336 0.5733333333333334 0.02 0.02
0 0.04833333333333333 0.6883333333333334 0.023333333333333334 0.023333333333333334
0 0.12 0.6583333333333333 0.021666666666666667 0.021666666666666667
0 0.4216666666666667 0.04666666666666667 0.023333333333333334 0.023333333333333334
0 0.705 0.115 0.023333333333333334 0.023333333333333334
0 0.6383333333333333 0.205 0.03333333333333333 0.03
0 0.6933333333333334 0.17833333333333334 0.02666666666666667 0.02
0 0.5783333333333334 0.26666666666666666 0.02666666666666667 0.023333333333333334
0 0.8066666666666666 0.4033333333333333 0.03 0.023333333333333334
0 0.7616666666666667 0.415 0.03 0.02666666666666667
0 0.6916666666666667 0.24 0.028333333333333332 0.02666666666666667
0 0.6433333333333333 0.2733333333333333 0.02666666666666667 0.028333333333333332
0 0.6866666666666666 0.2783333333333333 0.023333333333333334 0.025
0 0.25666666666666665 0.47333333333333333 0.02 0.02666666666666667
0 0.8483333333333334 0.235 0.023333333333333334 0.023333333333333334
0 0.7483333333333333 0.17833333333333334 0.02666666666666667 0.02666666666666667
0 0.7666666666666667 0.21666666666666667 0.03333333333333333 0.03
0 0.7916666666666666 0.24166666666666667 0.02666666666666667 0.02666666666666667
0 0.40166666666666667 0.43666666666666665 0.023333333333333334 0.023333333333333334
0 0.41333333333333333 0.09166666666666666 0.02666666666666667 0.023333333333333334
0 0.7383333333333333 0.26166666666666666 0.02666666666666667 0.02666666666666667
0 0.8716666666666667 0.39166666666666666 0.02666666666666667 0.02666666666666667
0 0.3883333333333333 0.125 0.023333333333333334 0.023333333333333334
0 0.8316666666666667 0.45166666666666666 0.023333333333333334 0.023333333333333334
0 0.8433333333333334 0.3383333333333333 0.02666666666666667 0.02666666666666667
0 0.44666666666666666 0.008333333333333333 0.03 0.016666666666666666
0 0.885 0.44333333333333336 0.02666666666666667 0.02666666666666667
0 0.7083333333333334 0.15333333333333332 0.02666666666666667 0.02666666666666667
0 0.7633333333333333 0.44666666666666666 0.02666666666666667 0.02666666666666667
0 0.8833333333333333 0.4266666666666667 0.02666666666666667 0.03
0 0.8016666666666666 0.31833333333333336 0.023333333333333334 0.023333333333333334
0 0.7383333333333333 0.155 0.03 0.03
0 0.4116666666666667 0.14 0.02666666666666667 0.023333333333333334
0 0.7083333333333334 0.675 0.02666666666666667 0.02
0 0.7033333333333334 0.6366666666666667 0.023333333333333334 0.02
0 0.7233333333333334 0.6383333333333333 0.02666666666666667 0.02
0 0.6183333333333333 0.6683333333333333 0.03 0.023333333333333334
0 0.6433333333333333 0.6533333333333333 0.02666666666666667 0.02
0 0.805 0.6333333333333333 0.03 0.023333333333333334
0 0.8583333333333333 0.6616666666666666 0.023333333333333334 0.023333333333333334
0 0.7733333333333333 0.7766666666666666 0.02666666666666667 0.02
0 0.815 0.8116666666666666 0.02 0.023333333333333334
0 0.7166666666666667 0.8483333333333334 0.03 0.023333333333333334
0 0.7866666666666666 0.8483333333333334 0.02 0.023333333333333334
0 0.7533333333333333 0.8833333333333333 0.02666666666666667 0.023333333333333334
0 0.78 0.885 0.02666666666666667 0.02
0 0.795 0.9016666666666666 0.023333333333333334 0.02666666666666667
0 0.7216666666666667 0.9333333333333333 0.02 0.02
0 0.72 0.97 0.03 0.02
0 0.5366666666666666 0.9666666666666667 0.023333333333333334 0.02
0 0.5116666666666667 0.9 0.02 0.023333333333333334
0 0.7366666666666667 0.7333333333333333 0.023333333333333334 0.023333333333333334
0 0.8116666666666666 0.9683333333333334 0.02666666666666667 0.023333333333333334
0 0.9066666666666666 0.675 0.02666666666666667 0.023333333333333334
0 0.82 0.6133333333333333 0.02666666666666667 0.023333333333333334
0 0.5966666666666667 0.9716666666666667 0.023333333333333334 0.023333333333333334
0 0.8783333333333333 0.9133333333333333 0.02666666666666667 0.023333333333333334
0 0.7516666666666667 0.8216666666666667 0.023333333333333334 0.023333333333333334
0 0.7566666666666667 0.5216666666666666 0.02666666666666667 0.02666666666666667
0 0.8733333333333333 0.9366666666666666 0.023333333333333334 0.023333333333333334
0 0.8583333333333333 0.8133333333333334 0.023333333333333334 0.023333333333333334
0 0.5333333333333333 0.9366666666666666 0.02 0.02
0 0.5116666666666667 0.9833333333333333 0.023333333333333334 0.023333333333333334
0 0.7316666666666667 0.5016666666666667 0.02666666666666667 0.02666666666666667
0 0.8083333333333333 0.4816666666666667 0.03 0.02666666666666667