0 0.7883333333333333 0.8183333333333334 0.03 0.03166666666666667
0 0.8533333333333334 0.8883333333333333 0.02 0.02
0 0.9783333333333334 0.9533333333333334 0.023333333333333334 0.02666666666666667
0 0.9316666666666666 0.6216666666666667 0.018333333333333333 0.02666666666666667
0 0.9533333333333334 0.6283333333333333 0.02 0.02
0 0.93 0.755 0.02666666666666667 0.023333333333333334
0 0.6433333333333333 0.7683333333333333 0.023333333333333334 0.023333333333333334
0 0.6 0.6233333333333333 0.023333333333333334 0.023333333333333334
0 0.735 0.4116666666666667 0.028333333333333332 0.02666666666666667
0 0.84 0.7766666666666666 0.02 0.02
0 0.8066666666666666 0.8516666666666667 0.023333333333333334 0.023333333333333334
0 0.7833333333333333 0.2833333333333333 0.02 0.023333333333333334
0 0.81 0.10833333333333334 0.02 0.023333333333333334
0 0.925 0.23666666666666666 0.023333333333333334 0.023333333333333334
0 0.6483333333333333 0.31666666666666665 0.023333333333333334 0.02666666666666667
0 0.805 0.77 0.023333333333333334 0.023333333333333334
0 0.7383333333333333 0.24333333333333335 0.023333333333333334 0.023333333333333334
0 0.585 0.13166666666666665 0.023333333333333334 0.028333333333333332
0 0.5916666666666667 0.21833333333333332 0.023333333333333334 0.023333333333333334
0 0.30666666666666664 0.325 0.02 0.02666666666666667
0 0.20166666666666666 0.2816666666666667 0.023333333333333334 0.023333333333333334
0 0.175 0.345 0.023333333333333334 0.02666666666666667
0 0.26 0.49333333333333335 0.02666666666666667 0.02
0 0.285 0.5116666666666667 0.023333333333333334 0.02
0 0.35333333333333333 0.08 0.02666666666666667 0.023333333333333334
0 0.3433333333333333 0.38166666666666665 0.023333333333333334 0.023333333333333334
0 0.45166666666666666 0.5633333333333334 0.023333333333333334 0.03
0 0.02 0.22166666666666668 0.025 0.02666666666666667
0 0.4483333333333333 0.2866666666666667 0.02 0.02
0 0.4866666666666667 0.13166666666666665 0.03 0.03
0 0.27 0.165 0.02666666666666667 0.02666666666666667
0 0.3433333333333333 0.655 0.023333333333333334 0.023333333333333334
0 0.48333333333333334 0.035 0.02666666666666667 0.02666666666666667
0 0.30833333333333335 0.3566666666666667 0.02666666666666667 0.023333333333333334
0 0.43666666666666665 0.008333333333333333 0.023333333333333334 0.016666666666666666
0 0.45 0.525 0.02 0.023333333333333334
0 0.016666666666666666 0.7916666666666666 0.02 0.023333333333333334
0 0.09166666666666666 0.45166666666666666 0.02 0.023333333333333334
0 0.09333333333333334 0.43 0.02 0.02