0 0.075 0.305 0.03333333333333333 0.03
0 0.06166666666666667 0.26666666666666666 0.03 0.02666666666666667
0 0.07166666666666667 0.22166666666666668 0.02666666666666667 0.03
0 0.215 0.245 0.03 0.03
0 0.16166666666666665 0.18666666666666668 0.03 0.023333333333333334
0 0.135 0.13666666666666666 0.023333333333333334 0.02
0 0.135 0.15333333333333332 0.02666666666666667 0.02
0 0.145 0.11333333333333333 0.03 0.03
0 0.3016666666666667 0.37333333333333335 0.03 0.02
0 0.33 0.615 0.03333333333333333 0.03
0 0.37666666666666665 0.6716666666666666 0.02666666666666667 0.02666666666666667
0 0.37333333333333335 0.5783333333333334 0.028333333333333332 0.028333333333333332
0 0.35333333333333333 0.4083333333333333 0.03 0.03
0 0.4483333333333333 0.3016666666666667 0.02666666666666667 0.02666666666666667
0 0.4166666666666667 0.36333333333333334 0.03 0.03
0 0.57 0.09666666666666666 0.03333333333333333 0.03
0 0.675 0.18 0.023333333333333334 0.03
0 0.6133333333333333 0.9516666666666667 0.03666666666666667 0.02666666666666667
0 0.9133333333333333 0.9716666666666667 0.03 0.03
0 0.19333333333333333 0.76 0.02666666666666667 0.03166666666666667
0 0.015 0.09833333333333333 0.02666666666666667 0.03166666666666667