0 0.2816666666666667 0.44 0.02666666666666667 0.02666666666666667
0 0.06333333333333334 0.44166666666666665 0.023333333333333334 0.023333333333333334
0 0.06666666666666667 0.41333333333333333 0.023333333333333334 0.02666666666666667
0 0.11 0.37 0.02666666666666667 0.028333333333333332
0 0.35 0.48333333333333334 0.023333333333333334 0.023333333333333334
0 0.92 0.49166666666666664 0.03 0.02666666666666667
0 0.355 0.615 0.02666666666666667 0.023333333333333334
0 0.35833333333333334 0.6333333333333333 0.02666666666666667 0.02
0 0.39166666666666666 0.6433333333333333 0.023333333333333334 0.02
0 0.26666666666666666 0.685 0.023333333333333334 0.02
0 0.2 0.455 0.02666666666666667 0.023333333333333334
0 0.17 0.445 0.02666666666666667 0.02666666666666667
0 0.14333333333333334 0.42333333333333334 0.023333333333333334 0.03
0 0.14333333333333334 0.3283333333333333 0.02 0.023333333333333334
0 0.10666666666666667 0.32166666666666666 0.02666666666666667 0.023333333333333334
0 0.835 0.42333333333333334 0.03 0.023333333333333334
0 0.24833333333333332 0.6266666666666667 0.023333333333333334 0.02666666666666667
0 0.16333333333333333 0.7816666666666666 0.023333333333333334 0.02
0 0.09166666666666666 0.5566666666666666 0.03 0.03
0 0.4683333333333333 0.49666666666666665 0.023333333333333334 0.02
0 0.43666666666666665 0.5133333333333333 0.02 0.02
0 0.4116666666666667 0.49333333333333335 0.02 0.02
0 0.42 0.4166666666666667 0.02 0.02
0 0.6483333333333333 0.22166666666666668 0.02 0.02
0 0.26166666666666666 0.5933333333333334 0.03 0.03
0 0.31166666666666665 0.5083333333333333 0.02 0.02
0 0.19 0.7816666666666666 0.021666666666666667 0.02
0 0.12666666666666668 0.8266666666666667 0.02666666666666667 0.02
0 0.08166666666666667 0.43333333333333335 0.02 0.02666666666666667
0 0.013333333333333334 0.3516666666666667 0.02 0.03
0 0.11666666666666667 0.2966666666666667 0.023333333333333334 0.02
0 0.87 0.42333333333333334 0.025 0.02666666666666667
0 0.37333333333333335 0.59 0.02666666666666667 0.02666666666666667
0 0.975 0.385 0.023333333333333334 0.023333333333333334
0 0.3516666666666667 0.6666666666666666 0.02666666666666667 0.023333333333333334
0 0.29 0.6766666666666666 0.023333333333333334 0.023333333333333334
0 0.31333333333333335 0.49333333333333335 0.02 0.02
0 0.5483333333333333 0.855 0.02666666666666667 0.03
0 0.29333333333333333 0.39166666666666666 0.023333333333333334 0.023333333333333334
0 0.47 0.43833333333333335 0.023333333333333334 0.023333333333333334
0 0.4033333333333333 0.4216666666666667 0.02 0.02
0 0.02 0.38333333333333336 0.023333333333333334 0.023333333333333334
0 0.015 0.48833333333333334 0.023333333333333334 0.02666666666666667
0 0.051666666666666666 0.5466666666666666 0.02 0.02666666666666667
0 0.145 0.5633333333333334 0.023333333333333334 0.023333333333333334
0 0.16666666666666666 0.8433333333333334 0.023333333333333334 0.02666666666666667
0 0.15333333333333332 0.3016666666666667 0.023333333333333334 0.02
0 0.03333333333333333 0.33666666666666667 0.023333333333333334 0.016666666666666666
0 0.03833333333333333 0.36333333333333334 0.023333333333333334 0.023333333333333334
0 0.25666666666666665 0.5633333333333334 0.02666666666666667 0.02666666666666667
0 0.43666666666666665 0.54 0.023333333333333334 0.02
0 0.43 0.47 0.02 0.02
0 0.36666666666666664 0.44166666666666665 0.02 0.016666666666666666
0 0.36 0.7883333333333333 0.016666666666666666 0.02
0 0.5 0.855 0.028333333333333332 0.023333333333333334
0 0.385 0.8066666666666666 0.023333333333333334 0.023333333333333334
0 0.27666666666666667 0.695 0.02666666666666667 0.02