0 0.4116666666666667 0.5733333333333334 0.023333333333333334 0.023333333333333334
0 0.43166666666666664 0.5966666666666667 0.02 0.023333333333333334
0 0.4066666666666667 0.9366666666666666 0.02 0.02
0 0.33666666666666667 0.9566666666666667 0.02666666666666667 0.023333333333333334
0 0.4483333333333333 0.8416666666666667 0.02 0.023333333333333334
0 0.435 0.77 0.03 0.023333333333333334
0 0.415 0.555 0.023333333333333334 0.023333333333333334
0 0.7616666666666667 0.9183333333333333 0.023333333333333334 0.02
0 0.8716666666666667 0.61 0.023333333333333334 0.023333333333333334
0 0.7283333333333334 0.5533333333333333 0.02666666666666667 0.023333333333333334
0 0.7116666666666667 0.5366666666666666 0.02 0.023333333333333334
0 0.9166666666666666 0.5316666666666666 0.02 0.02
0 0.5716666666666667 0.6666666666666666 0.025 0.025
0 0.5416666666666666 0.6533333333333333 0.02 0.023333333333333334
0 0.7383333333333333 0.5283333333333333 0.02666666666666667 0.02
0 0.8383333333333334 0.5233333333333333 0.02 0.023333333333333334
0 0.9066666666666666 0.5833333333333334 0.023333333333333334 0.02
0 0.63 0.335 0.02666666666666667 0.02666666666666667
0 0.7966666666666666 0.44666666666666666 0.03 0.03
0 0.9316666666666666 0.3983333333333333 0.03166666666666667 0.021666666666666667
0 0.8116666666666666 0.23333333333333334 0.028333333333333332 0.025
0 0.635 0.455 0.023333333333333334 0.02
0 0.71 0.37666666666666665 0.023333333333333334 0.023333333333333334
0 0.6116666666666667 0.25666666666666665 0.02 0.02
0 0.9133333333333333 0.16166666666666665 0.023333333333333334 0.02
0 0.9233333333333333 0.19166666666666668 0.02666666666666667 0.02
0 0.6633333333333333 0.325 0.02666666666666667 0.02666666666666667
0 0.5533333333333333 0.275 0.02 0.023333333333333334
0 0.7633333333333333 0.36 0.02666666666666667 0.02666666666666667
0 0.5916666666666667 0.27666666666666667 0.02666666666666667 0.02
0 0.8283333333333334 0.44166666666666665 0.023333333333333334 0.023333333333333334
0 0.6366666666666667 0.26166666666666666 0.02 0.02
0 0.88 0.4816666666666667 0.02666666666666667 0.023333333333333334
0 0.535 0.31 0.023333333333333334 0.023333333333333334
0 0.7416666666666667 0.5033333333333333 0.03 0.02
0 0.45666666666666667 0.3383333333333333 0.02 0.02
0 0.47 0.35833333333333334 0.02 0.021666666666666667
0 0.28833333333333333 0.32666666666666666 0.02 0.023333333333333334
0 0.25166666666666665 0.36333333333333334 0.02 0.03
0 0.21166666666666667 0.4083333333333333 0.028333333333333332 0.025
0 0.06333333333333334 0.38333333333333336 0.023333333333333334 0.023333333333333334
0 0.31833333333333336 0.31166666666666665 0.02 0.02666666666666667
0 0.3416666666666667 0.30833333333333335 0.023333333333333334 0.03
0 0.45666666666666667 0.2633333333333333 0.02 0.02
0 0.235 0.36666666666666664 0.02 0.02
0 0.25166666666666665 0.315 0.02666666666666667 0.023333333333333334
0 0.305 0.345 0.02666666666666667 0.02
0 0.44166666666666665 0.2916666666666667 0.023333333333333334 0.02666666666666667
0 0.32166666666666666 0.23666666666666666 0.021666666666666667 0.023333333333333334
0 0.16 0.125 0.02 0.023333333333333334
0 0.37333333333333335 0.315 0.023333333333333334 0.02666666666666667
0 0.24666666666666667 0.18833333333333332 0.02 0.023333333333333334
0 0.495 0.20333333333333334 0.016666666666666666 0.02666666666666667
0 0.5016666666666667 0.18333333333333332 0.02 0.02666666666666667
0 0.5 0.16166666666666665 0.02 0.02666666666666667
0 0.3933333333333333 0.32666666666666666 0.023333333333333334 0.023333333333333334
0 0.5016666666666667 0.26166666666666666 0.02 0.02666666666666667
0 0.22333333333333333 0.2916666666666667 0.023333333333333334 0.023333333333333334
0 0.5366666666666666 0.35333333333333333 0.03 0.02666666666666667
0 0.4683333333333333 0.515 0.02666666666666667 0.025
0 0.30333333333333334 0.7633333333333333 0.02666666666666667 0.03333333333333333
0 0.545 0.4083333333333333 0.021666666666666667 0.023333333333333334
0 0.875 0.2866666666666667 0.023333333333333334 0.025
0 0.825 0.2916666666666667 0.025 0.02
0 0.8433333333333334 0.4766666666666667 0.02 0.021666666666666667
0 0.965 0.14833333333333334 0.021666666666666667 0.021666666666666667