0 0.9483333333333334 0.4166666666666667 0.023333333333333334 0.02
0 0.6283333333333333 0.15666666666666668 0.02666666666666667 0.02
0 0.08166666666666667 0.08833333333333333 0.02 0.02666666666666667
0 0.06166666666666667 0.16333333333333333 0.02666666666666667 0.021666666666666667
0 0.14166666666666666 0.175 0.02666666666666667 0.02666666666666667
0 0.035 0.25 0.02666666666666667 0.03
0 0.12 0.25833333333333336 0.03 0.02666666666666667
0 0.09666666666666666 0.29333333333333333 0.023333333333333334 0.02666666666666667
0 0.42833333333333334 0.34 0.02666666666666667 0.02666666666666667
0 0.3016666666666667 0.5866666666666667 0.02666666666666667 0.02666666666666667
0 0.28 0.6783333333333333 0.02 0.023333333333333334
0 0.2866666666666667 0.6983333333333334 0.02666666666666667 0.02
0 0.355 0.7933333333333333 0.03 0.02666666666666667
0 0.445 0.895 0.02666666666666667 0.023333333333333334
0 0.435 0.935 0.03 0.02666666666666667
0 0.36 0.9733333333333334 0.02666666666666667 0.02
0 0.31 0.5416666666666666 0.023333333333333334 0.023333333333333334
0 0.43 0.7566666666666667 0.02666666666666667 0.03
0 0.20166666666666666 0.6516666666666666 0.023333333333333334 0.023333333333333334
0 0.24 0.6533333333333333 0.023333333333333334 0.023333333333333334
0 0.25833333333333336 0.6783333333333333 0.02666666666666667 0.023333333333333334
0 0.3333333333333333 0.5216666666666666 0.023333333333333334 0.023333333333333334
0 0.39166666666666666 0.69 0.025 0.028333333333333332
0 0.385 0.7566666666666667 0.023333333333333334 0.02
0 0.9166666666666666 0.64 0.02666666666666667 0.023333333333333334
0 0.8633333333333333 0.7066666666666667 0.02666666666666667 0.02666666666666667
0 0.8866666666666667 0.8316666666666667 0.023333333333333334 0.023333333333333334
0 0.8683333333333333 0.8483333333333334 0.02666666666666667 0.023333333333333334
0 0.92 0.8483333333333334 0.02 0.02666666666666667
0 0.9333333333333333 0.8166666666666667 0.02 0.023333333333333334
0 0.01 0.12666666666666668 0.016666666666666666 0.02666666666666667
0 0.155 0.01 0.023333333333333334 0.02
0 0.03833333333333333 0.011666666666666667 0.02666666666666667 0.023333333333333334
0 0.23166666666666666 0.6233333333333333 0.02666666666666667 0.025
0 0.6783333333333333 0.9516666666666667 0.028333333333333332 0.03