0 0.365 0.06 0.023333333333333334 0.02666666666666667
0 0.43333333333333335 0.26166666666666666 0.03 0.03
0 0.46166666666666667 0.2866666666666667 0.02666666666666667 0.02666666666666667
0 0.31166666666666665 0.5433333333333333 0.02666666666666667 0.02666666666666667
0 0.7466666666666667 0.7133333333333334 0.03 0.03
0 0.9516666666666667 0.755 0.023333333333333334 0.023333333333333334
0 0.585 0.8566666666666667 0.02666666666666667 0.03
0 0.5966666666666667 0.8366666666666667 0.03 0.02666666666666667
0 0.78 0.78 0.02666666666666667 0.03166666666666667
0 0.9583333333333334 0.6366666666666667 0.023333333333333334 0.023333333333333334
0 0.5133333333333333 0.29333333333333333 0.02 0.02
0 0.5066666666666667 0.31 0.02666666666666667 0.03
0 0.8716666666666667 0.37166666666666665 0.03 0.02666666666666667
0 0.97 0.2733333333333333 0.023333333333333334 0.023333333333333334
0 0.59 0.335 0.03 0.02666666666666667
0 0.2733333333333333 0.3566666666666667 0.028333333333333332 0.025
0 0.8933333333333333 0.6683333333333333 0.03166666666666667 0.025