0 0.355 0.20166666666666666 0.02 0.02666666666666667
0 0.27666666666666667 0.23333333333333334 0.023333333333333334 0.02
0 0.2 0.23 0.023333333333333334 0.023333333333333334
0 0.43 0.155 0.02666666666666667 0.025
0 0.29 0.12666666666666668 0.02 0.02666666666666667
0 0.11833333333333333 0.23666666666666666 0.02666666666666667 0.02666666666666667
0 0.37166666666666665 0.26666666666666666 0.023333333333333334 0.023333333333333334
0 0.4 0.365 0.02666666666666667 0.02666666666666667
0 0.11333333333333333 0.6766666666666666 0.03 0.023333333333333334
0 0.043333333333333335 0.6233333333333333 0.03 0.02666666666666667
0 0.5283333333333333 0.5433333333333333 0.023333333333333334 0.023333333333333334
0 0.8983333333333333 0.5816666666666667 0.02666666666666667 0.03333333333333333
0 0.6183333333333333 0.51 0.02666666666666667 0.02666666666666667
0 0.705 0.17666666666666667 0.023333333333333334 0.023333333333333334
0 0.6233333333333333 0.11666666666666667 0.023333333333333334 0.023333333333333334
0 0.6883333333333334 0.013333333333333334 0.02 0.02666666666666667
0 0.72 0.43166666666666664 0.02 0.02
0 0.7633333333333333 0.15166666666666667 0.02666666666666667 0.03
0 0.8733333333333333 0.40166666666666667 0.023333333333333334 0.02
0 0.745 0.018333333333333333 0.02 0.02666666666666667
0 0.8166666666666667 0.43333333333333335 0.023333333333333334 0.02
0 0.795 0.43166666666666664 0.02 0.03
0 0.8833333333333333 0.13166666666666665 0.03 0.03
0 0.6516666666666666 0.47333333333333333 0.025 0.025
0 0.7666666666666667 0.023333333333333334 0.023333333333333334 0.02666666666666667
0 0.5983333333333334 0.09666666666666666 0.023333333333333334 0.023333333333333334
0 0.6516666666666666 0.2866666666666667 0.028333333333333332 0.02666666666666667
0 0.021666666666666667 0.6483333333333333 0.03166666666666667 0.02666666666666667
0 0.855 0.5833333333333334 0.028333333333333332 0.03
0 0.7216666666666667 0.5266666666666666 0.028333333333333332 0.03