0 0.26166666666666666 0.6216666666666667 0.02666666666666667 0.02666666666666667
0 0.46 0.815 0.023333333333333334 0.02666666666666667
0 0.6583333333333333 0.905 0.03333333333333333 0.03166666666666667
0 0.845 0.55 0.023333333333333334 0.023333333333333334
0 0.7683333333333333 0.7133333333333334 0.02666666666666667 0.028333333333333332
0 0.685 0.9833333333333333 0.023333333333333334 0.03
0 0.7916666666666666 0.5866666666666667 0.03333333333333333 0.023333333333333334
0 0.9266666666666666 0.6166666666666667 0.025 0.021666666666666667
0 0.6983333333333334 0.835 0.023333333333333334 0.023333333333333334
0 0.725 0.555 0.02666666666666667 0.02
0 0.058333333333333334 0.31833333333333336 0.023333333333333334 0.023333333333333334
0 0.8383333333333334 0.021666666666666667 0.025 0.025
0 0.9483333333333334 0.25333333333333335 0.02666666666666667 0.02666666666666667
0 0.9666666666666667 0.17666666666666667 0.02666666666666667 0.023333333333333334
0 0.7166666666666667 0.43 0.02666666666666667 0.023333333333333334
0 0.8083333333333333 0.47833333333333333 0.02666666666666667 0.02666666666666667
0 0.55 0.4633333333333333 0.03 0.03
0 0.9883333333333333 0.13333333333333333 0.023333333333333334 0.02666666666666667