0 0.39166666666666666 0.265 0.03 0.03
0 0.17 0.38333333333333336 0.03166666666666667 0.03
0 0.04666666666666667 0.3883333333333333 0.03 0.023333333333333334
0 0.76 0.17333333333333334 0.03 0.023333333333333334
0 0.7766666666666666 0.11666666666666667 0.023333333333333334 0.023333333333333334
0 0.7633333333333333 0.04833333333333333 0.03333333333333333 0.03166666666666667
0 0.6716666666666666 0.45166666666666666 0.02 0.02
0 0.5716666666666667 0.08333333333333333 0.03 0.03
0 0.53 0.32166666666666666 0.03 0.02666666666666667
0 0.825 0.19666666666666666 0.023333333333333334 0.02666666666666667
0 0.7966666666666666 0.13833333333333334 0.02666666666666667 0.02666666666666667
0 0.55 0.30333333333333334 0.023333333333333334 0.023333333333333334
0 0.06333333333333334 0.7216666666666667 0.03333333333333333 0.03
0 0.45166666666666666 0.7033333333333334 0.03 0.023333333333333334
0 0.17333333333333334 0.8166666666666667 0.02 0.03
0 0.6583333333333333 0.5716666666666667 0.023333333333333334 0.02
0 0.6116666666666667 0.5383333333333333 0.03 0.023333333333333334
0 0.7133333333333334 0.5316666666666666 0.03 0.03
0 0.6016666666666667 0.57 0.02666666666666667 0.02666666666666667
0 0.7183333333333334 0.685 0.02666666666666667 0.02666666666666667
0 0.6666666666666666 0.5566666666666666 0.02666666666666667 0.02666666666666667
0 0.2816666666666667 0.01 0.03 0.02
0 0.5283333333333333 0.24 0.03166666666666667 0.03
0 0.38333333333333336 0.08 0.03 0.03
0 0.73 0.6633333333333333 0.028333333333333332 0.025
0 0.455 0.7783333333333333 0.03166666666666667 0.03833333333333333
0 0.27666666666666667 0.635 0.03166666666666667 0.03166666666666667