0 0.6933333333333334 0.22333333333333333 0.04 0.03
0 0.9733333333333334 0.475 0.03 0.028333333333333332
0 0.7916666666666666 0.1 0.021666666666666667 0.025
0 0.7 0.08 0.025 0.025
0 0.6633333333333333 0.051666666666666666 0.02666666666666667 0.02666666666666667
0 0.7033333333333334 0.045 0.028333333333333332 0.02666666666666667
0 0.7883333333333333 0.07 0.023333333333333334 0.02
0 0.6566666666666666 0.21 0.03333333333333333 0.03666666666666667
0 0.17666666666666667 0.46 0.02666666666666667 0.03
0 0.9366666666666666 0.52 0.025 0.025
0 0.7316666666666667 0.265 0.023333333333333334 0.021666666666666667
0 0.8983333333333333 0.041666666666666664 0.03 0.03666666666666667
0 0.6833333333333333 0.13333333333333333 0.03 0.03
0 0.7083333333333334 0.8466666666666667 0.03333333333333333 0.03
0 0.6816666666666666 0.8166666666666667 0.03333333333333333 0.02666666666666667
0 0.6783333333333333 0.7916666666666666 0.03 0.023333333333333334
0 0.8966666666666666 0.8466666666666667 0.028333333333333332 0.025
0 0.9683333333333334 0.8033333333333333 0.03333333333333333 0.03
0 0.6933333333333334 0.6866666666666666 0.03 0.03
0 0.69 0.5966666666666667 0.023333333333333334 0.023333333333333334
0 0.15 0.49666666666666665 0.023333333333333334 0.025
0 0.09166666666666666 0.8883333333333333 0.03 0.03
0 0.68 0.7716666666666666 0.03 0.023333333333333334
0 0.7333333333333333 0.47833333333333333 0.03 0.02666666666666667
0 0.95 0.023333333333333334 0.03 0.02666666666666667
0 0.9766666666666667 0.9116666666666666 0.023333333333333334 0.023333333333333334
0 0.9816666666666667 0.8833333333333333 0.023333333333333334 0.023333333333333334
0 0.9383333333333334 0.8616666666666667 0.023333333333333334 0.02
0 0.7733333333333333 0.03833333333333333 0.03 0.023333333333333334
0 0.475 0.08666666666666667 0.02666666666666667 0.03
0 0.8716666666666667 0.01 0.02666666666666667 0.02
0 0.855 0.023333333333333334 0.02666666666666667 0.02666666666666667
0 0.73 0.023333333333333334 0.023333333333333334 0.023333333333333334
0 0.74 0.9 0.025 0.02666666666666667
0 0.735 0.8033333333333333 0.02 0.02
0 0.73 0.78 0.023333333333333334 0.025
0 0.9383333333333334 0.91 0.02666666666666667 0.03166666666666667
0 0.5266666666666666 0.145 0.025 0.02666666666666667