0 0.645 0.7033333333333334 0.023333333333333334 0.02666666666666667
0 0.6433333333333333 0.3983333333333333 0.02666666666666667 0.02
0 0.7133333333333334 0.39666666666666667 0.03 0.03666666666666667
0 0.7416666666666667 0.415 0.02 0.02666666666666667
0 0.59 0.5983333333333334 0.02 0.02666666666666667
0 0.5316666666666666 0.7433333333333333 0.023333333333333334 0.03666666666666667
0 0.6916666666666667 0.15333333333333332 0.02666666666666667 0.03
0 0.6983333333333334 0.7366666666666667 0.023333333333333334 0.03
0 0.7033333333333334 0.22833333333333333 0.02 0.02666666666666667
0 0.8083333333333333 0.23666666666666666 0.023333333333333334 0.03
0 0.043333333333333335 0.885 0.02666666666666667 0.023333333333333334
0 0.17166666666666666 0.9616666666666667 0.02 0.023333333333333334
0 0.18833333333333332 0.94 0.03 0.03
0 0.49333333333333335 0.6183333333333333 0.02666666666666667 0.02666666666666667
0 0.06166666666666667 0.46166666666666667 0.023333333333333334 0.02666666666666667
0 0.03166666666666667 0.02666666666666667 0.023333333333333334 0.023333333333333334
0 0.35833333333333334 0.3433333333333333 0.02666666666666667 0.02666666666666667
0 0.09166666666666666 0.43333333333333335 0.023333333333333334 0.023333333333333334
0 0.008333333333333333 0.8866666666666667 0.016666666666666666 0.03
0 0.11166666666666666 0.35833333333333334 0.021666666666666667 0.02666666666666667
0 0.13 0.34 0.02666666666666667 0.03
0 0.39666666666666667 0.7683333333333333 0.025 0.028333333333333332
0 0.10166666666666667 0.7683333333333333 0.028333333333333332 0.028333333333333332
0 0.4266666666666667 0.5583333333333333 0.02666666666666667 0.025
0 0.021666666666666667 0.05 0.025 0.023333333333333334
0 0.43 0.30666666666666664 0.02666666666666667 0.03
0 0.17666666666666667 0.82 0.023333333333333334 0.02666666666666667
0 0.05 0.8366666666666667 0.023333333333333334 0.025
0 0.25666666666666665 0.8066666666666666 0.023333333333333334 0.02666666666666667