0 0.5816666666666667 0.7883333333333333 0.03 0.023333333333333334
0 0.89 0.9516666666666667 0.023333333333333334 0.02
0 0.24 0.39 0.03 0.04
0 0.3516666666666667 0.40166666666666667 0.02666666666666667 0.03
0 0.4216666666666667 0.3433333333333333 0.02666666666666667 0.023333333333333334
0 0.38166666666666665 0.26666666666666666 0.03 0.03
0 0.3933333333333333 0.20666666666666667 0.023333333333333334 0.02
0 0.38 0.185 0.02666666666666667 0.02
0 0.43833333333333335 0.10333333333333333 0.02666666666666667 0.02666666666666667
0 0.22333333333333333 0.33166666666666667 0.03 0.03
0 0.30333333333333334 0.40166666666666667 0.03 0.02666666666666667
0 0.4033333333333333 0.23666666666666666 0.02 0.02666666666666667
0 0.42 0.10833333333333334 0.02666666666666667 0.03
0 0.41333333333333333 0.02666666666666667 0.035 0.02666666666666667
0 0.40166666666666667 0.26 0.02 0.023333333333333334
0 0.42 0.235 0.023333333333333334 0.02
0 0.46166666666666667 0.12 0.02666666666666667 0.02
0 0.31833333333333336 0.38166666666666665 0.02666666666666667 0.02666666666666667
0 0.845 0.03 0.02666666666666667 0.02
0 0.295 0.605 0.028333333333333332 0.023333333333333334
0 0.2633333333333333 0.66 0.02666666666666667 0.02666666666666667
0 0.175 0.715 0.03 0.023333333333333334
0 0.175 0.8583333333333333 0.023333333333333334 0.02666666666666667
0 0.2833333333333333 0.5033333333333333 0.02666666666666667 0.023333333333333334
0 0.25 0.6083333333333333 0.02 0.02
0 0.5066666666666667 0.7216666666666667 0.02666666666666667 0.03
0 0.12333333333333334 0.6116666666666667 0.03 0.02666666666666667
0 0.31333333333333335 0.515 0.021666666666666667 0.025
0 0.19 0.67 0.025 0.023333333333333334