0 0.008333333333333333 0.765 0.016666666666666666 0.023333333333333334
0 0.14833333333333334 0.6716666666666666 0.02666666666666667 0.02
0 0.12833333333333333 0.7 0.02666666666666667 0.02666666666666667
0 0.23333333333333334 0.8083333333333333 0.03 0.03
0 0.19333333333333333 0.815 0.02666666666666667 0.02
0 0.04833333333333333 0.7766666666666666 0.03 0.03
0 0.31666666666666665 0.4116666666666667 0.023333333333333334 0.02666666666666667
0 0.165 0.6066666666666667 0.02 0.02
0 0.03833333333333333 0.7566666666666667 0.023333333333333334 0.02
0 0.41333333333333333 0.38333333333333336 0.02666666666666667 0.02666666666666667
0 0.29 0.8466666666666667 0.02666666666666667 0.023333333333333334
0 0.985 0.7116666666666667 0.023333333333333334 0.02666666666666667
0 0.7666666666666667 0.7633333333333333 0.02666666666666667 0.02666666666666667
0 0.5033333333333333 0.9783333333333334 0.025 0.025
0 0.315 0.38333333333333336 0.02666666666666667 0.02666666666666667
0 0.55 0.07166666666666667 0.02666666666666667 0.025