0 0.835 0.6016666666666667 0.03 0.02666666666666667
0 0.9283333333333333 0.5866666666666667 0.03 0.03
0 0.5966666666666667 0.8433333333333334 0.02666666666666667 0.023333333333333334
0 0.59 0.8666666666666667 0.03 0.02666666666666667
0 0.7733333333333333 0.6383333333333333 0.02666666666666667 0.03
0 0.8366666666666667 0.6266666666666667 0.02666666666666667 0.023333333333333334
0 0.8983333333333333 0.31833333333333336 0.03 0.03
0 0.7816666666666666 0.34833333333333333 0.03 0.03
0 0.7066666666666667 0.33 0.02666666666666667 0.03
0 0.705 0.29333333333333333 0.02 0.02666666666666667
0 0.7133333333333334 0.22333333333333333 0.025 0.02666666666666667
0 0.5683333333333334 0.37333333333333335 0.03 0.02666666666666667
0 0.4116666666666667 0.435 0.03333333333333333 0.03333333333333333
0 0.4 0.4633333333333333 0.02666666666666667 0.025
0 0.43333333333333335 0.455 0.02666666666666667 0.02666666666666667
0 0.7216666666666667 0.13333333333333333 0.03 0.02666666666666667
0 0.96 0.23833333333333334 0.02666666666666667 0.03
0 0.8033333333333333 0.2683333333333333 0.03 0.02666666666666667
0 0.425 0.39166666666666666 0.023333333333333334 0.023333333333333334
0 0.30833333333333335 0.5083333333333333 0.03 0.03
0 0.3283333333333333 0.49 0.02666666666666667 0.03
0 0.29333333333333333 0.4866666666666667 0.03 0.02666666666666667
0 0.3466666666666667 0.7183333333333334 0.023333333333333334 0.023333333333333334
0 0.5183333333333333 0.6683333333333333 0.028333333333333332 0.035
0 0.37333333333333335 0.7333333333333333 0.03 0.023333333333333334
0 0.22166666666666668 0.6866666666666666 0.02666666666666667 0.02666666666666667
0 0.2783333333333333 0.7183333333333334 0.03 0.02666666666666667
0 0.8033333333333333 0.2683333333333333 0.03333333333333333 0.02666666666666667
0 0.08333333333333333 0.57 0.023333333333333334 0.03
0 0.7116666666666667 0.92 0.03 0.028333333333333332
0 0.755 0.915 0.023333333333333334 0.028333333333333332