0 0.5883333333333334 0.8216666666666667 0.03 0.02666666666666667
0 0.26166666666666666 0.30666666666666664 0.023333333333333334 0.023333333333333334
0 0.07 0.29833333333333334 0.03666666666666667 0.02666666666666667
0 0.335 0.135 0.03 0.03333333333333333
0 0.16666666666666666 0.11333333333333333 0.02666666666666667 0.02666666666666667
0 0.4533333333333333 0.47333333333333333 0.023333333333333334 0.028333333333333332
0 0.065 0.39 0.02666666666666667 0.02666666666666667
0 0.11 0.38333333333333336 0.02666666666666667 0.02666666666666667
0 0.07333333333333333 0.24666666666666667 0.03 0.03
0 0.23666666666666666 0.075 0.03 0.03
0 0.30666666666666664 0.051666666666666666 0.03 0.03
0 0.01 0.16333333333333333 0.02 0.03
0 0.225 0.54 0.02666666666666667 0.03
0 0.345 0.5266666666666666 0.02666666666666667 0.023333333333333334
0 0.415 0.5883333333333334 0.02666666666666667 0.025
0 0.32166666666666666 0.6666666666666666 0.03666666666666667 0.03
0 0.39666666666666667 0.6433333333333333 0.03 0.02666666666666667
0 0.4116666666666667 0.7283333333333334 0.02666666666666667 0.02666666666666667
0 0.24666666666666667 0.6166666666666667 0.03 0.03
0 0.16333333333333333 0.8183333333333334 0.02666666666666667 0.02666666666666667
0 0.28 0.8266666666666667 0.02666666666666667 0.023333333333333334
0 0.5316666666666666 0.935 0.02666666666666667 0.023333333333333334
0 0.10166666666666667 0.11333333333333333 0.02666666666666667 0.03
0 0.4633333333333333 0.9366666666666666 0.02 0.02666666666666667