0 0.6466666666666666 0.415 0.02666666666666667 0.023333333333333334
0 0.7783333333333333 0.26166666666666666 0.03 0.02666666666666667
0 0.7133333333333334 0.4683333333333333 0.02666666666666667 0.02
0 0.76 0.24 0.02666666666666667 0.02666666666666667
0 0.5733333333333334 0.5266666666666666 0.03 0.023333333333333334
0 0.8466666666666667 0.8816666666666667 0.02666666666666667 0.023333333333333334
0 0.7466666666666667 0.9416666666666667 0.03 0.023333333333333334
0 0.7516666666666667 0.9783333333333334 0.023333333333333334 0.023333333333333334
0 0.635 0.4866666666666667 0.023333333333333334 0.02
0 0.5233333333333333 0.405 0.02666666666666667 0.023333333333333334
0 0.19666666666666666 0.1 0.02666666666666667 0.03
0 0.13 0.145 0.02 0.02
0 0.028333333333333332 0.35833333333333334 0.023333333333333334 0.023333333333333334
0 0.97 0.495 0.021666666666666667 0.02666666666666667
0 0.07166666666666667 0.28833333333333333 0.02 0.023333333333333334