0 0.9616666666666667 0.37 0.023333333333333334 0.02
0 0.9633333333333334 0.2783333333333333 0.023333333333333334 0.03
0 0.905 0.18166666666666667 0.02666666666666667 0.023333333333333334
0 0.9666666666666667 0.058333333333333334 0.03 0.02666666666666667
0 0.9616666666666667 0.7783333333333333 0.03 0.023333333333333334
0 0.9766666666666667 0.8283333333333334 0.03 0.03333333333333333
0 0.67 0.7866666666666666 0.02666666666666667 0.02666666666666667
0 0.9033333333333333 0.53 0.02666666666666667 0.023333333333333334
0 0.8633333333333333 0.5183333333333333 0.03 0.03
0 0.7583333333333333 0.97 0.023333333333333334 0.02
0 0.9466666666666667 0.93 0.023333333333333334 0.03333333333333333
0 0.9416666666666667 0.8966666666666666 0.03 0.03
0 0.9066666666666666 0.765 0.02666666666666667 0.03
0 0.9833333333333333 0.5383333333333333 0.03 0.03
0 0.15666666666666668 0.895 0.03 0.02666666666666667
0 0.45166666666666666 0.665 0.02 0.023333333333333334
0 0.41 0.8383333333333334 0.02 0.02
0 0.14666666666666667 0.6283333333333333 0.03 0.023333333333333334
0 0.4066666666666667 0.6833333333333333 0.02 0.02666666666666667
0 0.4116666666666667 0.66 0.02666666666666667 0.02666666666666667
0 0.9366666666666666 0.14 0.03166666666666667 0.035
0 0.415 0.7033333333333334 0.02666666666666667 0.025
0 0.35333333333333333 0.8233333333333334 0.023333333333333334 0.025
0 0.36 0.8616666666666667 0.02 0.021666666666666667
0 0.38666666666666666 0.84 0.023333333333333334 0.02666666666666667
0 0.925 0.03333333333333333 0.03166666666666667 0.03333333333333333