0 0.31833333333333336 0.3 0.02 0.02
0 0.25666666666666665 0.4816666666666667 0.023333333333333334 0.023333333333333334
0 0.22166666666666668 0.5433333333333333 0.02666666666666667 0.02
0 0.23833333333333334 0.6883333333333334 0.03 0.023333333333333334
0 0.043333333333333335 0.6416666666666667 0.03 0.023333333333333334
0 0.07166666666666667 0.6833333333333333 0.02 0.02
0 0.018333333333333333 0.7866666666666666 0.02 0.023333333333333334
0 0.016666666666666666 0.965 0.023333333333333334 0.023333333333333334
0 0.03333333333333333 0.83 0.023333333333333334 0.02
0 0.47 0.525 0.03 0.03
0 0.06166666666666667 0.6233333333333333 0.02666666666666667 0.02666666666666667
0 0.42 0.23666666666666666 0.023333333333333334 0.023333333333333334
0 0.33666666666666667 0.31166666666666665 0.023333333333333334 0.023333333333333334
0 0.04666666666666667 0.9116666666666666 0.023333333333333334 0.023333333333333334
0 0.27166666666666667 0.4033333333333333 0.02666666666666667 0.02666666666666667
0 0.46166666666666667 0.17 0.02666666666666667 0.02666666666666667
0 0.058333333333333334 0.8183333333333334 0.023333333333333334 0.023333333333333334
0 0.06166666666666667 0.925 0.02666666666666667 0.023333333333333334
0 0.01 0.8416666666666667 0.02 0.023333333333333334
0 0.4216666666666667 0.9183333333333333 0.03 0.02666666666666667
0 0.5433333333333333 0.765 0.023333333333333334 0.02
0 0.54 0.8683333333333333 0.02666666666666667 0.023333333333333334
0 0.8966666666666666 0.07666666666666666 0.02 0.023333333333333334
0 0.03833333333333333 0.865 0.02666666666666667 0.03333333333333333