0 0.095 0.20333333333333334 0.02666666666666667 0.023333333333333334
0 0.17 0.23833333333333334 0.023333333333333334 0.023333333333333334
0 0.885 0.8833333333333333 0.02666666666666667 0.023333333333333334
0 0.7066666666666667 0.785 0.02666666666666667 0.023333333333333334
0 0.7716666666666666 0.5616666666666666 0.02666666666666667 0.02666666666666667
0 0.7316666666666667 0.9783333333333334 0.02 0.02
0 0.7266666666666667 0.6783333333333333 0.02 0.023333333333333334
0 0.8116666666666666 0.6483333333333333 0.023333333333333334 0.02
0 0.7433333333333333 0.6883333333333334 0.023333333333333334 0.023333333333333334
0 0.8783333333333333 0.96 0.023333333333333334 0.02666666666666667
0 0.695 0.5633333333333334 0.02 0.023333333333333334
0 0.8716666666666667 0.5533333333333333 0.023333333333333334 0.02666666666666667
0 0.9616666666666667 0.06333333333333334 0.02666666666666667 0.02666666666666667
0 0.9766666666666667 0.08666666666666667 0.023333333333333334 0.02
0 0.9433333333333334 0.335 0.023333333333333334 0.023333333333333334
0 0.8783333333333333 0.96 0.023333333333333334 0.02666666666666667
0 0.44333333333333336 0.855 0.023333333333333334 0.02666666666666667
0 0.011666666666666667 0.9783333333333334 0.023333333333333334 0.023333333333333334