0 0.7166666666666667 0.5216666666666666 0.03 0.03
0 0.8 0.56 0.02666666666666667 0.03
0 0.77 0.5166666666666667 0.023333333333333334 0.02
0 0.9066666666666666 0.47333333333333333 0.023333333333333334 0.02666666666666667
0 0.9116666666666666 0.48833333333333334 0.02666666666666667 0.023333333333333334
0 0.8633333333333333 0.4766666666666667 0.023333333333333334 0.02666666666666667
0 0.8833333333333333 0.23666666666666666 0.023333333333333334 0.023333333333333334
0 0.9816666666666667 0.4533333333333333 0.023333333333333334 0.02
0 0.9633333333333334 0.27166666666666667 0.03 0.02666666666666667
0 0.8916666666666667 0.37333333333333335 0.02666666666666667 0.03
0 0.9816666666666667 0.4716666666666667 0.023333333333333334 0.02