0 0.7133333333333334 0.63 0.02666666666666667 0.02
0 0.7516666666666667 0.8033333333333333 0.02666666666666667 0.02666666666666667
0 0.5483333333333333 0.6016666666666667 0.03 0.02666666666666667
0 0.5766666666666667 0.5916666666666667 0.02666666666666667 0.023333333333333334
0 0.5616666666666666 0.7416666666666667 0.023333333333333334 0.02
0 0.5816666666666667 0.8316666666666667 0.02666666666666667 0.023333333333333334
0 0.6366666666666667 0.8266666666666667 0.023333333333333334 0.02
0 0.7216666666666667 0.9366666666666666 0.03 0.02666666666666667
0 0.7316666666666667 0.7533333333333333 0.02666666666666667 0.02666666666666667
0 0.5816666666666667 0.6383333333333333 0.02666666666666667 0.02666666666666667
0 0.6283333333333333 0.7 0.023333333333333334 0.023333333333333334
0 0.685 0.9316666666666666 0.023333333333333334 0.023333333333333334
0 0.9183333333333333 0.9866666666666667 0.03 0.023333333333333334
0 0.6266666666666667 0.8116666666666666 0.02 0.023333333333333334
0 0.7983333333333333 0.6416666666666667 0.023333333333333334 0.02666666666666667
0 0.395 0.5483333333333333 0.023333333333333334 0.023333333333333334
0 0.3516666666666667 0.9183333333333333 0.03 0.03
0 0.42 0.885 0.023333333333333334 0.023333333333333334
0 0.2683333333333333 0.5666666666666667 0.023333333333333334 0.02666666666666667
0 0.515 0.6933333333333334 0.02 0.023333333333333334
0 0.3383333333333333 0.6633333333333333 0.02666666666666667 0.023333333333333334
0 0.31666666666666665 0.7883333333333333 0.023333333333333334 0.02
0 0.2833333333333333 0.5416666666666666 0.02666666666666667 0.023333333333333334
0 0.043333333333333335 0.7633333333333333 0.03833333333333333 0.04833333333333333
0 0.3983333333333333 0.6116666666666667 0.02 0.02666666666666667
0 0.12166666666666667 0.8266666666666667 0.02666666666666667 0.02666666666666667
0 0.175 0.6333333333333333 0.02666666666666667 0.02666666666666667
0 0.14166666666666666 0.795 0.02 0.023333333333333334
0 0.155 0.7966666666666666 0.016666666666666666 0.023333333333333334
0 0.14333333333333334 0.775 0.023333333333333334 0.016666666666666666
0 0.37666666666666665 0.75 0.02666666666666667 0.023333333333333334
0 0.45 0.895 0.02666666666666667 0.02666666666666667
0 0.46166666666666667 0.8033333333333333 0.023333333333333334 0.023333333333333334
0 0.48833333333333334 0.7933333333333333 0.023333333333333334 0.023333333333333334
0 0.5066666666666667 0.8033333333333333 0.02666666666666667 0.023333333333333334
0 0.43166666666666664 0.7333333333333333 0.023333333333333334 0.02
0 0.42833333333333334 0.6883333333333334 0.023333333333333334 0.023333333333333334
0 0.465 0.6916666666666667 0.023333333333333334 0.023333333333333334
0 0.51 0.8566666666666667 0.02666666666666667 0.023333333333333334
0 0.45666666666666667 0.8266666666666667 0.023333333333333334 0.02666666666666667
0 0.4033333333333333 0.76 0.023333333333333334 0.023333333333333334
0 0.30666666666666664 0.7333333333333333 0.02 0.023333333333333334
0 0.3333333333333333 0.875 0.02 0.023333333333333334
0 0.31166666666666665 0.8583333333333333 0.023333333333333334 0.023333333333333334
0 0.53 0.5 0.03 0.02666666666666667
0 0.1 0.38666666666666666 0.023333333333333334 0.02666666666666667
0 0.3383333333333333 0.4766666666666667 0.02666666666666667 0.02666666666666667
0 0.345 0.43833333333333335 0.023333333333333334 0.02
0 0.10166666666666667 0.465 0.023333333333333334 0.023333333333333334
0 0.05333333333333334 0.37333333333333335 0.02666666666666667 0.02666666666666667
0 0.6616666666666666 0.5166666666666667 0.02666666666666667 0.02666666666666667
0 0.6866666666666666 0.295 0.02 0.023333333333333334
0 0.74 0.36333333333333334 0.02 0.02
0 0.7583333333333333 0.38166666666666665 0.02 0.023333333333333334