0 0.685 0.6366666666666667 0.02666666666666667 0.025
0 0.6183333333333333 0.14166666666666666 0.03 0.03
0 0.8966666666666666 0.8883333333333333 0.02666666666666667 0.02666666666666667
0 0.5466666666666666 0.38666666666666666 0.02666666666666667 0.02666666666666667
0 0.8566666666666667 0.9083333333333333 0.02666666666666667 0.023333333333333334
0 0.575 0.175 0.02666666666666667 0.023333333333333334
0 0.7483333333333333 0.5566666666666666 0.03 0.025
0 0.7616666666666667 0.7583333333333333 0.02666666666666667 0.02666666666666667
0 0.09333333333333334 0.805 0.023333333333333334 0.02666666666666667
0 0.11166666666666666 0.8483333333333334 0.023333333333333334 0.023333333333333334
0 0.14666666666666667 0.8483333333333334 0.02 0.023333333333333334
0 0.04 0.8533333333333334 0.023333333333333334 0.023333333333333334
0 0.28 0.915 0.03 0.03
0 0.25 0.9166666666666666 0.02666666666666667 0.03166666666666667
0 0.175 0.9866666666666667 0.03333333333333333 0.021666666666666667
0 0.021666666666666667 0.9266666666666666 0.023333333333333334 0.02666666666666667
0 0.47833333333333333 0.44166666666666665 0.02666666666666667 0.02666666666666667
0 0.17666666666666667 0.8283333333333334 0.023333333333333334 0.023333333333333334
0 0.4716666666666667 0.095 0.03 0.028333333333333332
0 0.6416666666666667 0.215 0.025 0.023333333333333334
0 0.755 0.7916666666666666 0.02666666666666667 0.028333333333333332