0 0.38666666666666666 0.31833333333333336 0.03 0.02666666666666667
0 0.30666666666666664 0.3616666666666667 0.02666666666666667 0.02666666666666667
0 0.45166666666666666 0.2 0.02666666666666667 0.02
0 0.4716666666666667 0.18666666666666668 0.023333333333333334 0.023333333333333334
0 0.47833333333333333 0.21 0.023333333333333334 0.023333333333333334
0 0.43166666666666664 0.21333333333333335 0.02666666666666667 0.02
0 0.37333333333333335 0.34833333333333333 0.023333333333333334 0.023333333333333334
0 0.8833333333333333 0.175 0.02666666666666667 0.02666666666666667
0 0.8466666666666667 0.13833333333333334 0.03 0.02666666666666667
0 0.8916666666666667 0.33 0.03 0.02666666666666667
0 0.4866666666666667 0.2866666666666667 0.03 0.02666666666666667
0 0.49166666666666664 0.16 0.02666666666666667 0.02666666666666667
0 0.505 0.135 0.02 0.02666666666666667
0 0.4633333333333333 0.5833333333333334 0.02666666666666667 0.023333333333333334
0 0.425 0.5966666666666667 0.02666666666666667 0.02
0 0.3616666666666667 0.7683333333333333 0.023333333333333334 0.02
0 0.4666666666666667 0.86 0.02666666666666667 0.023333333333333334
0 0.38333333333333336 0.5333333333333333 0.02666666666666667 0.02
0 0.4666666666666667 0.9516666666666667 0.023333333333333334 0.023333333333333334
0 0.4633333333333333 0.8116666666666666 0.023333333333333334 0.023333333333333334
0 0.18833333333333332 0.9316666666666666 0.02666666666666667 0.023333333333333334
0 0.4066666666666667 0.5233333333333333 0.03 0.02666666666666667
0 0.21166666666666667 0.9133333333333333 0.03333333333333333 0.02666666666666667
0 0.29833333333333334 0.63 0.023333333333333334 0.023333333333333334
0 0.695 0.835 0.03 0.02666666666666667
0 0.7 0.8666666666666667 0.02666666666666667 0.02666666666666667
0 0.5433333333333333 0.7666666666666667 0.023333333333333334 0.02666666666666667
0 0.7016666666666667 0.9783333333333334 0.03666666666666667 0.023333333333333334
0 0.52 0.8016666666666666 0.02666666666666667 0.02666666666666667