0 0.095 0.4 0.03 0.02666666666666667
0 0.16333333333333333 0.24333333333333335 0.02666666666666667 0.03
0 0.19166666666666668 0.3933333333333333 0.02666666666666667 0.023333333333333334
0 0.008333333333333333 0.16 0.016666666666666666 0.023333333333333334
0 0.22833333333333333 0.31333333333333335 0.02666666666666667 0.02666666666666667
0 0.21 0.30333333333333334 0.02666666666666667 0.023333333333333334
0 0.30333333333333334 0.465 0.03 0.023333333333333334
0 0.27666666666666667 0.4766666666666667 0.023333333333333334 0.02666666666666667
0 0.33166666666666667 0.47833333333333333 0.023333333333333334 0.02666666666666667
0 0.04833333333333333 0.2916666666666667 0.03 0.02666666666666667
0 0.13666666666666666 0.21833333333333332 0.02 0.02666666666666667
0 0.31 0.4483333333333333 0.02666666666666667 0.02
0 0.30333333333333334 0.42333333333333334 0.03 0.02
0 0.15166666666666667 0.42333333333333334 0.02666666666666667 0.02666666666666667
0 0.48333333333333334 0.29833333333333334 0.03 0.02666666666666667
0 0.013333333333333334 0.015 0.023333333333333334 0.023333333333333334
0 0.18833333333333332 0.4766666666666667 0.023333333333333334 0.023333333333333334
0 0.25666666666666665 0.4683333333333333 0.02 0.02
0 0.6666666666666666 0.44333333333333336 0.023333333333333334 0.02666666666666667
0 0.3433333333333333 0.7483333333333333 0.03666666666666667 0.04
0 0.43333333333333335 0.7833333333333333 0.03 0.02666666666666667
0 0.42333333333333334 0.6066666666666667 0.03 0.03
0 0.43166666666666664 0.585 0.03 0.023333333333333334
0 0.30666666666666664 0.6416666666666667 0.02666666666666667 0.023333333333333334
0 0.36666666666666664 0.5566666666666666 0.023333333333333334 0.02666666666666667
0 0.405 0.5883333333333334 0.02 0.02
0 0.06833333333333333 0.545 0.02666666666666667 0.02666666666666667
0 0.345 0.665 0.02 0.023333333333333334
0 0.36666666666666664 0.5283333333333333 0.03 0.02666666666666667
0 0.265 0.5333333333333333 0.03 0.02666666666666667
0 0.14666666666666667 0.9516666666666667 0.02666666666666667 0.02666666666666667
0 0.3433333333333333 0.5666666666666667 0.023333333333333334 0.023333333333333334
0 0.285 0.5783333333333334 0.023333333333333334 0.023333333333333334
0 0.1 0.5366666666666666 0.023333333333333334 0.023333333333333334
0 0.3383333333333333 0.6033333333333334 0.03333333333333333 0.02666666666666667
0 0.49 0.705 0.023333333333333334 0.023333333333333334
0 0.40166666666666667 0.6316666666666667 0.03333333333333333 0.023333333333333334
0 0.31166666666666665 0.5416666666666666 0.023333333333333334 0.023333333333333334
0 0.405 0.5616666666666666 0.02666666666666667 0.02666666666666667
0 0.68 0.8866666666666667 0.03333333333333333 0.03
0 0.7666666666666667 0.9383333333333334 0.03333333333333333 0.02666666666666667
0 0.7666666666666667 0.9683333333333334 0.03333333333333333 0.023333333333333334
0 0.6083333333333333 0.76 0.02666666666666667 0.02666666666666667
0 0.6033333333333334 0.6983333333333334 0.028333333333333332 0.02666666666666667
0 0.7183333333333334 0.905 0.03333333333333333 0.03666666666666667
0 0.965 0.8466666666666667 0.02666666666666667 0.03
0 0.58 0.7783333333333333 0.03 0.023333333333333334
0 0.5366666666666666 0.7783333333333333 0.023333333333333334 0.023333333333333334
0 0.5666666666666667 0.7516666666666667 0.02 0.02
0 0.5816666666666667 0.815 0.02 0.02
0 0.6833333333333333 0.8583333333333333 0.023333333333333334 0.02666666666666667
0 0.57 0.8816666666666667 0.023333333333333334 0.025
0 0.6366666666666667 0.9716666666666667 0.02666666666666667 0.02666666666666667
0 0.6416666666666667 0.93 0.02666666666666667 0.02666666666666667
0 0.185 0.5116666666666667 0.035 0.02666666666666667
0 0.7 0.9816666666666667 0.025 0.025
0 0.17 0.9416666666666667 0.023333333333333334 0.02666666666666667
0 0.515 0.7316666666666667 0.025 0.02666666666666667
0 0.5283333333333333 0.7483333333333333 0.035 0.02