0 0.19 0.14833333333333334 0.023333333333333334 0.02
0 0.11833333333333333 0.15666666666666668 0.023333333333333334 0.023333333333333334
0 0.04 0.5633333333333334 0.02666666666666667 0.02
0 0.4816666666666667 0.695 0.02666666666666667 0.023333333333333334
0 0.06833333333333333 0.5583333333333333 0.023333333333333334 0.02
0 0.016666666666666666 0.6166666666666667 0.03 0.023333333333333334
0 0.055 0.53 0.02666666666666667 0.02666666666666667
0 0.023333333333333334 0.31333333333333335 0.02666666666666667 0.02666666666666667
0 0.06333333333333334 0.43833333333333335 0.02666666666666667 0.02666666666666667
0 0.475 0.865 0.02666666666666667 0.02666666666666667
0 0.10166666666666667 0.20833333333333334 0.03 0.03
0 0.21166666666666667 0.305 0.03666666666666667 0.03166666666666667
0 0.09833333333333333 0.24333333333333335 0.03333333333333333 0.03
0 0.8333333333333334 0.051666666666666666 0.02666666666666667 0.023333333333333334
0 0.9516666666666667 0.7033333333333334 0.02666666666666667 0.023333333333333334
0 0.7366666666666667 0.865 0.02666666666666667 0.02666666666666667
0 0.6783333333333333 0.7366666666666667 0.03 0.02666666666666667
0 0.7533333333333333 0.7516666666666667 0.023333333333333334 0.023333333333333334
0 0.5483333333333333 0.7533333333333333 0.02666666666666667 0.02
0 0.9083333333333333 0.7933333333333333 0.023333333333333334 0.023333333333333334
0 0.585 0.7333333333333333 0.02666666666666667 0.02666666666666667
0 0.645 0.8866666666666667 0.02666666666666667 0.023333333333333334
0 0.6866666666666666 0.2683333333333333 0.023333333333333334 0.023333333333333334
0 0.5883333333333334 0.7783333333333333 0.023333333333333334 0.02
0 0.775 0.9333333333333333 0.02 0.02
0 0.6566666666666666 0.9416666666666667 0.03 0.03
0 0.5633333333333334 0.9216666666666666 0.02666666666666667 0.02666666666666667
0 0.6616666666666666 0.645 0.023333333333333334 0.023333333333333334
0 0.8916666666666667 0.20166666666666666 0.02666666666666667 0.02666666666666667
0 0.59 0.9516666666666667 0.023333333333333334 0.023333333333333334
0 0.9283333333333333 0.8066666666666666 0.023333333333333334 0.023333333333333334
0 0.6516666666666666 0.15833333333333333 0.02666666666666667 0.02666666666666667
0 0.6766666666666666 0.21666666666666667 0.023333333333333334 0.02
0 0.6683333333333333 0.145 0.023333333333333334 0.023333333333333334
0 0.5716666666666667 0.7883333333333333 0.023333333333333334 0.023333333333333334
0 0.7866666666666666 0.9716666666666667 0.03 0.03
0 0.7883333333333333 0.7316666666666667 0.02666666666666667 0.02666666666666667
0 0.57 0.75 0.023333333333333334 0.02666666666666667
0 0.7833333333333333 0.8983333333333333 0.023333333333333334 0.023333333333333334
0 0.7183333333333334 0.7216666666666667 0.02666666666666667 0.02666666666666667
0 0.6083333333333333 0.35333333333333333 0.03 0.03166666666666667
0 0.5316666666666666 0.22166666666666668 0.02666666666666667 0.02666666666666667
0 0.5316666666666666 0.7083333333333334 0.03 0.03333333333333333
0 0.8333333333333334 0.9833333333333333 0.023333333333333334 0.023333333333333334
0 0.6 0.6316666666666667 0.03 0.02666666666666667
0 0.08166666666666667 0.5733333333333334 0.025 0.021666666666666667
0 0.43833333333333335 0.30333333333333334 0.02666666666666667 0.02666666666666667