0 0.48333333333333334 0.25833333333333336 0.023333333333333334 0.02666666666666667
0 0.48333333333333334 0.20333333333333334 0.03 0.02
0 0.3933333333333333 0.041666666666666664 0.023333333333333334 0.023333333333333334
0 0.5166666666666667 0.45666666666666667 0.023333333333333334 0.023333333333333334
0 0.465 0.36833333333333335 0.023333333333333334 0.02
0 0.4683333333333333 0.305 0.023333333333333334 0.02
0 0.5816666666666667 0.33666666666666667 0.023333333333333334 0.023333333333333334
0 0.5016666666666667 0.06166666666666667 0.02 0.02
0 0.4166666666666667 0.13 0.023333333333333334 0.02
0 0.44166666666666665 0.19333333333333333 0.02 0.02
0 0.49 0.15 0.023333333333333334 0.023333333333333334
0 0.5333333333333333 0.05 0.02 0.02
0 0.57 0.17666666666666667 0.03 0.02666666666666667
0 0.41 0.11666666666666667 0.02 0.02
0 0.57 0.23833333333333334 0.023333333333333334 0.03
0 0.5666666666666667 0.21833333333333332 0.02 0.023333333333333334
0 0.5116666666666667 0.23166666666666666 0.02 0.02
0 0.6466666666666666 0.3416666666666667 0.03 0.02666666666666667
0 0.61 0.36333333333333334 0.02 0.023333333333333334
0 0.5733333333333334 0.30833333333333335 0.02666666666666667 0.02
0 0.5166666666666667 0.021666666666666667 0.023333333333333334 0.023333333333333334
0 0.5133333333333333 0.043333333333333335 0.03 0.02666666666666667
0 0.39666666666666667 0.15 0.023333333333333334 0.023333333333333334
0 0.31333333333333335 0.12666666666666668 0.023333333333333334 0.02
0 0.37833333333333335 0.30333333333333334 0.02666666666666667 0.023333333333333334
0 0.53 0.18833333333333332 0.02666666666666667 0.02666666666666667
0 0.37333333333333335 0.18166666666666667 0.02666666666666667 0.02666666666666667
0 0.6633333333333333 0.23833333333333334 0.02666666666666667 0.02666666666666667
0 0.41833333333333333 0.18 0.02 0.02
0 0.5433333333333333 0.23333333333333334 0.023333333333333334 0.023333333333333334
0 0.6583333333333333 0.29 0.023333333333333334 0.023333333333333334
0 0.5216666666666666 0.06 0.02 0.02
0 0.42 0.15166666666666667 0.02666666666666667 0.02
0 0.44166666666666665 0.165 0.023333333333333334 0.023333333333333334
0 0.48333333333333334 0.28833333333333333 0.023333333333333334 0.02
0 0.5533333333333333 0.2783333333333333 0.023333333333333334 0.02
0 0.6283333333333333 0.19666666666666666 0.02 0.02
0 0.47833333333333333 0.18666666666666668 0.02 0.02
0 0.4533333333333333 0.435 0.02 0.02
0 0.43166666666666664 0.32 0.023333333333333334 0.02666666666666667
0 0.36333333333333334 0.69 0.02666666666666667 0.03
0 0.44666666666666666 0.7966666666666666 0.02 0.02
0 0.41333333333333333 0.7333333333333333 0.02666666666666667 0.02666666666666667
0 0.37333333333333335 0.83 0.023333333333333334 0.023333333333333334
0 0.455 0.5666666666666667 0.02 0.02
0 0.45166666666666666 0.53 0.023333333333333334 0.016666666666666666
0 0.4066666666666667 0.695 0.02666666666666667 0.02666666666666667
0 0.34 0.88 0.023333333333333334 0.023333333333333334
0 0.89 0.78 0.023333333333333334 0.023333333333333334
0 0.425 0.8433333333333334 0.02 0.02
0 0.33666666666666667 0.89 0.023333333333333334 0.023333333333333334
0 0.495 0.5066666666666667 0.023333333333333334 0.02
0 0.35833333333333334 0.8866666666666667 0.02 0.02
0 0.44 0.5116666666666667 0.02 0.02
0 0.38166666666666665 0.7933333333333333 0.02 0.02
0 0.43666666666666665 0.8483333333333334 0.023333333333333334 0.02666666666666667
0 0.4533333333333333 0.8116666666666666 0.02 0.02
0 0.3466666666666667 0.7583333333333333 0.023333333333333334 0.02
0 0.9833333333333333 0.6233333333333333 0.02 0.02666666666666667
0 0.5333333333333333 0.01 0.03 0.02
0 0.4083333333333333 0.008333333333333333 0.02 0.016666666666666666