0 0.31666666666666665 0.05333333333333334 0.02 0.02
0 0.05 0.39666666666666667 0.02666666666666667 0.02666666666666667
0 0.4483333333333333 0.395 0.03 0.03
0 0.24666666666666667 0.4666666666666667 0.02 0.023333333333333334
0 0.24166666666666667 0.49666666666666665 0.023333333333333334 0.023333333333333334
0 0.39166666666666666 0.4066666666666667 0.03 0.023333333333333334
0 0.305 0.06833333333333333 0.023333333333333334 0.02
0 0.475 0.42333333333333334 0.02 0.02
0 0.49333333333333335 0.42333333333333334 0.02 0.02
0 0.07333333333333333 0.8666666666666667 0.03 0.02666666666666667
0 0.08333333333333333 0.9666666666666667 0.03 0.02666666666666667
0 0.095 0.8616666666666667 0.023333333333333334 0.023333333333333334
0 0.16833333333333333 0.8333333333333334 0.02666666666666667 0.023333333333333334
0 0.185 0.8916666666666667 0.025 0.028333333333333332
0 0.19166666666666668 0.8683333333333333 0.023333333333333334 0.02