0 0.135 0.385 0.03 0.02666666666666667
0 0.041666666666666664 0.435 0.028333333333333332 0.028333333333333332
0 0.07666666666666666 0.37666666666666665 0.03 0.03
0 0.38333333333333336 0.25166666666666665 0.02666666666666667 0.02666666666666667
0 0.3016666666666667 0.4083333333333333 0.03 0.02666666666666667
0 0.09 0.16833333333333333 0.02666666666666667 0.02666666666666667
0 0.15166666666666667 0.11666666666666667 0.03 0.02666666666666667
0 0.175 0.06833333333333333 0.02666666666666667 0.03
0 0.3983333333333333 0.09333333333333334 0.03 0.03166666666666667
0 0.405 0.2683333333333333 0.03 0.02666666666666667
0 0.10833333333333334 0.35333333333333333 0.03 0.02
0 0.11166666666666666 0.37666666666666665 0.02666666666666667 0.03
0 0.4683333333333333 0.23 0.02 0.02
0 0.46 0.20166666666666666 0.02 0.02
0 0.19333333333333333 0.03666666666666667 0.02 0.02
0 0.4866666666666667 0.4066666666666667 0.03 0.023333333333333334
0 0.20333333333333334 0.48333333333333334 0.02 0.03
0 0.44333333333333336 0.30666666666666664 0.02 0.03
0 0.49666666666666665 0.22666666666666666 0.023333333333333334 0.023333333333333334
0 0.185 0.22 0.028333333333333332 0.025
0 0.6183333333333333 0.67 0.03 0.023333333333333334
0 0.55 0.61 0.03 0.02666666666666667
0 0.008333333333333333 0.4266666666666667 0.016666666666666666 0.02666666666666667
0 0.02 0.41833333333333333 0.02 0.023333333333333334
0 0.425 0.5816666666666667 0.03 0.03
0 0.33666666666666667 0.53 0.023333333333333334 0.02666666666666667
0 0.03666666666666667 0.5116666666666667 0.028333333333333332 0.03166666666666667
0 0.15333333333333332 0.5083333333333333 0.023333333333333334 0.028333333333333332
0 0.41833333333333333 0.505 0.025 0.03333333333333333
0 0.44166666666666665 0.49833333333333335 0.021666666666666667 0.025
0 0.525 0.445 0.021666666666666667 0.02666666666666667
0 0.96 0.24666666666666667 0.025 0.03
0 0.19166666666666668 0.5083333333333333 0.03 0.02666666666666667
0 0.8616666666666667 0.19666666666666666 0.021666666666666667 0.025