0 0.03833333333333333 0.9316666666666666 0.02666666666666667 0.02666666666666667
0 0.255 0.37666666666666665 0.023333333333333334 0.023333333333333334
0 0.06166666666666667 0.9566666666666667 0.02666666666666667 0.02666666666666667
0 0.905 0.6566666666666666 0.02666666666666667 0.03
0 0.6383333333333333 0.5483333333333333 0.02666666666666667 0.023333333333333334
0 0.5083333333333333 0.6833333333333333 0.03 0.023333333333333334
0 0.9266666666666666 0.6616666666666666 0.02666666666666667 0.02666666666666667
0 0.8916666666666667 0.5433333333333333 0.023333333333333334 0.023333333333333334
0 0.6583333333333333 0.6166666666666667 0.02666666666666667 0.02666666666666667
0 0.9716666666666667 0.69 0.02666666666666667 0.02666666666666667
0 0.8333333333333334 0.6066666666666667 0.023333333333333334 0.023333333333333334
0 0.6183333333333333 0.27166666666666667 0.03 0.03
0 0.7083333333333334 0.29333333333333333 0.02666666666666667 0.02666666666666667
0 0.7433333333333333 0.45166666666666666 0.03 0.03
0 0.66 0.43333333333333335 0.03 0.023333333333333334
0 0.77 0.19 0.02666666666666667 0.02666666666666667
0 0.6433333333333333 0.21666666666666667 0.02666666666666667 0.02
0 0.7266666666666667 0.09333333333333334 0.03 0.02666666666666667
0 0.69 0.25333333333333335 0.025 0.023333333333333334
0 0.7633333333333333 0.12666666666666668 0.02666666666666667 0.021666666666666667
0 0.7733333333333333 0.08 0.03 0.028333333333333332
0 0.7666666666666667 0.30833333333333335 0.02 0.02
0 0.785 0.3016666666666667 0.02 0.02666666666666667
0 0.7316666666666667 0.3416666666666667 0.02666666666666667 0.023333333333333334
0 0.7766666666666666 0.4483333333333333 0.02 0.023333333333333334
0 0.6183333333333333 0.17 0.02666666666666667 0.02
0 0.7166666666666667 0.215 0.028333333333333332 0.02666666666666667
0 0.7866666666666666 0.405 0.02666666666666667 0.023333333333333334
0 0.6616666666666666 0.14 0.023333333333333334 0.023333333333333334
0 0.7016666666666667 0.38666666666666666 0.023333333333333334 0.023333333333333334
0 0.6766666666666666 0.21666666666666667 0.023333333333333334 0.023333333333333334
0 0.7466666666666667 0.043333333333333335 0.03 0.02666666666666667
0 0.5933333333333334 0.51 0.03 0.028333333333333332
0 0.7266666666666667 0.49333333333333335 0.023333333333333334 0.023333333333333334
0 0.7383333333333333 0.17666666666666667 0.028333333333333332 0.028333333333333332
0 0.8066666666666666 0.31666666666666665 0.02666666666666667 0.02
0 0.6183333333333333 0.43666666666666665 0.025 0.02666666666666667
0 0.9783333333333334 0.63 0.03 0.028333333333333332
0 0.285 0.36 0.023333333333333334 0.025