0 0.33 0.08666666666666667 0.03 0.03666666666666667
0 0.36666666666666664 0.09 0.03 0.03
0 0.023333333333333334 0.46166666666666667 0.03333333333333333 0.02
0 0.37166666666666665 0.023333333333333334 0.023333333333333334 0.02
0 0.36833333333333335 0.045 0.02666666666666667 0.023333333333333334
0 0.7933333333333333 0.7966666666666666 0.023333333333333334 0.02
0 0.6666666666666666 0.9466666666666667 0.03 0.02666666666666667
0 0.9666666666666667 0.525 0.03 0.02
0 0.8633333333333333 0.75 0.02666666666666667 0.023333333333333334
0 0.9733333333333334 0.495 0.028333333333333332 0.03
0 0.9883333333333333 0.7233333333333334 0.023333333333333334 0.023333333333333334
0 0.855 0.8316666666666667 0.028333333333333332 0.03