0 0.37333333333333335 0.17 0.03 0.03
0 0.415 0.09666666666666666 0.02666666666666667 0.02
0 0.6766666666666666 0.7216666666666667 0.03 0.023333333333333334
0 0.5533333333333333 0.08333333333333333 0.03 0.03333333333333333
0 0.78 0.043333333333333335 0.03166666666666667 0.035
0 0.8866666666666667 0.255 0.03 0.03333333333333333
0 0.8483333333333334 0.32166666666666666 0.02666666666666667 0.03666666666666667
0 0.23166666666666666 0.5733333333333334 0.03 0.03
0 0.13666666666666666 0.36666666666666664 0.02666666666666667 0.023333333333333334
0 0.5 0.08666666666666667 0.02666666666666667 0.02666666666666667
0 0.855 0.13666666666666666 0.03 0.03
0 0.6016666666666667 0.705 0.02666666666666667 0.023333333333333334