0 0.2816666666666667 0.2966666666666667 0.023333333333333334 0.02666666666666667
0 0.37166666666666665 0.23666666666666666 0.03 0.03
0 0.21333333333333335 0.21666666666666667 0.03 0.03
0 0.9483333333333334 0.011666666666666667 0.03 0.023333333333333334
0 0.9366666666666666 0.06833333333333333 0.02666666666666667 0.03
0 0.9716666666666667 0.056666666666666664 0.02 0.02666666666666667
0 0.49666666666666665 0.3233333333333333 0.02666666666666667 0.03
0 0.5016666666666667 0.3616666666666667 0.02666666666666667 0.02666666666666667
0 0.985 0.34833333333333333 0.025 0.02666666666666667
0 0.3333333333333333 0.55 0.02666666666666667 0.023333333333333334
0 0.41333333333333333 0.9516666666666667 0.02666666666666667 0.02666666666666667
0 0.5883333333333334 0.5666666666666667 0.023333333333333334 0.02666666666666667
0 0.5416666666666666 0.635 0.02666666666666667 0.023333333333333334
0 0.18 0.20333333333333334 0.023333333333333334 0.025