0 0.4666666666666667 0.8716666666666667 0.02666666666666667 0.03
0 0.3933333333333333 0.7066666666666667 0.02666666666666667 0.023333333333333334
0 0.7183333333333334 0.8183333333333334 0.02666666666666667 0.02
0 0.5633333333333334 0.9016666666666666 0.03 0.03
0 0.9833333333333333 0.08666666666666667 0.023333333333333334 0.02
0 0.9366666666666666 0.095 0.02666666666666667 0.02
0 0.69 0.9716666666666667 0.02 0.02
0 0.5366666666666666 0.915 0.02666666666666667 0.02666666666666667
0 0.87 0.81 0.023333333333333334 0.023333333333333334
0 0.01 0.021666666666666667 0.018333333333333333 0.023333333333333334
0 0.02666666666666667 0.01 0.028333333333333332 0.018333333333333333
0 0.5316666666666666 0.79 0.02666666666666667 0.023333333333333334
0 0.9733333333333334 0.845 0.02666666666666667 0.023333333333333334
0 0.6766666666666666 0.7533333333333333 0.021666666666666667 0.028333333333333332