0 0.8983333333333333 0.5516666666666666 0.02666666666666667 0.02666666666666667
0 0.8783333333333333 0.23166666666666666 0.02666666666666667 0.02666666666666667
0 0.9033333333333333 0.23 0.023333333333333334 0.02
0 0.87 0.19333333333333333 0.02 0.02
0 0.7816666666666666 0.2633333333333333 0.023333333333333334 0.03
0 0.8766666666666667 0.3383333333333333 0.028333333333333332 0.023333333333333334
0 0.8316666666666667 0.325 0.02 0.023333333333333334
0 0.875 0.15833333333333333 0.023333333333333334 0.02
0 0.8416666666666667 0.18166666666666667 0.02 0.02
0 0.725 0.07 0.03333333333333333 0.03166666666666667
0 0.805 0.28833333333333333 0.023333333333333334 0.023333333333333334