0 0.7216666666666667 0.028333333333333332 0.02666666666666667 0.02
0 0.7383333333333333 0.17333333333333334 0.03 0.023333333333333334
0 0.5433333333333333 0.12666666666666668 0.03 0.02666666666666667
0 0.056666666666666664 0.17 0.02666666666666667 0.023333333333333334
0 0.075 0.24833333333333332 0.023333333333333334 0.03
0 0.03333333333333333 0.335 0.028333333333333332 0.02666666666666667
0 0.058333333333333334 0.3016666666666667 0.02 0.02666666666666667
0 0.31833333333333336 0.47833333333333333 0.023333333333333334 0.02666666666666667
0 0.5716666666666667 0.16833333333333333 0.02 0.02
0 0.5183333333333333 0.27166666666666667 0.02 0.023333333333333334
0 0.48333333333333334 0.41833333333333333 0.02666666666666667 0.03
0 0.5166666666666667 0.4483333333333333 0.023333333333333334 0.023333333333333334
0 0.5333333333333333 0.315 0.023333333333333334 0.02
0 0.5016666666666667 0.29333333333333333 0.02666666666666667 0.02
0 0.5 0.37333333333333335 0.023333333333333334 0.02
0 0.2916666666666667 0.2683333333333333 0.03 0.028333333333333332
0 0.19166666666666668 0.058333333333333334 0.02 0.02
0 0.7766666666666666 0.49666666666666665 0.028333333333333332 0.023333333333333334
0 0.9616666666666667 0.01 0.03 0.02
0 0.5616666666666666 0.10833333333333334 0.02666666666666667 0.02666666666666667
0 0.5466666666666666 0.39666666666666667 0.023333333333333334 0.023333333333333334
0 0.5583333333333333 0.30333333333333334 0.023333333333333334 0.023333333333333334
0 0.5616666666666666 0.4083333333333333 0.02666666666666667 0.023333333333333334
0 0.48 0.355 0.023333333333333334 0.023333333333333334
0 0.4866666666666667 0.31333333333333335 0.023333333333333334 0.023333333333333334
0 0.5066666666666667 0.32666666666666666 0.023333333333333334 0.023333333333333334
0 0.08333333333333333 0.3233333333333333 0.02666666666666667 0.02666666666666667
0 0.23666666666666666 0.07333333333333333 0.02666666666666667 0.02666666666666667
0 0.25166666666666665 0.3283333333333333 0.03 0.02666666666666667
0 0.3233333333333333 0.44333333333333336 0.02666666666666667 0.02666666666666667
0 0.9216666666666666 0.4033333333333333 0.03 0.02666666666666667
0 0.5433333333333333 0.9316666666666666 0.023333333333333334 0.023333333333333334
0 0.58 0.675 0.02666666666666667 0.023333333333333334
0 0.9166666666666666 0.5366666666666666 0.023333333333333334 0.023333333333333334
0 0.565 0.94 0.023333333333333334 0.023333333333333334
0 0.8016666666666666 0.5233333333333333 0.023333333333333334 0.023333333333333334
0 0.8933333333333333 0.5633333333333334 0.023333333333333334 0.023333333333333334
0 0.6816666666666666 0.66 0.023333333333333334 0.023333333333333334
0 0.7183333333333334 0.665 0.02666666666666667 0.023333333333333334
0 0.56 0.66 0.02666666666666667 0.02666666666666667
0 0.10166666666666667 0.6733333333333333 0.023333333333333334 0.023333333333333334
0 0.27166666666666667 0.7183333333333334 0.03 0.02666666666666667
0 0.22833333333333333 0.815 0.023333333333333334 0.02666666666666667
0 0.11166666666666666 0.815 0.02666666666666667 0.023333333333333334
0 0.16833333333333333 0.9666666666666667 0.03 0.03
0 0.48333333333333334 0.965 0.03 0.03
0 0.185 0.6866666666666666 0.03333333333333333 0.02666666666666667
0 0.485 0.925 0.02666666666666667 0.023333333333333334
0 0.05333333333333334 0.8866666666666667 0.03333333333333333 0.03
0 0.08166666666666667 0.86 0.03 0.03
0 0.13 0.6816666666666666 0.03 0.03
0 0.4116666666666667 0.855 0.03 0.03
0 0.195 0.5333333333333333 0.02666666666666667 0.02666666666666667
0 0.16 0.5683333333333334 0.03166666666666667 0.03166666666666667
0 0.3933333333333333 0.5533333333333333 0.02666666666666667 0.02666666666666667
0 0.27666666666666667 0.755 0.02666666666666667 0.02666666666666667
0 0.5366666666666666 0.7033333333333334 0.028333333333333332 0.03
0 0.4116666666666667 0.5233333333333333 0.023333333333333334 0.023333333333333334
0 0.4216666666666667 0.5066666666666667 0.023333333333333334 0.03
0 0.13 0.78 0.02666666666666667 0.025