0 0.7266666666666667 0.13166666666666665 0.02666666666666667 0.03
0 0.6566666666666666 0.21666666666666667 0.023333333333333334 0.02666666666666667
0 0.5483333333333333 0.25166666666666665 0.02666666666666667 0.023333333333333334
0 0.8533333333333334 0.245 0.02666666666666667 0.023333333333333334
0 0.88 0.4 0.03 0.02666666666666667
0 0.865 0.295 0.02666666666666667 0.02666666666666667
0 0.7383333333333333 0.2633333333333333 0.023333333333333334 0.023333333333333334
0 0.705 0.23166666666666666 0.02 0.023333333333333334
0 0.7016666666666667 0.455 0.03 0.023333333333333334
0 0.75 0.4216666666666667 0.02666666666666667 0.023333333333333334
0 0.7116666666666667 0.41 0.02666666666666667 0.02
0 0.76 0.30833333333333335 0.02 0.02
0 0.6966666666666667 0.175 0.02666666666666667 0.023333333333333334
0 0.645 0.08166666666666667 0.023333333333333334 0.028333333333333332
0 0.8816666666666667 0.31666666666666665 0.03 0.03
0 0.9166666666666666 0.45166666666666666 0.03 0.03
0 0.8416666666666667 0.49 0.02 0.02
0 0.8316666666666667 0.465 0.02 0.02666666666666667
0 0.8866666666666667 0.43 0.03333333333333333 0.02666666666666667
0 0.7183333333333334 0.43833333333333335 0.02666666666666667 0.02
0 0.6933333333333334 0.11333333333333333 0.03 0.03
0 0.7116666666666667 0.08833333333333333 0.02666666666666667 0.02666666666666667
0 0.87 0.4866666666666667 0.023333333333333334 0.023333333333333334
0 0.7333333333333333 0.41 0.023333333333333334 0.023333333333333334
0 0.5916666666666667 0.08333333333333333 0.023333333333333334 0.02666666666666667
0 0.86 0.46 0.03333333333333333 0.023333333333333334
0 0.8133333333333334 0.43166666666666664 0.028333333333333332 0.025
0 0.7566666666666667 0.56 0.02666666666666667 0.03
0 0.8633333333333333 0.8383333333333334 0.023333333333333334 0.023333333333333334
0 0.7866666666666666 0.6916666666666667 0.03 0.02666666666666667
0 0.7916666666666666 0.5133333333333333 0.02666666666666667 0.02666666666666667
0 0.8466666666666667 0.8716666666666667 0.023333333333333334 0.02
0 0.6683333333333333 0.6316666666666667 0.03 0.03
0 0.725 0.625 0.02666666666666667 0.02666666666666667
0 0.5916666666666667 0.5383333333333333 0.023333333333333334 0.023333333333333334
0 0.7316666666666667 0.7416666666666667 0.023333333333333334 0.023333333333333334
0 0.215 0.25 0.03 0.023333333333333334
0 0.2683333333333333 0.19333333333333333 0.03 0.03166666666666667
0 0.21666666666666667 0.30666666666666664 0.02 0.023333333333333334
0 0.2916666666666667 0.41833333333333333 0.02 0.02
0 0.13666666666666666 0.28833333333333333 0.03 0.023333333333333334
0 0.5 0.17666666666666667 0.023333333333333334 0.023333333333333334
0 0.3616666666666667 0.455 0.02666666666666667 0.02
0 0.48 0.3433333333333333 0.03 0.03
0 0.24166666666666667 0.045 0.02666666666666667 0.023333333333333334
0 0.2866666666666667 0.17666666666666667 0.02666666666666667 0.03
0 0.30833333333333335 0.3333333333333333 0.02666666666666667 0.02666666666666667
0 0.20666666666666667 0.05333333333333334 0.023333333333333334 0.023333333333333334
0 0.27166666666666667 0.5716666666666667 0.023333333333333334 0.02666666666666667
0 0.3516666666666667 0.6766666666666666 0.02666666666666667 0.023333333333333334
0 0.49166666666666664 0.53 0.023333333333333334 0.023333333333333334
0 0.9033333333333333 0.495 0.018333333333333333 0.023333333333333334