0 0.375 0.5533333333333333 0.023333333333333334 0.023333333333333334
0 0.58 0.655 0.023333333333333334 0.03
0 0.7833333333333333 0.8966666666666666 0.03 0.02666666666666667
0 0.6966666666666667 0.6983333333333334 0.03 0.03
0 0.25166666666666665 0.40166666666666667 0.023333333333333334 0.023333333333333334
0 0.42333333333333334 0.46166666666666667 0.03 0.03
0 0.21333333333333335 0.51 0.023333333333333334 0.023333333333333334
0 0.735 0.6583333333333333 0.035 0.03166666666666667
0 0.35833333333333334 0.6816666666666666 0.021666666666666667 0.023333333333333334
0 0.98 0.7033333333333334 0.025 0.03
0 0.30333333333333334 0.5933333333333334 0.025 0.028333333333333332