0 0.03 0.07333333333333333 0.03 0.03333333333333333
0 0.06833333333333333 0.028333333333333332 0.02666666666666667 0.03
0 0.235 0.38166666666666665 0.03 0.03
0 0.27666666666666667 0.3466666666666667 0.02666666666666667 0.03
0 0.24333333333333335 0.19833333333333333 0.03 0.023333333333333334
0 0.315 0.065 0.03 0.02666666666666667
0 0.13 0.06 0.02 0.02666666666666667
0 0.245 0.07666666666666666 0.02666666666666667 0.023333333333333334
0 0.03666666666666667 0.10333333333333333 0.02666666666666667 0.02666666666666667
0 0.08666666666666667 0.115 0.03 0.03
0 0.26666666666666666 0.04666666666666667 0.023333333333333334 0.023333333333333334
0 0.33666666666666667 0.15333333333333332 0.02666666666666667 0.02666666666666667
0 0.19 0.15666666666666668 0.023333333333333334 0.023333333333333334
0 0.325 0.3283333333333333 0.03 0.03
0 0.20333333333333334 0.03 0.02666666666666667 0.023333333333333334
0 0.3616666666666667 0.06333333333333334 0.03 0.03
0 0.28833333333333333 0.06833333333333333 0.023333333333333334 0.023333333333333334
0 0.4583333333333333 0.018333333333333333 0.02666666666666667 0.02666666666666667
0 0.3616666666666667 0.3 0.03333333333333333 0.04
0 0.21666666666666667 0.05 0.023333333333333334 0.023333333333333334
0 0.225 0.13666666666666666 0.023333333333333334 0.02
0 0.21166666666666667 0.3616666666666667 0.023333333333333334 0.02666666666666667
0 0.22 0.3433333333333333 0.02666666666666667 0.023333333333333334
0 0.19166666666666668 0.235 0.02 0.02666666666666667
0 0.3566666666666667 0.14 0.023333333333333334 0.02666666666666667
0 0.36333333333333334 0.16333333333333333 0.02666666666666667 0.023333333333333334
0 0.25166666666666665 0.13166666666666665 0.03 0.02666666666666667
0 0.48833333333333334 0.23666666666666666 0.023333333333333334 0.02666666666666667
0 0.4583333333333333 0.17833333333333334 0.02 0.023333333333333334
0 0.49333333333333335 0.02 0.02 0.023333333333333334
0 0.49 0.12833333333333333 0.02 0.02
0 0.525 0.05 0.03 0.023333333333333334
0 0.5833333333333334 0.10166666666666667 0.03 0.02666666666666667
0 0.6 0.20833333333333334 0.03 0.023333333333333334
0 0.5733333333333334 0.18666666666666668 0.02666666666666667 0.02
0 0.5583333333333333 0.2783333333333333 0.03 0.023333333333333334
0 0.6216666666666667 0.265 0.03 0.02666666666666667
0 0.605 0.24 0.02666666666666667 0.02
0 0.585 0.315 0.03 0.023333333333333334
0 0.7783333333333333 0.08333333333333333 0.03333333333333333 0.03
0 0.8483333333333334 0.055 0.03 0.03
0 0.5933333333333334 0.14166666666666666 0.023333333333333334 0.023333333333333334
0 0.021666666666666667 0.05333333333333334 0.02666666666666667 0.023333333333333334
0 0.06666666666666667 0.008333333333333333 0.023333333333333334 0.016666666666666666
0 0.2966666666666667 0.01 0.03 0.02
0 0.32 0.013333333333333334 0.03 0.02666666666666667
0 0.008333333333333333 0.018333333333333333 0.016666666666666666 0.02666666666666667
0 0.06666666666666667 0.01 0.023333333333333334 0.02
0 0.4816666666666667 0.006666666666666667 0.016666666666666666 0.013333333333333334
0 0.49666666666666665 0.006666666666666667 0.02 0.013333333333333334
0 0.305 0.19 0.025 0.028333333333333332