0 0.8266666666666667 0.8333333333333334 0.023333333333333334 0.028333333333333332
0 0.7933333333333333 0.9016666666666666 0.02 0.03
0 0.9016666666666666 0.7016666666666667 0.02666666666666667 0.023333333333333334
0 0.9866666666666667 0.765 0.02 0.02
0 0.18 0.765 0.02666666666666667 0.02666666666666667
0 0.24833333333333332 0.33166666666666667 0.03 0.023333333333333334
0 0.24333333333333335 0.3016666666666667 0.03 0.03
0 0.43166666666666664 0.39166666666666666 0.023333333333333334 0.023333333333333334
0 0.8766666666666667 0.06166666666666667 0.03 0.02666666666666667
0 0.9183333333333333 0.11666666666666667 0.02666666666666667 0.02666666666666667
0 0.8383333333333334 0.041666666666666664 0.03 0.03
0 0.9316666666666666 0.09833333333333333 0.023333333333333334 0.03
0 0.9633333333333334 0.041666666666666664 0.02666666666666667 0.03