0 0.7683333333333333 0.3233333333333333 0.02 0.02666666666666667
0 0.8033333333333333 0.32166666666666666 0.03333333333333333 0.03
0 0.85 0.4533333333333333 0.03333333333333333 0.023333333333333334
0 0.8883333333333333 0.45 0.03 0.02
0 0.6516666666666666 0.25833333333333336 0.023333333333333334 0.023333333333333334
0 0.8733333333333333 0.16166666666666665 0.02 0.023333333333333334
0 0.8966666666666666 0.14833333333333334 0.023333333333333334 0.023333333333333334
0 0.7683333333333333 0.35333333333333333 0.023333333333333334 0.03
0 0.6733333333333333 0.2633333333333333 0.023333333333333334 0.023333333333333334
0 0.9783333333333334 0.4766666666666667 0.023333333333333334 0.023333333333333334
0 0.9133333333333333 0.18666666666666668 0.023333333333333334 0.023333333333333334
0 0.7616666666666667 0.395 0.02666666666666667 0.02666666666666667
0 0.955 0.45 0.023333333333333334 0.023333333333333334
0 0.6733333333333333 0.36666666666666664 0.03 0.02666666666666667
0 0.05 0.6483333333333333 0.03 0.023333333333333334
0 0.29833333333333334 0.9766666666666667 0.023333333333333334 0.023333333333333334
0 0.86 0.6133333333333333 0.03 0.023333333333333334
0 0.9166666666666666 0.635 0.03333333333333333 0.02666666666666667
0 0.8433333333333334 0.5733333333333334 0.02666666666666667 0.023333333333333334
0 0.8316666666666667 0.5916666666666667 0.02666666666666667 0.02
0 0.9083333333333333 0.555 0.03 0.03
0 0.4666666666666667 0.295 0.02 0.03
0 0.25333333333333335 0.35833333333333334 0.03 0.03
0 0.2966666666666667 0.24333333333333335 0.023333333333333334 0.023333333333333334
0 0.045 0.095 0.02666666666666667 0.02666666666666667
0 0.9783333333333334 0.5116666666666667 0.03 0.03
0 0.3466666666666667 0.42 0.03333333333333333 0.03166666666666667