0 0.9516666666666667 0.38666666666666666 0.02 0.023333333333333334
0 0.6283333333333333 0.25333333333333335 0.03 0.02666666666666667
0 0.605 0.23166666666666666 0.023333333333333334 0.02
0 0.6616666666666666 0.25166666666666665 0.02666666666666667 0.02
0 0.6583333333333333 0.235 0.02666666666666667 0.02
0 0.5833333333333334 0.018333333333333333 0.03 0.02666666666666667
0 0.6133333333333333 0.05333333333333334 0.02666666666666667 0.02666666666666667
0 0.545 0.016666666666666666 0.023333333333333334 0.023333333333333334
0 0.825 0.09833333333333333 0.03 0.02666666666666667
0 0.6683333333333333 0.22 0.023333333333333334 0.02
0 0.8466666666666667 0.5416666666666666 0.03 0.023333333333333334
0 0.8633333333333333 0.6866666666666666 0.02666666666666667 0.02666666666666667
0 0.3983333333333333 0.58 0.02666666666666667 0.03
0 0.345 0.9216666666666666 0.02666666666666667 0.02666666666666667
0 0.5033333333333333 0.49833333333333335 0.023333333333333334 0.03
0 0.5 0.22 0.023333333333333334 0.02666666666666667
0 0.47333333333333333 0.22333333333333333 0.023333333333333334 0.023333333333333334
0 0.49333333333333335 0.4683333333333333 0.02666666666666667 0.02666666666666667
0 0.46 0.3333333333333333 0.02666666666666667 0.02666666666666667
0 0.43333333333333335 0.61 0.025 0.03
0 0.3933333333333333 0.7783333333333333 0.02666666666666667 0.03
0 0.4266666666666667 0.81 0.028333333333333332 0.025