0 0.09833333333333333 0.6833333333333333 0.02 0.023333333333333334
0 0.16666666666666666 0.6283333333333333 0.025 0.025
0 0.023333333333333334 0.65 0.03 0.03
0 0.016666666666666666 0.6083333333333333 0.02666666666666667 0.03166666666666667
0 0.255 0.725 0.023333333333333334 0.02
0 0.155 0.6733333333333333 0.025 0.03166666666666667
0 0.30666666666666664 0.5166666666666667 0.03 0.023333333333333334
0 0.135 0.5983333333333334 0.023333333333333334 0.023333333333333334
0 0.20333333333333334 0.6116666666666667 0.02666666666666667 0.02666666666666667
0 0.3983333333333333 0.9783333333333334 0.023333333333333334 0.023333333333333334
0 0.175 0.7316666666666667 0.02666666666666667 0.023333333333333334
0 0.041666666666666664 0.5966666666666667 0.025 0.03
0 0.06333333333333334 0.6033333333333334 0.023333333333333334 0.023333333333333334
0 0.065 0.69 0.02 0.023333333333333334
0 0.39166666666666666 0.8783333333333333 0.023333333333333334 0.02666666666666667
0 0.39666666666666667 0.905 0.023333333333333334 0.02666666666666667
0 0.6416666666666667 0.9183333333333333 0.03 0.02666666666666667
0 0.7033333333333334 0.6783333333333333 0.023333333333333334 0.025
0 0.6033333333333334 0.8866666666666667 0.023333333333333334 0.023333333333333334
0 0.185 0.49833333333333335 0.023333333333333334 0.025