0 0.5116666666666667 0.6883333333333334 0.03 0.03
0 0.67 0.725 0.03333333333333333 0.03
0 0.7083333333333334 0.7283333333333334 0.02666666666666667 0.03
0 0.7 0.6733333333333333 0.023333333333333334 0.03
0 0.4483333333333333 0.5583333333333333 0.03 0.03666666666666667
0 0.6716666666666666 0.8916666666666667 0.03 0.02666666666666667
0 0.8133333333333334 0.7516666666666667 0.03 0.03
0 0.8116666666666666 0.7866666666666666 0.02666666666666667 0.025
0 0.7583333333333333 0.6716666666666666 0.023333333333333334 0.02666666666666667
0 0.7433333333333333 0.6833333333333333 0.023333333333333334 0.023333333333333334
0 0.64 0.6366666666666667 0.02666666666666667 0.023333333333333334
0 0.6316666666666667 0.6983333333333334 0.03 0.03
0 0.9833333333333333 0.8816666666666667 0.02666666666666667 0.03
0 0.89 0.7333333333333333 0.03 0.03
0 0.86 0.725 0.03 0.02666666666666667
0 0.5966666666666667 0.6233333333333333 0.02666666666666667 0.023333333333333334
0 0.805 0.85 0.023333333333333334 0.03333333333333333
0 0.5983333333333334 0.6516666666666666 0.02666666666666667 0.02666666666666667
0 0.20666666666666667 0.6383333333333333 0.02666666666666667 0.02666666666666667
0 0.175 0.6083333333333333 0.02666666666666667 0.02666666666666667
0 0.49166666666666664 0.6066666666666667 0.03 0.028333333333333332
0 0.7266666666666667 0.665 0.02666666666666667 0.02666666666666667
0 0.5583333333333333 0.6916666666666667 0.023333333333333334 0.023333333333333334
0 0.18666666666666668 0.7566666666666667 0.03 0.03