0 0.7033333333333334 0.5816666666666667 0.02666666666666667 0.02
0 0.6866666666666666 0.5516666666666666 0.021666666666666667 0.023333333333333334
0 0.95 0.875 0.023333333333333334 0.023333333333333334
0 0.9666666666666667 0.9566666666666667 0.02666666666666667 0.023333333333333334
0 0.7183333333333334 0.55 0.02666666666666667 0.02666666666666667
0 0.7166666666666667 0.605 0.02666666666666667 0.023333333333333334
0 0.9816666666666667 0.755 0.023333333333333334 0.023333333333333334
0 0.6366666666666667 0.45666666666666667 0.018333333333333333 0.02
0 0.5633333333333334 0.37666666666666665 0.02 0.021666666666666667
0 0.3933333333333333 0.7566666666666667 0.023333333333333334 0.023333333333333334
0 0.37833333333333335 0.7183333333333334 0.02666666666666667 0.03333333333333333
0 0.5183333333333333 0.54 0.023333333333333334 0.025
0 0.38 0.45166666666666666 0.02 0.02
0 0.09166666666666666 0.41333333333333333 0.02666666666666667 0.023333333333333334
0 0.32166666666666666 0.4666666666666667 0.023333333333333334 0.02
0 0.42 0.4033333333333333 0.023333333333333334 0.02666666666666667
0 0.25666666666666665 0.32 0.021666666666666667 0.02
0 0.4683333333333333 0.4866666666666667 0.023333333333333334 0.03
0 0.535 0.515 0.02 0.02
0 0.93 0.81 0.023333333333333334 0.023333333333333334
0 0.23666666666666666 0.24333333333333335 0.023333333333333334 0.021666666666666667
0 0.6033333333333334 0.6866666666666666 0.025 0.03
0 0.09166666666666666 0.8983333333333333 0.021666666666666667 0.025
0 0.6033333333333334 0.33166666666666667 0.02 0.021666666666666667