0 0.8016666666666666 0.25333333333333335 0.02666666666666667 0.03
0 0.135 0.42833333333333334 0.023333333333333334 0.023333333333333334
0 0.17166666666666666 0.39 0.023333333333333334 0.02666666666666667
0 0.5083333333333333 0.355 0.023333333333333334 0.02666666666666667
0 0.405 0.8216666666666667 0.03 0.023333333333333334
0 0.37333333333333335 0.85 0.02666666666666667 0.03666666666666667
0 0.47 0.4483333333333333 0.03 0.02666666666666667
0 0.21333333333333335 0.38166666666666665 0.03 0.03
0 0.5183333333333333 0.7333333333333333 0.03 0.023333333333333334
0 0.7516666666666667 0.5866666666666667 0.023333333333333334 0.023333333333333334
0 0.3416666666666667 0.7083333333333334 0.023333333333333334 0.02666666666666667
0 0.4266666666666667 0.6116666666666667 0.02666666666666667 0.02666666666666667
0 0.42833333333333334 0.55 0.02666666666666667 0.02666666666666667
0 0.545 0.46166666666666667 0.023333333333333334 0.02666666666666667
0 0.4766666666666667 0.35 0.03 0.03
0 0.44166666666666665 0.36 0.03 0.02666666666666667
0 0.39166666666666666 0.43166666666666664 0.03 0.02666666666666667
0 0.23 0.5133333333333333 0.03 0.023333333333333334
0 0.7533333333333333 0.64 0.03 0.02666666666666667
0 0.5833333333333334 0.9733333333333334 0.02666666666666667 0.02666666666666667
0 0.7483333333333333 0.365 0.023333333333333334 0.023333333333333334
0 0.6833333333333333 0.7033333333333334 0.02 0.02
0 0.6666666666666666 0.7066666666666667 0.02 0.023333333333333334
0 0.6533333333333333 0.7883333333333333 0.02 0.02666666666666667
0 0.97 0.8533333333333334 0.02666666666666667 0.023333333333333334
0 0.9716666666666667 0.9666666666666667 0.02666666666666667 0.023333333333333334
0 0.4633333333333333 0.8 0.023333333333333334 0.02666666666666667
0 0.8583333333333333 0.5166666666666667 0.03 0.03
0 0.725 0.15666666666666668 0.03 0.03
0 0.7516666666666667 0.785 0.023333333333333334 0.023333333333333334
0 0.7866666666666666 0.7433333333333333 0.023333333333333334 0.023333333333333334
0 0.7766666666666666 0.7166666666666667 0.023333333333333334 0.023333333333333334
0 0.685 0.7816666666666666 0.023333333333333334 0.023333333333333334
0 0.6883333333333334 0.8283333333333334 0.02666666666666667 0.02666666666666667
0 0.7483333333333333 0.5216666666666666 0.02666666666666667 0.02666666666666667
0 0.8366666666666667 0.6483333333333333 0.02666666666666667 0.023333333333333334
0 0.7516666666666667 0.7266666666666667 0.02 0.02
0 0.21166666666666667 0.41333333333333333 0.02666666666666667 0.023333333333333334
0 0.6666666666666666 0.7333333333333333 0.023333333333333334 0.023333333333333334
0 0.6 0.9416666666666667 0.023333333333333334 0.023333333333333334