0 0.4483333333333333 0.8266666666666667 0.03333333333333333 0.03
0 0.2966666666666667 0.9766666666666667 0.02666666666666667 0.03
0 0.13333333333333333 0.9683333333333334 0.023333333333333334 0.02666666666666667
0 0.30333333333333334 0.6733333333333333 0.02666666666666667 0.028333333333333332
0 0.13333333333333333 0.6683333333333333 0.03 0.03
0 0.14666666666666667 0.6183333333333333 0.03 0.03333333333333333
0 0.2966666666666667 0.885 0.023333333333333334 0.025
0 0.7066666666666667 0.5816666666666667 0.025 0.03
0 0.6216666666666667 0.5383333333333333 0.03666666666666667 0.023333333333333334
0 0.6166666666666667 0.595 0.03 0.03
0 0.6483333333333333 0.5283333333333333 0.02666666666666667 0.02666666666666667
0 0.5666666666666667 0.8683333333333333 0.02 0.02
0 0.5916666666666667 0.8766666666666667 0.02 0.02
0 0.6933333333333334 0.6166666666666667 0.021666666666666667 0.021666666666666667
0 0.34833333333333333 0.175 0.03333333333333333 0.03
0 0.18833333333333332 0.315 0.023333333333333334 0.03
0 0.295 0.2783333333333333 0.028333333333333332 0.02666666666666667
0 0.11833333333333333 0.13666666666666666 0.023333333333333334 0.023333333333333334
0 0.3283333333333333 0.1 0.023333333333333334 0.02
0 0.24666666666666667 0.22666666666666666 0.02 0.02
0 0.11166666666666666 0.3416666666666667 0.02666666666666667 0.02
0 0.43166666666666664 0.32 0.025 0.023333333333333334
0 0.18333333333333332 0.12833333333333333 0.02666666666666667 0.023333333333333334
0 0.18166666666666667 0.15333333333333332 0.02666666666666667 0.023333333333333334
0 0.37333333333333335 0.25166666666666665 0.02 0.02
0 0.22333333333333333 0.23 0.023333333333333334 0.023333333333333334
0 0.38666666666666666 0.19666666666666666 0.023333333333333334 0.023333333333333334
0 0.335 0.008333333333333333 0.023333333333333334 0.016666666666666666
0 0.9616666666666667 0.29 0.02666666666666667 0.02666666666666667
0 0.8066666666666666 0.435 0.03 0.03333333333333333
0 0.5683333333333334 0.44 0.023333333333333334 0.02666666666666667
0 0.625 0.44666666666666666 0.023333333333333334 0.02
0 0.6983333333333334 0.42333333333333334 0.023333333333333334 0.023333333333333334
0 0.635 0.39666666666666667 0.023333333333333334 0.02666666666666667
0 0.8316666666666667 0.415 0.02666666666666667 0.02
0 0.705 0.3383333333333333 0.02666666666666667 0.02
0 0.8216666666666667 0.3933333333333333 0.02 0.02666666666666667
0 0.68 0.3333333333333333 0.023333333333333334 0.023333333333333334
0 0.8066666666666666 0.01 0.02666666666666667 0.02
0 0.64 0.49833333333333335 0.023333333333333334 0.028333333333333332
0 0.9383333333333334 0.22 0.023333333333333334 0.02666666666666667
0 0.15333333333333332 0.7766666666666666 0.025 0.03166666666666667
0 0.535 0.5133333333333333 0.035 0.03166666666666667
0 0.25 0.03333333333333333 0.03 0.028333333333333332
0 0.52 0.10166666666666667 0.023333333333333334 0.028333333333333332
0 0.515 0.2733333333333333 0.02666666666666667 0.025
0 0.645 0.42833333333333334 0.03166666666666667 0.025