0 0.13833333333333334 0.5933333333333334 0.023333333333333334 0.025
0 0.015 0.62 0.021666666666666667 0.021666666666666667
0 0.075 0.65 0.02666666666666667 0.023333333333333334
0 0.235 0.6533333333333333 0.025 0.02666666666666667
0 0.31666666666666665 0.66 0.03 0.03
0 0.018333333333333333 0.7166666666666667 0.02666666666666667 0.025
0 0.33166666666666667 0.7283333333333334 0.03 0.02666666666666667
0 0.03 0.6933333333333334 0.023333333333333334 0.023333333333333334
0 0.17333333333333334 0.705 0.03 0.02666666666666667
0 0.4166666666666667 0.66 0.023333333333333334 0.023333333333333334
0 0.18833333333333332 0.61 0.023333333333333334 0.023333333333333334
0 0.025 0.65 0.023333333333333334 0.023333333333333334
0 0.9183333333333333 0.21 0.023333333333333334 0.021666666666666667
0 0.9433333333333334 0.21333333333333335 0.025 0.02
0 0.8683333333333333 0.23 0.023333333333333334 0.023333333333333334
0 0.6783333333333333 0.27 0.025 0.023333333333333334
0 0.9733333333333334 0.2 0.023333333333333334 0.02
0 0.9366666666666666 0.17833333333333334 0.023333333333333334 0.02
0 0.7866666666666666 0.89 0.025 0.021666666666666667
0 0.7666666666666667 0.81 0.021666666666666667 0.023333333333333334
0 0.755 0.8833333333333333 0.023333333333333334 0.023333333333333334
0 0.6316666666666667 0.785 0.023333333333333334 0.023333333333333334
0 0.6566666666666666 0.7633333333333333 0.023333333333333334 0.023333333333333334
0 0.9833333333333333 0.8516666666666667 0.02666666666666667 0.02666666666666667
0 0.7 0.99 0.02 0.02
0 0.17833333333333334 0.7933333333333333 0.02666666666666667 0.018333333333333333