0 0.12666666666666668 0.9116666666666666 0.02 0.02666666666666667
0 0.14833333333333334 0.9166666666666666 0.023333333333333334 0.02666666666666667
0 0.15666666666666668 0.9383333333333334 0.023333333333333334 0.03
0 0.13333333333333333 0.045 0.03 0.03
0 0.07333333333333333 0.14666666666666667 0.02666666666666667 0.03
0 0.205 0.27166666666666667 0.03666666666666667 0.03
0 0.08666666666666667 0.028333333333333332 0.035 0.02666666666666667
0 0.14333333333333334 0.013333333333333334 0.023333333333333334 0.02
0 0.07166666666666667 0.05 0.03 0.025
0 0.05 0.045 0.03166666666666667 0.02666666666666667
0 0.04 0.15 0.023333333333333334 0.02
0 0.2816666666666667 0.23166666666666666 0.02666666666666667 0.023333333333333334
0 0.14333333333333334 0.37 0.02666666666666667 0.02666666666666667
0 0.21166666666666667 0.4483333333333333 0.02 0.02
0 0.4816666666666667 0.5066666666666667 0.023333333333333334 0.02
0 0.10833333333333334 0.39166666666666666 0.02666666666666667 0.02666666666666667
0 0.49166666666666664 0.7066666666666667 0.023333333333333334 0.023333333333333334
0 0.2816666666666667 0.23166666666666666 0.02666666666666667 0.02666666666666667
0 0.20833333333333334 0.9766666666666667 0.02 0.02
0 0.495 0.6766666666666666 0.03 0.02666666666666667
0 0.25166666666666665 0.9333333333333333 0.023333333333333334 0.023333333333333334
0 0.5133333333333333 0.7583333333333333 0.02 0.023333333333333334
0 0.09666666666666666 0.4116666666666667 0.023333333333333334 0.023333333333333334
0 0.24 0.9116666666666666 0.023333333333333334 0.023333333333333334
0 0.6566666666666666 0.6633333333333333 0.02666666666666667 0.02
0 0.6366666666666667 0.6933333333333334 0.02666666666666667 0.02666666666666667
0 0.7466666666666667 0.8033333333333333 0.03 0.03
0 0.7066666666666667 0.8116666666666666 0.02666666666666667 0.02
0 0.5583333333333333 0.7716666666666666 0.03 0.03
0 0.825 0.4033333333333333 0.023333333333333334 0.02666666666666667
0 0.8483333333333334 0.44333333333333336 0.02 0.023333333333333334
0 0.6733333333333333 0.5983333333333334 0.02 0.02
0 0.5483333333333333 0.75 0.023333333333333334 0.02
0 0.9216666666666666 0.37666666666666665 0.02666666666666667 0.02666666666666667
0 0.8016666666666666 0.835 0.02666666666666667 0.023333333333333334
0 0.015 0.13166666666666665 0.03 0.02666666666666667
0 0.016666666666666666 0.16833333333333333 0.023333333333333334 0.02
0 0.041666666666666664 0.075 0.03166666666666667 0.03
0 0.34833333333333333 0.33 0.018333333333333333 0.02666666666666667
0 0.03333333333333333 0.445 0.03333333333333333 0.028333333333333332
0 0.19 0.9433333333333334 0.025 0.023333333333333334
0 0.6266666666666667 0.42333333333333334 0.021666666666666667 0.021666666666666667
0 0.21833333333333332 0.3466666666666667 0.023333333333333334 0.02666666666666667