0 0.10833333333333334 0.9716666666666667 0.02666666666666667 0.02666666666666667
0 0.8833333333333333 0.07 0.03 0.03
0 0.9233333333333333 0.008333333333333333 0.023333333333333334 0.016666666666666666
0 0.77 0.058333333333333334 0.03 0.02666666666666667
0 0.8566666666666667 0.11166666666666666 0.02666666666666667 0.03
0 0.9516666666666667 0.09666666666666666 0.02666666666666667 0.02666666666666667
0 0.9783333333333334 0.043333333333333335 0.023333333333333334 0.03
0 0.8516666666666667 0.22166666666666668 0.02666666666666667 0.02666666666666667
0 0.7483333333333333 0.21 0.02666666666666667 0.03
0 0.9216666666666666 0.12166666666666667 0.02666666666666667 0.02666666666666667
0 0.72 0.4033333333333333 0.028333333333333332 0.03
0 0.9716666666666667 0.08 0.02 0.02
0 0.7633333333333333 0.15166666666666667 0.02666666666666667 0.02666666666666667
0 0.7433333333333333 0.27 0.03 0.028333333333333332