0 0.035 0.7516666666666667 0.02666666666666667 0.03333333333333333
0 0.10833333333333334 0.985 0.023333333333333334 0.02
0 0.14666666666666667 0.7916666666666666 0.02666666666666667 0.02
0 0.13166666666666665 0.5916666666666667 0.02666666666666667 0.03
0 0.215 0.56 0.02666666666666667 0.02666666666666667
0 0.17166666666666666 0.59 0.03 0.02
0 0.26166666666666666 0.85 0.02666666666666667 0.03
0 0.05333333333333334 0.7883333333333333 0.03 0.023333333333333334
0 0.09 0.5466666666666666 0.02666666666666667 0.02666666666666667
0 0.22833333333333333 0.8466666666666667 0.023333333333333334 0.023333333333333334
0 0.21166666666666667 0.9633333333333334 0.023333333333333334 0.023333333333333334
0 0.18833333333333332 0.5766666666666667 0.03 0.02
0 0.13833333333333334 0.84 0.02666666666666667 0.02666666666666667
0 0.33166666666666667 0.5616666666666666 0.02666666666666667 0.02666666666666667
0 0.155 0.9666666666666667 0.023333333333333334 0.023333333333333334
0 0.29333333333333333 0.6266666666666667 0.02666666666666667 0.03
0 0.16 0.5483333333333333 0.03 0.023333333333333334
0 0.27166666666666667 0.5933333333333334 0.023333333333333334 0.02666666666666667
0 0.03666666666666667 0.9766666666666667 0.02666666666666667 0.023333333333333334
0 0.36 0.9816666666666667 0.02666666666666667 0.023333333333333334
0 0.7666666666666667 0.8766666666666667 0.023333333333333334 0.023333333333333334
0 0.043333333333333335 0.22166666666666668 0.03 0.02666666666666667
0 0.21166666666666667 0.19666666666666666 0.03 0.023333333333333334
0 0.16 0.43666666666666665 0.03333333333333333 0.03
0 0.13 0.14 0.03 0.023333333333333334
0 0.14 0.095 0.02666666666666667 0.02666666666666667
0 0.19666666666666666 0.03166666666666667 0.02666666666666667 0.023333333333333334
0 0.03333333333333333 0.056666666666666664 0.02666666666666667 0.02666666666666667
0 0.105 0.22833333333333333 0.03 0.023333333333333334
0 0.018333333333333333 0.18833333333333332 0.03 0.03
0 0.115 0.16333333333333333 0.023333333333333334 0.023333333333333334
0 0.13166666666666665 0.265 0.03 0.02666666666666667
0 0.11166666666666666 0.365 0.023333333333333334 0.023333333333333334
0 0.30333333333333334 0.36333333333333334 0.023333333333333334 0.023333333333333334
0 0.34 0.021666666666666667 0.02 0.023333333333333334
0 0.12 0.465 0.023333333333333334 0.02
0 0.285 0.16833333333333333 0.03 0.02666666666666667
0 0.17333333333333334 0.18333333333333332 0.02666666666666667 0.02
0 0.21166666666666667 0.4716666666666667 0.03 0.02666666666666667
0 0.18833333333333332 0.365 0.03 0.023333333333333334
0 0.31833333333333336 0.05 0.03166666666666667 0.025
0 0.25666666666666665 0.395 0.023333333333333334 0.023333333333333334
0 0.15666666666666668 0.23166666666666666 0.02666666666666667 0.02666666666666667
0 0.016666666666666666 0.4716666666666667 0.023333333333333334 0.023333333333333334
0 0.01 0.445 0.02 0.023333333333333334
0 0.008333333333333333 0.40166666666666667 0.016666666666666666 0.02
0 0.12833333333333333 0.051666666666666666 0.03333333333333333 0.028333333333333332
0 0.11166666666666666 0.31 0.023333333333333334 0.02
0 0.15166666666666667 0.30833333333333335 0.023333333333333334 0.02
0 0.9816666666666667 0.4066666666666667 0.02666666666666667 0.02666666666666667
0 0.9133333333333333 0.17333333333333334 0.03 0.02666666666666667
0 0.9216666666666666 0.235 0.02666666666666667 0.02666666666666667
0 0.5716666666666667 0.38166666666666665 0.023333333333333334 0.023333333333333334
0 0.6233333333333333 0.07166666666666667 0.023333333333333334 0.023333333333333334
0 0.31166666666666665 0.01 0.02666666666666667 0.02
0 0.6016666666666667 0.03833333333333333 0.028333333333333332 0.02
0 0.051666666666666666 0.041666666666666664 0.025 0.023333333333333334
0 0.05 0.43166666666666664 0.028333333333333332 0.021666666666666667