0 0.8266666666666667 0.23166666666666666 0.02666666666666667 0.02666666666666667
0 0.6266666666666667 0.48833333333333334 0.03 0.02
0 0.6933333333333334 0.49 0.03 0.023333333333333334
0 0.84 0.8683333333333333 0.023333333333333334 0.023333333333333334
0 0.7566666666666667 0.9033333333333333 0.023333333333333334 0.023333333333333334
0 0.8983333333333333 0.6216666666666667 0.03 0.02666666666666667
0 0.7383333333333333 0.7566666666666667 0.023333333333333334 0.02666666666666667
0 0.855 0.5716666666666667 0.02666666666666667 0.023333333333333334
0 0.9166666666666666 0.3883333333333333 0.023333333333333334 0.02
0 0.8566666666666667 0.2683333333333333 0.023333333333333334 0.02
0 0.9316666666666666 0.3566666666666667 0.02666666666666667 0.023333333333333334
0 0.6916666666666667 0.6133333333333333 0.02666666666666667 0.023333333333333334
0 0.6633333333333333 0.5316666666666666 0.03 0.02666666666666667
0 0.6866666666666666 0.805 0.02666666666666667 0.023333333333333334
0 0.5933333333333334 0.8233333333333334 0.02 0.02
0 0.7283333333333334 0.8033333333333333 0.02666666666666667 0.02666666666666667
0 0.8316666666666667 0.2916666666666667 0.023333333333333334 0.023333333333333334
0 0.7816666666666666 0.1 0.03 0.03
0 0.8633333333333333 0.9266666666666666 0.02666666666666667 0.02666666666666667
0 0.8883333333333333 0.57 0.023333333333333334 0.023333333333333334
0 0.8916666666666667 0.4816666666666667 0.02666666666666667 0.02666666666666667
0 0.625 0.7116666666666667 0.02666666666666667 0.023333333333333334
0 0.6916666666666667 0.7833333333333333 0.02666666666666667 0.023333333333333334
0 0.6666666666666666 0.7866666666666666 0.023333333333333334 0.023333333333333334
0 0.94 0.18833333333333332 0.02666666666666667 0.02666666666666667
0 0.9116666666666666 0.25833333333333336 0.023333333333333334 0.023333333333333334
0 0.7966666666666666 0.4116666666666667 0.023333333333333334 0.023333333333333334
0 0.575 0.7833333333333333 0.023333333333333334 0.023333333333333334
0 0.8666666666666667 0.535 0.02666666666666667 0.02666666666666667
0 0.8733333333333333 0.16166666666666665 0.02666666666666667 0.02666666666666667
0 0.8233333333333334 0.7283333333333334 0.02666666666666667 0.02666666666666667
0 0.7366666666666667 0.8733333333333333 0.02666666666666667 0.02666666666666667
0 0.8416666666666667 0.6 0.02666666666666667 0.02666666666666667
0 0.9033333333333333 0.11833333333333333 0.02666666666666667 0.02666666666666667
0 0.8516666666666667 0.41833333333333333 0.023333333333333334 0.023333333333333334
0 0.9566666666666667 0.5333333333333333 0.02666666666666667 0.02666666666666667
0 0.765 0.8616666666666667 0.023333333333333334 0.023333333333333334
0 0.9783333333333334 0.07166666666666667 0.03 0.03
0 0.6933333333333334 0.8283333333333334 0.023333333333333334 0.023333333333333334
0 0.6616666666666666 0.8233333333333334 0.02666666666666667 0.023333333333333334
0 0.7483333333333333 0.8466666666666667 0.023333333333333334 0.023333333333333334
0 0.9533333333333334 0.051666666666666666 0.03 0.03
0 0.6466666666666666 0.76 0.02666666666666667 0.02666666666666667
0 0.7933333333333333 0.05333333333333334 0.02666666666666667 0.02666666666666667
0 0.7683333333333333 0.04666666666666667 0.02666666666666667 0.02666666666666667
0 0.5783333333333334 0.625 0.03 0.03
0 0.8183333333333334 0.67 0.02666666666666667 0.03333333333333333
0 0.7233333333333334 0.86 0.02666666666666667 0.03
0 0.9766666666666667 0.925 0.03333333333333333 0.04
0 0.9666666666666667 0.9716666666666667 0.03666666666666667 0.02666666666666667
0 0.9616666666666667 0.5633333333333334 0.03 0.03333333333333333
0 0.9016666666666666 0.14166666666666666 0.03333333333333333 0.023333333333333334
0 0.625 0.51 0.03666666666666667 0.02666666666666667
0 0.9616666666666667 0.25833333333333336 0.023333333333333334 0.02666666666666667
0 0.9283333333333333 0.25833333333333336 0.023333333333333334 0.03
0 0.8783333333333333 0.4066666666666667 0.02666666666666667 0.03333333333333333
0 0.8716666666666667 0.11833333333333333 0.02666666666666667 0.023333333333333334
0 0.8483333333333334 0.5083333333333333 0.023333333333333334 0.02666666666666667
0 0.6616666666666666 0.4866666666666667 0.023333333333333334 0.023333333333333334
0 0.9666666666666667 0.6066666666666667 0.03 0.02
0 0.96 0.7283333333333334 0.02666666666666667 0.023333333333333334
0 0.7033333333333334 0.7216666666666667 0.02666666666666667 0.02666666666666667
0 0.6116666666666667 0.645 0.023333333333333334 0.023333333333333334
0 0.6066666666666667 0.615 0.023333333333333334 0.023333333333333334
0 0.9266666666666666 0.03 0.03 0.023333333333333334
0 0.7716666666666666 0.92 0.02666666666666667 0.02
0 0.5716666666666667 0.6483333333333333 0.02666666666666667 0.02666666666666667
0 0.05 0.7433333333333333 0.02666666666666667 0.02666666666666667
0 0.008333333333333333 0.3283333333333333 0.016666666666666666 0.023333333333333334
0 0.49333333333333335 0.415 0.02666666666666667 0.023333333333333334
0 0.495 0.205 0.023333333333333334 0.02
0 0.45666666666666667 0.36333333333333334 0.03333333333333333 0.03333333333333333
0 0.805 0.29 0.03 0.03166666666666667
0 0.8416666666666667 0.21833333333333332 0.02666666666666667 0.025
0 0.84 0.925 0.025 0.025