0 0.76 0.9166666666666666 0.03 0.02666666666666667
0 0.8466666666666667 0.8816666666666667 0.03 0.023333333333333334
0 0.7866666666666666 0.7116666666666667 0.023333333333333334 0.02
0 0.5866666666666667 0.7416666666666667 0.023333333333333334 0.02
0 0.775 0.5766666666666667 0.023333333333333334 0.02
0 0.625 0.98 0.02 0.02666666666666667
0 0.6533333333333333 0.8966666666666666 0.03 0.02666666666666667
0 0.7733333333333333 0.8566666666666667 0.02666666666666667 0.02
0 0.5866666666666667 0.5783333333333334 0.023333333333333334 0.023333333333333334
0 0.6916666666666667 0.6383333333333333 0.023333333333333334 0.023333333333333334
0 0.5666666666666667 0.8616666666666667 0.023333333333333334 0.02666666666666667
0 0.7383333333333333 0.54 0.023333333333333334 0.02
0 0.6533333333333333 0.725 0.02666666666666667 0.023333333333333334
0 0.61 0.7466666666666667 0.03333333333333333 0.03
0 0.795 0.5233333333333333 0.03333333333333333 0.03
0 0.5266666666666666 0.52 0.02666666666666667 0.02666666666666667
0 0.9316666666666666 0.84 0.02666666666666667 0.025
0 0.6533333333333333 0.8566666666666667 0.02 0.023333333333333334
0 0.5283333333333333 0.9616666666666667 0.02 0.02666666666666667
0 0.5333333333333333 0.9116666666666666 0.023333333333333334 0.023333333333333334
0 0.525 0.9383333333333334 0.013333333333333334 0.03
0 0.7916666666666666 0.68 0.02 0.02
0 0.69 0.7733333333333333 0.02 0.02
0 0.7416666666666667 0.9866666666666667 0.02666666666666667 0.02666666666666667
0 0.095 0.25666666666666665 0.02 0.02666666666666667
0 0.13666666666666666 0.23666666666666666 0.03 0.02
0 0.17666666666666667 0.24 0.02 0.023333333333333334
0 0.21166666666666667 0.215 0.02666666666666667 0.03
0 0.31166666666666665 0.39 0.03 0.02666666666666667
0 0.16666666666666666 0.3233333333333333 0.03 0.02
0 0.25 0.25 0.02 0.02
0 0.24166666666666667 0.295 0.02666666666666667 0.02
0 0.23 0.31333333333333335 0.02666666666666667 0.023333333333333334
0 0.38 0.41 0.02666666666666667 0.02
0 0.4083333333333333 0.4083333333333333 0.02 0.02
0 0.47333333333333333 0.4633333333333333 0.02666666666666667 0.02
0 0.31666666666666665 0.32166666666666666 0.02 0.023333333333333334
0 0.30666666666666664 0.26666666666666666 0.02 0.02
0 0.028333333333333332 0.03166666666666667 0.023333333333333334 0.02
0 0.07833333333333334 0.145 0.023333333333333334 0.03
0 0.14166666666666666 0.12166666666666667 0.023333333333333334 0.023333333333333334
0 0.08833333333333333 0.03 0.02 0.02
0 0.13 0.205 0.023333333333333334 0.02
0 0.37333333333333335 0.08833333333333333 0.02 0.03
0 0.37333333333333335 0.37333333333333335 0.023333333333333334 0.02666666666666667
0 0.43833333333333335 0.4216666666666667 0.02 0.023333333333333334
0 0.4766666666666667 0.36333333333333334 0.02666666666666667 0.023333333333333334
0 0.345 0.23666666666666666 0.023333333333333334 0.023333333333333334
0 0.09 0.22666666666666666 0.023333333333333334 0.023333333333333334
0 0.4033333333333333 0.46 0.02 0.02
0 0.03 0.16166666666666665 0.02 0.02
0 0.08333333333333333 0.09833333333333333 0.023333333333333334 0.02
0 0.7966666666666666 0.31166666666666665 0.02666666666666667 0.02666666666666667
0 0.985 0.2833333333333333 0.023333333333333334 0.03
0 0.9566666666666667 0.09 0.02666666666666667 0.03
0 0.705 0.435 0.02 0.02
0 0.6666666666666666 0.4116666666666667 0.02666666666666667 0.02
0 0.7166666666666667 0.4483333333333333 0.02 0.03
0 0.5516666666666666 0.42 0.02 0.02
0 0.7466666666666667 0.475 0.02666666666666667 0.02666666666666667
0 0.9016666666666666 0.03333333333333333 0.02666666666666667 0.02666666666666667
0 0.5866666666666667 0.39666666666666667 0.023333333333333334 0.02
0 0.2 0.865 0.025 0.023333333333333334
0 0.09666666666666666 0.8216666666666667 0.02 0.023333333333333334
0 0.06 0.8933333333333333 0.02666666666666667 0.023333333333333334
0 0.03666666666666667 0.8466666666666667 0.023333333333333334 0.02666666666666667
0 0.2833333333333333 0.9266666666666666 0.02666666666666667 0.02
0 0.2783333333333333 0.9466666666666667 0.023333333333333334 0.023333333333333334
0 0.40166666666666667 0.7416666666666667 0.02 0.02
0 0.10333333333333333 0.8616666666666667 0.02666666666666667 0.028333333333333332
0 0.19833333333333333 0.8833333333333333 0.02 0.02
0 0.27 0.6616666666666666 0.02 0.02
0 0.3933333333333333 0.6816666666666666 0.016666666666666666 0.02
0 0.16333333333333333 0.9733333333333334 0.023333333333333334 0.02
0 0.08 0.84 0.028333333333333332 0.028333333333333332
0 0.18666666666666668 0.8933333333333333 0.02 0.023333333333333334
0 0.03833333333333333 0.8233333333333334 0.023333333333333334 0.02666666666666667
0 0.41 0.7716666666666666 0.016666666666666666 0.02
0 0.5066666666666667 0.9733333333333334 0.02666666666666667 0.03
0 0.30833333333333335 0.5666666666666667 0.02666666666666667 0.02666666666666667
0 0.34833333333333333 0.655 0.023333333333333334 0.023333333333333334
0 0.30333333333333334 0.5866666666666667 0.023333333333333334 0.023333333333333334
0 0.27666666666666667 0.9766666666666667 0.02666666666666667 0.02666666666666667
0 0.34833333333333333 0.6 0.02666666666666667 0.023333333333333334
0 0.225 0.9016666666666666 0.023333333333333334 0.023333333333333334
0 0.45666666666666667 0.6933333333333334 0.023333333333333334 0.023333333333333334
0 0.38666666666666666 0.705 0.023333333333333334 0.03
0 0.22833333333333333 0.9133333333333333 0.023333333333333334 0.023333333333333334
0 0.5916666666666667 0.5283333333333333 0.03166666666666667 0.03333333333333333
0 0.5233333333333333 0.42 0.028333333333333332 0.025
0 0.55 0.9866666666666667 0.02666666666666667 0.025
0 0.065 0.8066666666666666 0.021666666666666667 0.025
0 0.95 0.6 0.02666666666666667 0.028333333333333332
0 0.5183333333333333 0.5516666666666666 0.023333333333333334 0.023333333333333334