0 0.905 0.77 0.03 0.023333333333333334
0 0.6866666666666666 0.89 0.023333333333333334 0.02666666666666667
0 0.28 0.49833333333333335 0.028333333333333332 0.023333333333333334
0 0.2966666666666667 0.4483333333333333 0.02666666666666667 0.02
0 0.26 0.06666666666666667 0.02666666666666667 0.023333333333333334
0 0.23166666666666666 0.26166666666666666 0.03 0.03
0 0.15166666666666667 0.2866666666666667 0.025 0.02666666666666667
0 0.9766666666666667 0.14 0.02666666666666667 0.02666666666666667
0 0.6433333333333333 0.38333333333333336 0.023333333333333334 0.02666666666666667
0 0.715 0.3616666666666667 0.03 0.023333333333333334
0 0.795 0.5133333333333333 0.03 0.02666666666666667
0 0.94 0.38333333333333336 0.02666666666666667 0.023333333333333334
0 0.805 0.02666666666666667 0.028333333333333332 0.025
0 0.92 0.14166666666666666 0.023333333333333334 0.023333333333333334
0 0.17666666666666667 0.62 0.023333333333333334 0.023333333333333334
0 0.19666666666666666 0.6166666666666667 0.021666666666666667 0.025
0 0.9 0.5816666666666667 0.02666666666666667 0.025