0 0.5666666666666667 0.16833333333333333 0.035 0.03
0 0.745 0.4116666666666667 0.03 0.03
0 0.5933333333333334 0.48833333333333334 0.028333333333333332 0.02666666666666667
0 0.9266666666666666 0.4583333333333333 0.03 0.023333333333333334
0 0.585 0.14166666666666666 0.03 0.03
0 0.5733333333333334 0.11 0.02666666666666667 0.02666666666666667
0 0.5966666666666667 0.16333333333333333 0.02666666666666667 0.02666666666666667
0 0.11333333333333333 0.07333333333333333 0.03 0.03
0 0.24 0.16166666666666665 0.02666666666666667 0.023333333333333334
0 0.28833333333333333 0.21166666666666667 0.023333333333333334 0.021666666666666667
0 0.19 0.245 0.03 0.02666666666666667
0 0.36666666666666664 0.23333333333333334 0.023333333333333334 0.03
0 0.36833333333333335 0.16333333333333333 0.023333333333333334 0.03
0 0.31833333333333336 0.2 0.03 0.023333333333333334
0 0.32166666666666666 0.21833333333333332 0.02666666666666667 0.02
0 0.45666666666666667 0.2 0.023333333333333334 0.03333333333333333
0 0.39166666666666666 0.20166666666666666 0.023333333333333334 0.03
0 0.5283333333333333 0.06333333333333334 0.03333333333333333 0.03
0 0.5266666666666666 0.30333333333333334 0.023333333333333334 0.023333333333333334
0 0.32 0.325 0.02666666666666667 0.023333333333333334
0 0.465 0.3883333333333333 0.03 0.02666666666666667
0 0.35333333333333333 0.19 0.02666666666666667 0.023333333333333334
0 0.32666666666666666 0.175 0.02666666666666667 0.03
0 0.35 0.22333333333333333 0.023333333333333334 0.02666666666666667
0 0.36 0.20666666666666667 0.03 0.023333333333333334
0 0.49333333333333335 0.008333333333333333 0.02666666666666667 0.016666666666666666
0 0.4166666666666667 0.23166666666666666 0.02666666666666667 0.02666666666666667
0 0.31 0.5483333333333333 0.02666666666666667 0.023333333333333334
0 0.47833333333333333 0.6033333333333334 0.02 0.023333333333333334
0 0.6216666666666667 0.5533333333333333 0.028333333333333332 0.028333333333333332
0 0.7683333333333333 0.5283333333333333 0.03 0.03
0 0.885 0.6616666666666666 0.03 0.02666666666666667
0 0.7266666666666667 0.575 0.03 0.02666666666666667
0 0.9283333333333333 0.7083333333333334 0.03 0.03
0 0.9483333333333334 0.6683333333333333 0.03 0.02666666666666667
0 0.945 0.6416666666666667 0.02666666666666667 0.023333333333333334
0 0.9516666666666667 0.5466666666666666 0.03 0.023333333333333334
0 0.9716666666666667 0.75 0.02 0.02666666666666667
0 0.9766666666666667 0.7816666666666666 0.02666666666666667 0.02666666666666667
0 0.6466666666666666 0.8916666666666667 0.02666666666666667 0.02666666666666667
0 0.6683333333333333 0.9783333333333334 0.023333333333333334 0.02
0 0.6966666666666667 0.9683333333333334 0.023333333333333334 0.023333333333333334
0 0.9033333333333333 0.9783333333333334 0.02666666666666667 0.023333333333333334
0 0.7666666666666667 0.49166666666666664 0.03166666666666667 0.03166666666666667
0 0.4766666666666667 0.155 0.03 0.025
0 0.72 0.46 0.023333333333333334 0.03
0 0.625 0.51 0.03 0.03333333333333333