0 0.6466666666666666 0.5633333333333334 0.028333333333333332 0.03
0 0.6616666666666666 0.5833333333333334 0.03333333333333333 0.03
0 0.6583333333333333 0.625 0.023333333333333334 0.02
0 0.7366666666666667 0.68 0.03166666666666667 0.023333333333333334
0 0.8383333333333334 0.7583333333333333 0.03 0.02666666666666667
0 0.7766666666666666 0.7866666666666666 0.03333333333333333 0.023333333333333334
0 0.775 0.8033333333333333 0.03 0.023333333333333334
0 0.7966666666666666 0.7883333333333333 0.02666666666666667 0.023333333333333334
0 0.9066666666666666 0.6583333333333333 0.028333333333333332 0.028333333333333332
0 0.8183333333333334 0.7833333333333333 0.023333333333333334 0.023333333333333334
0 0.9033333333333333 0.6283333333333333 0.03 0.03
0 0.6666666666666666 0.5366666666666666 0.023333333333333334 0.023333333333333334
0 0.8416666666666667 0.9233333333333333 0.03 0.03
0 0.8083333333333333 0.82 0.03 0.03