0 0.24833333333333332 0.7266666666666667 0.03 0.02666666666666667
0 0.31333333333333335 0.7133333333333334 0.02 0.023333333333333334
0 0.415 0.8033333333333333 0.021666666666666667 0.02666666666666667
0 0.3933333333333333 0.805 0.02 0.02
0 0.028333333333333332 0.9433333333333334 0.03 0.03333333333333333
0 0.055 0.9566666666666667 0.02666666666666667 0.02
0 0.16 0.9783333333333334 0.03 0.03
0 0.455 0.8516666666666667 0.02 0.023333333333333334
0 0.29833333333333334 0.9433333333333334 0.02666666666666667 0.023333333333333334
0 0.23 0.8966666666666666 0.03 0.02
0 0.3466666666666667 0.815 0.02666666666666667 0.028333333333333332
0 0.23666666666666666 0.8633333333333333 0.02666666666666667 0.02
0 0.505 0.8433333333333334 0.03 0.02666666666666667
0 0.4633333333333333 0.81 0.02 0.023333333333333334
0 0.13166666666666665 0.6583333333333333 0.02 0.02666666666666667
0 0.3283333333333333 0.7966666666666666 0.02 0.023333333333333334
0 0.38 0.83 0.023333333333333334 0.03166666666666667
0 0.4266666666666667 0.905 0.03 0.03333333333333333
0 0.5 0.9716666666666667 0.02666666666666667 0.03166666666666667
0 0.22833333333333333 0.5516666666666666 0.02 0.021666666666666667
0 0.17333333333333334 0.645 0.02666666666666667 0.02666666666666667
0 0.03 0.835 0.025 0.03166666666666667
0 0.4066666666666667 0.39 0.023333333333333334 0.02666666666666667
0 0.295 0.405 0.02 0.023333333333333334
0 0.11166666666666666 0.43666666666666665 0.02 0.02
0 0.23333333333333334 0.37166666666666665 0.03 0.02666666666666667
0 0.21166666666666667 0.34833333333333333 0.03 0.023333333333333334
0 0.13833333333333334 0.395 0.02666666666666667 0.02
0 0.13166666666666665 0.43166666666666664 0.023333333333333334 0.023333333333333334
0 0.625 0.45 0.02666666666666667 0.035
0 0.6683333333333333 0.475 0.02 0.02
0 0.7183333333333334 0.4533333333333333 0.02 0.023333333333333334
0 0.725 0.16333333333333333 0.02666666666666667 0.02666666666666667
0 0.6766666666666666 0.855 0.03 0.02666666666666667
0 0.6316666666666667 0.8583333333333333 0.02666666666666667 0.02666666666666667
0 0.5933333333333334 0.875 0.025 0.028333333333333332
0 0.83 0.8416666666666667 0.02666666666666667 0.03
0 0.8866666666666667 0.8133333333333334 0.02666666666666667 0.02666666666666667
0 0.5933333333333334 0.8966666666666666 0.025 0.02666666666666667
0 0.5683333333333334 0.8316666666666667 0.02 0.02666666666666667
0 0.9066666666666666 0.7466666666666667 0.03 0.023333333333333334
0 0.7083333333333334 0.8316666666666667 0.02 0.02666666666666667
0 0.7116666666666667 0.86 0.02666666666666667 0.023333333333333334
0 0.5366666666666666 0.8483333333333334 0.03 0.03
0 0.16666666666666666 0.5083333333333333 0.02666666666666667 0.02666666666666667
0 0.6483333333333333 0.47833333333333333 0.02 0.02666666666666667
0 0.008333333333333333 0.06333333333333334 0.016666666666666666 0.023333333333333334
0 0.43666666666666665 0.8 0.023333333333333334 0.03166666666666667
0 0.7083333333333334 0.8916666666666667 0.02666666666666667 0.028333333333333332
0 0.5633333333333334 0.8716666666666667 0.02666666666666667 0.02666666666666667
0 0.2 0.9166666666666666 0.03 0.03333333333333333
0 0.5483333333333333 0.8933333333333333 0.035 0.03833333333333333
0 0.4766666666666667 0.9366666666666666 0.023333333333333334 0.021666666666666667