0 0.25833333333333336 0.5933333333333334 0.02666666666666667 0.03
0 0.21333333333333335 0.5683333333333334 0.023333333333333334 0.023333333333333334
0 0.31333333333333335 0.84 0.023333333333333334 0.02666666666666667
0 0.3333333333333333 0.8433333333333334 0.03 0.02666666666666667
0 0.37166666666666665 0.9583333333333334 0.02 0.02666666666666667
0 0.38666666666666666 0.9533333333333334 0.03 0.03333333333333333
0 0.37166666666666665 0.9816666666666667 0.023333333333333334 0.023333333333333334
0 0.32666666666666666 0.9816666666666667 0.03 0.02666666666666667
0 0.24 0.9483333333333334 0.03 0.02666666666666667
0 0.455 0.7433333333333333 0.023333333333333334 0.023333333333333334
0 0.48833333333333334 0.7466666666666667 0.023333333333333334 0.03
0 0.5016666666666667 0.7283333333333334 0.02666666666666667 0.023333333333333334
0 0.3416666666666667 0.5833333333333334 0.02666666666666667 0.023333333333333334
0 0.3233333333333333 0.5883333333333334 0.023333333333333334 0.02
0 0.28833333333333333 0.5633333333333334 0.02666666666666667 0.023333333333333334
0 0.25666666666666665 0.8283333333333334 0.03 0.023333333333333334
0 0.41833333333333333 0.9533333333333334 0.02666666666666667 0.023333333333333334
0 0.26166666666666666 0.915 0.023333333333333334 0.023333333333333334
0 0.11166666666666666 0.15166666666666667 0.03 0.03
0 0.11 0.07333333333333333 0.02666666666666667 0.02666666666666667
0 0.18166666666666667 0.3016666666666667 0.03666666666666667 0.03
0 0.09833333333333333 0.43666666666666665 0.02666666666666667 0.02666666666666667
0 0.07666666666666666 0.4816666666666667 0.03 0.03
0 0.155 0.021666666666666667 0.03 0.023333333333333334
0 0.19666666666666666 0.04 0.02666666666666667 0.02
0 0.255 0.056666666666666664 0.02666666666666667 0.03
0 0.205 0.135 0.03 0.02666666666666667
0 0.245 0.2683333333333333 0.03 0.03
0 0.3516666666666667 0.22166666666666668 0.03 0.02666666666666667
0 0.31333333333333335 0.03 0.03 0.03
0 0.31 0.056666666666666664 0.03 0.02
0 0.4666666666666667 0.305 0.03 0.02666666666666667
0 0.425 0.23333333333333334 0.03 0.023333333333333334
0 0.40166666666666667 0.24166666666666667 0.03333333333333333 0.03666666666666667
0 0.42833333333333334 0.24833333333333332 0.03 0.02666666666666667
0 0.29 0.27666666666666667 0.03 0.03
0 0.38166666666666665 0.4066666666666667 0.02666666666666667 0.023333333333333334
0 0.39 0.4716666666666667 0.02666666666666667 0.03
0 0.49166666666666664 0.3983333333333333 0.02666666666666667 0.03333333333333333
0 0.41333333333333333 0.3516666666666667 0.02666666666666667 0.023333333333333334
0 0.26166666666666666 0.34833333333333333 0.03 0.023333333333333334
0 0.31666666666666665 0.35333333333333333 0.023333333333333334 0.02666666666666667
0 0.30666666666666664 0.17666666666666667 0.03 0.023333333333333334
0 0.10833333333333334 0.49833333333333335 0.03 0.023333333333333334
0 0.4716666666666667 0.24833333333333332 0.02666666666666667 0.02666666666666667
0 0.19833333333333333 0.15666666666666668 0.02666666666666667 0.023333333333333334
0 0.27166666666666667 0.056666666666666664 0.02666666666666667 0.02666666666666667
0 0.6266666666666667 0.6083333333333333 0.03333333333333333 0.02666666666666667
0 0.7283333333333334 0.67 0.02666666666666667 0.02666666666666667
0 0.6916666666666667 0.65 0.03 0.03
0 0.6583333333333333 0.6616666666666666 0.02666666666666667 0.03666666666666667
0 0.6183333333333333 0.5533333333333333 0.023333333333333334 0.023333333333333334
0 0.62 0.5766666666666667 0.023333333333333334 0.02
0 0.7383333333333333 0.7483333333333333 0.03333333333333333 0.03333333333333333
0 0.57 0.7883333333333333 0.03 0.02
0 0.6866666666666666 0.7433333333333333 0.023333333333333334 0.02666666666666667
0 0.6716666666666666 0.9816666666666667 0.02666666666666667 0.02
0 0.7683333333333333 0.9466666666666667 0.03 0.023333333333333334
0 0.8733333333333333 0.9283333333333333 0.03 0.023333333333333334
0 0.96 0.9616666666666667 0.023333333333333334 0.02666666666666667
0 0.5583333333333333 0.39166666666666666 0.03666666666666667 0.03
0 0.6266666666666667 0.7116666666666667 0.02666666666666667 0.023333333333333334
0 0.7633333333333333 0.7016666666666667 0.023333333333333334 0.023333333333333334
0 0.12666666666666668 0.008333333333333333 0.03 0.016666666666666666
0 0.21333333333333335 0.008333333333333333 0.02666666666666667 0.016666666666666666
0 0.19166666666666668 0.6666666666666666 0.02666666666666667 0.03
0 0.2916666666666667 0.6583333333333333 0.028333333333333332 0.03
0 0.27 0.22833333333333333 0.028333333333333332 0.028333333333333332
0 0.475 0.635 0.02666666666666667 0.028333333333333332
0 0.9183333333333333 0.965 0.023333333333333334 0.028333333333333332
0 0.52 0.4533333333333333 0.03 0.025