0 0.04 0.14166666666666666 0.03 0.023333333333333334
0 0.16333333333333333 0.028333333333333332 0.03 0.023333333333333334
0 0.29 0.4666666666666667 0.023333333333333334 0.023333333333333334
0 0.8516666666666667 0.105 0.03 0.023333333333333334
0 0.91 0.12666666666666668 0.03333333333333333 0.02666666666666667
0 0.8366666666666667 0.065 0.02666666666666667 0.023333333333333334
0 0.8233333333333334 0.08333333333333333 0.02666666666666667 0.02
0 0.9016666666666666 0.04666666666666667 0.03 0.03
0 0.9866666666666667 0.115 0.02666666666666667 0.023333333333333334
0 0.011666666666666667 0.07166666666666667 0.023333333333333334 0.023333333333333334
0 0.9716666666666667 0.008333333333333333 0.03 0.016666666666666666