0 0.8716666666666667 0.015 0.03 0.03
0 0.38 0.7083333333333334 0.03 0.03
0 0.335 0.585 0.023333333333333334 0.023333333333333334
0 0.36833333333333335 0.57 0.02666666666666667 0.025
0 0.22333333333333333 0.66 0.021666666666666667 0.02
0 0.185 0.6883333333333334 0.02 0.02
0 0.07333333333333333 0.7983333333333333 0.023333333333333334 0.023333333333333334
0 0.045 0.7483333333333333 0.02 0.023333333333333334
0 0.4533333333333333 0.8683333333333333 0.02666666666666667 0.02666666666666667
0 0.23333333333333334 0.8866666666666667 0.02666666666666667 0.023333333333333334
0 0.375 0.63 0.025 0.023333333333333334
0 0.27166666666666667 0.7433333333333333 0.023333333333333334 0.02666666666666667
0 0.4766666666666667 0.6883333333333334 0.023333333333333334 0.023333333333333334
0 0.3416666666666667 0.12 0.03 0.03
0 0.23166666666666666 0.6683333333333333 0.016666666666666666 0.02