0 0.9433333333333334 0.15166666666666667 0.03 0.02
0 0.5983333333333334 0.24 0.023333333333333334 0.023333333333333334
0 0.8816666666666667 0.24333333333333335 0.03 0.02
0 0.85 0.32166666666666666 0.03 0.02666666666666667
0 0.8716666666666667 0.2733333333333333 0.02 0.02
0 0.925 0.38166666666666665 0.03 0.03
0 0.5716666666666667 0.285 0.023333333333333334 0.023333333333333334
0 0.585 0.6416666666666667 0.03 0.023333333333333334
0 0.7233333333333334 0.645 0.025 0.023333333333333334
0 0.6 0.5566666666666666 0.03 0.02666666666666667
0 0.34 0.23833333333333334 0.023333333333333334 0.023333333333333334
0 0.12833333333333333 0.06 0.03 0.02666666666666667
0 0.39 0.16166666666666665 0.02 0.023333333333333334
0 0.44 0.02 0.028333333333333332 0.02666666666666667
0 0.8566666666666667 0.13333333333333333 0.035 0.035
0 0.7966666666666666 0.07333333333333333 0.03333333333333333 0.028333333333333332