0 0.705 0.9233333333333333 0.02 0.023333333333333334
0 0.75 0.935 0.02 0.023333333333333334
0 0.8 0.9683333333333334 0.023333333333333334 0.023333333333333334
0 0.6366666666666667 0.9566666666666667 0.023333333333333334 0.023333333333333334
0 0.61 0.14666666666666667 0.02666666666666667 0.023333333333333334
0 0.605 0.235 0.02666666666666667 0.03166666666666667
0 0.6883333333333334 0.23333333333333334 0.02666666666666667 0.02666666666666667
0 0.615 0.18 0.023333333333333334 0.023333333333333334
0 0.745 0.33166666666666667 0.023333333333333334 0.023333333333333334
0 0.74 0.44166666666666665 0.02 0.023333333333333334
0 0.5883333333333334 0.16166666666666665 0.023333333333333334 0.02666666666666667
0 0.5433333333333333 0.22333333333333333 0.023333333333333334 0.02666666666666667
0 0.625 0.43333333333333335 0.023333333333333334 0.02666666666666667
0 0.7183333333333334 0.22666666666666666 0.02 0.02
0 0.9283333333333333 0.425 0.028333333333333332 0.021666666666666667
0 0.8983333333333333 0.4 0.023333333333333334 0.023333333333333334
0 0.5766666666666667 0.08666666666666667 0.03 0.02666666666666667
0 0.7616666666666667 0.22166666666666668 0.023333333333333334 0.02
0 0.66 0.36666666666666664 0.023333333333333334 0.021666666666666667
0 0.7966666666666666 0.455 0.03 0.02666666666666667
0 0.9416666666666667 0.43666666666666665 0.023333333333333334 0.023333333333333334
0 0.9816666666666667 0.13666666666666666 0.02666666666666667 0.02666666666666667
0 0.8583333333333333 0.38666666666666666 0.023333333333333334 0.023333333333333334
0 0.38666666666666666 0.73 0.02 0.02666666666666667
0 0.39666666666666667 0.7833333333333333 0.023333333333333334 0.03
0 0.29 0.9533333333333334 0.025 0.02
0 0.265 0.9516666666666667 0.02 0.02
0 0.24833333333333332 0.9533333333333334 0.023333333333333334 0.02
0 0.3383333333333333 0.9183333333333333 0.02666666666666667 0.023333333333333334
0 0.06166666666666667 0.56 0.03 0.023333333333333334
0 0.155 0.87 0.02666666666666667 0.02666666666666667
0 0.058333333333333334 0.7133333333333334 0.02666666666666667 0.02666666666666667
0 0.20333333333333334 0.87 0.023333333333333334 0.021666666666666667
0 0.5016666666666667 0.69 0.023333333333333334 0.023333333333333334
0 0.115 0.6516666666666666 0.023333333333333334 0.023333333333333334
0 0.18166666666666667 0.8833333333333333 0.023333333333333334 0.02
0 0.22166666666666668 0.8733333333333333 0.02666666666666667 0.02
0 0.44333333333333336 0.9583333333333334 0.02 0.02
0 0.195 0.8483333333333334 0.023333333333333334 0.023333333333333334
0 0.09 0.77 0.02666666666666667 0.023333333333333334
0 0.48 0.05333333333333334 0.02666666666666667 0.02666666666666667
0 0.42 0.10666666666666667 0.02666666666666667 0.023333333333333334
0 0.08833333333333333 0.07666666666666666 0.028333333333333332 0.025
0 0.09333333333333334 0.21666666666666667 0.02666666666666667 0.02666666666666667
0 0.03666666666666667 0.12333333333333334 0.02666666666666667 0.023333333333333334
0 0.023333333333333334 0.06166666666666667 0.03 0.02666666666666667
0 0.06166666666666667 0.14 0.03 0.028333333333333332
0 0.6516666666666666 0.21333333333333335 0.02666666666666667 0.03