0 0.7 0.14666666666666667 0.023333333333333334 0.02
0 0.4816666666666667 0.125 0.02666666666666667 0.023333333333333334
0 0.4816666666666667 0.155 0.03 0.023333333333333334
0 0.6283333333333333 0.15333333333333332 0.02 0.023333333333333334
0 0.4483333333333333 0.31166666666666665 0.02666666666666667 0.02
0 0.42833333333333334 0.25 0.025 0.02666666666666667
0 0.505 0.5833333333333334 0.03 0.02666666666666667
0 0.545 0.5516666666666666 0.02666666666666667 0.02
0 0.48833333333333334 0.6216666666666667 0.02666666666666667 0.023333333333333334
0 0.5766666666666667 0.5516666666666666 0.023333333333333334 0.02
0 0.53 0.7233333333333334 0.02666666666666667 0.03
0 0.03166666666666667 0.6333333333333333 0.023333333333333334 0.023333333333333334
0 0.015 0.6366666666666667 0.016666666666666666 0.023333333333333334
0 0.5066666666666667 0.11666666666666667 0.03 0.023333333333333334
0 0.5233333333333333 0.6083333333333333 0.03 0.023333333333333334
0 0.41333333333333333 0.6383333333333333 0.02666666666666667 0.023333333333333334
0 0.7883333333333333 0.011666666666666667 0.02 0.02
0 0.46166666666666667 0.3433333333333333 0.03 0.03
0 0.5616666666666666 0.5216666666666666 0.02666666666666667 0.02666666666666667
0 0.6083333333333333 0.5516666666666666 0.02666666666666667 0.02666666666666667
0 0.5316666666666666 0.30666666666666664 0.02666666666666667 0.02666666666666667
0 0.5716666666666667 0.43166666666666664 0.02666666666666667 0.02666666666666667
0 0.17166666666666666 0.91 0.02666666666666667 0.02666666666666667
0 0.53 0.5083333333333333 0.023333333333333334 0.02
0 0.49333333333333335 0.4266666666666667 0.02666666666666667 0.02666666666666667
0 0.16166666666666665 0.8516666666666667 0.023333333333333334 0.023333333333333334
0 0.9816666666666667 0.8583333333333333 0.02666666666666667 0.02666666666666667
0 0.06 0.38666666666666666 0.03 0.03
0 0.10833333333333334 0.6866666666666666 0.02 0.02
0 0.9416666666666667 0.2916666666666667 0.023333333333333334 0.023333333333333334
0 0.48833333333333334 0.6683333333333333 0.023333333333333334 0.023333333333333334
0 0.5 0.7066666666666667 0.023333333333333334 0.023333333333333334
0 0.6083333333333333 0.20166666666666666 0.03 0.03
0 0.39666666666666667 0.7733333333333333 0.023333333333333334 0.023333333333333334
0 0.7133333333333334 0.2966666666666667 0.02666666666666667 0.02666666666666667
0 0.5366666666666666 0.5866666666666667 0.023333333333333334 0.023333333333333334
0 0.05333333333333334 0.6733333333333333 0.023333333333333334 0.023333333333333334
0 0.38666666666666666 0.6783333333333333 0.03 0.023333333333333334
0 0.4116666666666667 0.6616666666666666 0.03 0.023333333333333334
0 0.92 0.25833333333333336 0.02666666666666667 0.03333333333333333
0 0.4716666666666667 0.6483333333333333 0.03 0.023333333333333334
0 0.49333333333333335 0.785 0.02 0.02666666666666667
0 0.4683333333333333 0.7266666666666667 0.02666666666666667 0.023333333333333334
0 0.043333333333333335 0.9416666666666667 0.02666666666666667 0.02666666666666667
0 0.023333333333333334 0.9416666666666667 0.023333333333333334 0.023333333333333334
0 0.023333333333333334 0.9833333333333333 0.023333333333333334 0.02666666666666667
0 0.6066666666666667 0.235 0.03333333333333333 0.03
0 0.13 0.6483333333333333 0.02666666666666667 0.023333333333333334
0 0.1 0.5633333333333334 0.023333333333333334 0.023333333333333334
0 0.021666666666666667 0.66 0.03 0.03
0 0.5433333333333333 0.3516666666666667 0.023333333333333334 0.023333333333333334
0 0.02666666666666667 0.6933333333333334 0.023333333333333334 0.023333333333333334