0 0.6466666666666666 0.24333333333333335 0.02666666666666667 0.02666666666666667
0 0.6616666666666666 0.28 0.02 0.03
0 0.8116666666666666 0.3333333333333333 0.02 0.023333333333333334
0 0.8233333333333334 0.7016666666666667 0.02666666666666667 0.023333333333333334
0 0.985 0.8466666666666667 0.02666666666666667 0.02
0 0.66 0.88 0.02666666666666667 0.023333333333333334
0 0.5366666666666666 0.07333333333333333 0.023333333333333334 0.023333333333333334
0 0.8333333333333334 0.08166666666666667 0.03 0.02666666666666667
0 0.8683333333333333 0.05333333333333334 0.023333333333333334 0.028333333333333332
0 0.795 0.21333333333333335 0.02 0.02
0 0.82 0.22333333333333333 0.02 0.02
0 0.69 0.23666666666666666 0.02 0.023333333333333334
0 0.915 0.5733333333333334 0.023333333333333334 0.023333333333333334
0 0.9333333333333333 0.555 0.02 0.023333333333333334
0 0.935 0.8916666666666667 0.02666666666666667 0.028333333333333332
0 0.36 0.5433333333333333 0.02666666666666667 0.03
0 0.12666666666666668 0.5416666666666666 0.03 0.028333333333333332
0 0.235 0.7716666666666666 0.03333333333333333 0.03166666666666667
0 0.24166666666666667 0.6883333333333334 0.023333333333333334 0.02
0 0.25833333333333336 0.6916666666666667 0.02 0.02
0 0.2733333333333333 0.5516666666666666 0.028333333333333332 0.02666666666666667
0 0.43166666666666664 0.5366666666666666 0.02 0.02
0 0.37833333333333335 0.5683333333333334 0.02 0.023333333333333334
0 0.24833333333333332 0.59 0.02666666666666667 0.02
0 0.32666666666666666 0.6783333333333333 0.02666666666666667 0.02
0 0.14833333333333334 0.6316666666666667 0.023333333333333334 0.023333333333333334
0 0.04833333333333333 0.7766666666666666 0.03 0.03
0 0.07166666666666667 0.6 0.03333333333333333 0.03166666666666667
0 0.39 0.49666666666666665 0.02666666666666667 0.02
0 0.2816666666666667 0.52 0.02666666666666667 0.03
0 0.495 0.4666666666666667 0.025 0.028333333333333332
0 0.41833333333333333 0.39666666666666667 0.023333333333333334 0.02
0 0.29333333333333333 0.4266666666666667 0.016666666666666666 0.02
0 0.47333333333333333 0.40166666666666667 0.023333333333333334 0.02
0 0.7783333333333333 0.8966666666666666 0.021666666666666667 0.023333333333333334
0 0.7683333333333333 0.028333333333333332 0.03166666666666667 0.03
0 0.365 0.37833333333333335 0.03 0.028333333333333332
0 0.3433333333333333 0.425 0.025 0.03
0 0.77 0.87 0.02666666666666667 0.02666666666666667
0 0.6116666666666667 0.6216666666666667 0.02666666666666667 0.023333333333333334