0 0.5833333333333334 0.14 0.023333333333333334 0.023333333333333334
0 0.62 0.145 0.02666666666666667 0.023333333333333334
0 0.5666666666666667 0.11333333333333333 0.02 0.02
0 0.7716666666666666 0.7033333333333334 0.02666666666666667 0.02
0 0.15333333333333332 0.155 0.03 0.023333333333333334
0 0.15833333333333333 0.19333333333333333 0.02666666666666667 0.02666666666666667
0 0.21 0.195 0.03 0.03
0 0.21 0.9566666666666667 0.02666666666666667 0.02666666666666667
0 0.945 0.8016666666666666 0.03 0.02
0 0.19 0.7066666666666667 0.021666666666666667 0.021666666666666667
0 0.30666666666666664 0.09666666666666666 0.023333333333333334 0.023333333333333334
0 0.4666666666666667 0.015 0.023333333333333334 0.02
0 0.015 0.31833333333333336 0.028333333333333332 0.02666666666666667