0 0.735 0.8666666666666667 0.03 0.02666666666666667
0 0.9383333333333334 0.9366666666666666 0.02666666666666667 0.023333333333333334
0 0.7333333333333333 0.7583333333333333 0.02 0.02
0 0.42 0.37333333333333335 0.02666666666666667 0.023333333333333334
0 0.4533333333333333 0.3616666666666667 0.03333333333333333 0.03
0 0.25 0.23333333333333334 0.023333333333333334 0.023333333333333334
0 0.315 0.165 0.02666666666666667 0.023333333333333334
0 0.17166666666666666 0.39 0.02 0.023333333333333334
0 0.14833333333333334 0.39666666666666667 0.03 0.023333333333333334
0 0.43333333333333335 0.2833333333333333 0.02666666666666667 0.02666666666666667
0 0.31166666666666665 0.305 0.023333333333333334 0.02666666666666667
0 0.24666666666666667 0.37333333333333335 0.023333333333333334 0.023333333333333334
0 0.42333333333333334 0.34 0.023333333333333334 0.023333333333333334
0 0.34833333333333333 0.023333333333333334 0.023333333333333334 0.023333333333333334
0 0.17166666666666666 0.8316666666666667 0.035 0.03333333333333333
0 0.4766666666666667 0.52 0.02666666666666667 0.02666666666666667
0 0.12166666666666667 0.365 0.023333333333333334 0.02
0 0.24833333333333332 0.055 0.02666666666666667 0.02666666666666667
0 0.4583333333333333 0.25166666666666665 0.03 0.03
0 0.205 0.3416666666666667 0.02666666666666667 0.02666666666666667
0 0.5283333333333333 0.395 0.03666666666666667 0.023333333333333334
0 0.585 0.105 0.02666666666666667 0.023333333333333334