0 0.18666666666666668 0.8483333333333334 0.023333333333333334 0.02
0 0.265 0.7516666666666667 0.02 0.03
0 0.051666666666666666 0.5816666666666667 0.02 0.023333333333333334
0 0.06666666666666667 0.5966666666666667 0.02 0.02666666666666667
0 0.24166666666666667 0.5466666666666666 0.023333333333333334 0.023333333333333334
0 0.225 0.6283333333333333 0.03666666666666667 0.03666666666666667
0 0.16833333333333333 0.5733333333333334 0.03 0.03333333333333333
0 0.19333333333333333 0.8933333333333333 0.02666666666666667 0.02666666666666667
0 0.19666666666666666 0.6333333333333333 0.02666666666666667 0.03
0 0.2916666666666667 0.5866666666666667 0.02666666666666667 0.03666666666666667
0 0.4 0.19833333333333333 0.02666666666666667 0.03666666666666667
0 0.425 0.26166666666666666 0.02666666666666667 0.02666666666666667
0 0.26166666666666666 0.4033333333333333 0.03 0.03
0 0.39 0.021666666666666667 0.03 0.023333333333333334
0 0.30666666666666664 0.09166666666666666 0.03 0.03
0 0.3616666666666667 0.011666666666666667 0.02 0.02
0 0.4116666666666667 0.38666666666666666 0.023333333333333334 0.02666666666666667
0 0.016666666666666666 0.38666666666666666 0.02 0.03
0 0.9383333333333334 0.9783333333333334 0.035 0.03333333333333333
0 0.855 0.91 0.02666666666666667 0.02666666666666667
0 0.9266666666666666 0.9183333333333333 0.035 0.03
0 0.8783333333333333 0.43833333333333335 0.03 0.03333333333333333
0 0.775 0.4633333333333333 0.03833333333333333 0.03
0 0.3416666666666667 0.28 0.03 0.03166666666666667
0 0.8833333333333333 0.4816666666666667 0.03 0.03166666666666667
0 0.45 0.09333333333333334 0.023333333333333334 0.025
0 0.8983333333333333 0.8783333333333333 0.021666666666666667 0.025