0 0.14 0.8416666666666667 0.023333333333333334 0.023333333333333334
0 0.35833333333333334 0.6883333333333334 0.02666666666666667 0.023333333333333334
0 0.12166666666666667 0.8216666666666667 0.02666666666666667 0.023333333333333334
0 0.3516666666666667 0.565 0.02666666666666667 0.02666666666666667
0 0.013333333333333334 0.765 0.02666666666666667 0.023333333333333334
0 0.30833333333333335 0.39666666666666667 0.02666666666666667 0.023333333333333334
0 0.19166666666666668 0.20833333333333334 0.03 0.03
0 0.9233333333333333 0.11666666666666667 0.02666666666666667 0.02666666666666667
0 0.9866666666666667 0.09333333333333334 0.02666666666666667 0.02
0 0.81 0.285 0.03 0.023333333333333334
0 0.9616666666666667 0.05333333333333334 0.03 0.023333333333333334
0 0.92 0.08333333333333333 0.03 0.023333333333333334
0 0.7066666666666667 0.35833333333333334 0.02 0.023333333333333334
0 0.5516666666666666 0.08833333333333333 0.03 0.02666666666666667
0 0.6633333333333333 0.06166666666666667 0.02666666666666667 0.02666666666666667
0 0.73 0.27166666666666667 0.03 0.02666666666666667
0 0.7883333333333333 0.38666666666666666 0.023333333333333334 0.023333333333333334
0 0.8116666666666666 0.10666666666666667 0.03 0.02666666666666667
0 0.7816666666666666 0.075 0.03 0.03
0 0.7516666666666667 0.3883333333333333 0.023333333333333334 0.023333333333333334
0 0.5916666666666667 0.315 0.023333333333333334 0.023333333333333334
0 0.9833333333333333 0.22666666666666666 0.02666666666666667 0.02
0 0.65 0.09333333333333334 0.023333333333333334 0.023333333333333334
0 0.8416666666666667 0.865 0.03 0.023333333333333334
0 0.6983333333333334 0.9383333333333334 0.02 0.023333333333333334
0 0.6483333333333333 0.965 0.02666666666666667 0.023333333333333334
0 0.9466666666666667 0.5333333333333333 0.023333333333333334 0.02666666666666667
0 0.675 0.5633333333333334 0.02 0.023333333333333334
0 0.7066666666666667 0.58 0.03 0.03
0 0.8833333333333333 0.7716666666666666 0.023333333333333334 0.023333333333333334
0 0.745 0.95 0.023333333333333334 0.02
0 0.6433333333333333 0.9883333333333333 0.03 0.02
0 0.49333333333333335 0.65 0.023333333333333334 0.02666666666666667
0 0.765 0.47833333333333333 0.025 0.02666666666666667
0 0.08 0.88 0.03333333333333333 0.03333333333333333