0 0.2733333333333333 0.3416666666666667 0.03 0.03
0 0.21 0.28833333333333333 0.03 0.03333333333333333
0 0.29833333333333334 0.3616666666666667 0.02666666666666667 0.03
0 0.35333333333333333 0.43 0.02666666666666667 0.02
0 0.45666666666666667 0.4816666666666667 0.02666666666666667 0.023333333333333334
0 0.33666666666666667 0.37833333333333335 0.023333333333333334 0.023333333333333334
0 0.44166666666666665 0.7016666666666667 0.02666666666666667 0.023333333333333334
0 0.39 0.20333333333333334 0.02666666666666667 0.028333333333333332
0 0.6016666666666667 0.5333333333333333 0.02666666666666667 0.023333333333333334
0 0.6083333333333333 0.5516666666666666 0.023333333333333334 0.023333333333333334
0 0.6783333333333333 0.625 0.02666666666666667 0.03