0 0.7016666666666667 0.98 0.03333333333333333 0.03166666666666667
0 0.9816666666666667 0.6683333333333333 0.03 0.03
0 0.8733333333333333 0.9416666666666667 0.03 0.03
0 0.7733333333333333 0.9283333333333333 0.03 0.03
0 0.9516666666666667 0.9283333333333333 0.023333333333333334 0.023333333333333334
0 0.7933333333333333 0.08166666666666667 0.02 0.023333333333333334
0 0.7616666666666667 0.13666666666666666 0.02666666666666667 0.02666666666666667
0 0.67 0.19666666666666666 0.03666666666666667 0.03
0 0.6916666666666667 0.15166666666666667 0.02 0.03
0 0.75 0.08666666666666667 0.02 0.02
0 0.7566666666666667 0.04666666666666667 0.02666666666666667 0.03
0 0.8516666666666667 0.08166666666666667 0.02666666666666667 0.02666666666666667
0 0.7266666666666667 0.14 0.02 0.02
0 0.85 0.08166666666666667 0.02666666666666667 0.02666666666666667
0 0.6733333333333333 0.018333333333333333 0.02666666666666667 0.023333333333333334
0 0.8016666666666666 0.14833333333333334 0.02 0.02
0 0.62 0.095 0.03166666666666667 0.028333333333333332