0 0.5183333333333333 0.07666666666666666 0.02666666666666667 0.023333333333333334
0 0.43333333333333335 0.135 0.03 0.02666666666666667
0 0.13666666666666666 0.23833333333333334 0.03 0.03
0 0.10333333333333333 0.4866666666666667 0.02666666666666667 0.023333333333333334
0 0.4583333333333333 0.07333333333333333 0.02666666666666667 0.023333333333333334
0 0.4683333333333333 0.06 0.023333333333333334 0.02
0 0.06166666666666667 0.04666666666666667 0.03 0.02666666666666667
0 0.3616666666666667 0.29333333333333333 0.02666666666666667 0.02666666666666667
0 0.24333333333333335 0.2866666666666667 0.023333333333333334 0.023333333333333334
0 0.05 0.5216666666666666 0.02666666666666667 0.02
0 0.5216666666666666 0.8333333333333334 0.02666666666666667 0.023333333333333334
0 0.3466666666666667 0.9633333333333334 0.03 0.02666666666666667
0 0.9716666666666667 0.8633333333333333 0.03333333333333333 0.03333333333333333
0 0.005 0.013333333333333334 0.01 0.023333333333333334
0 0.145 0.011666666666666667 0.023333333333333334 0.023333333333333334
0 0.06333333333333334 0.01 0.023333333333333334 0.02
0 0.021666666666666667 0.805 0.028333333333333332 0.025