0 0.65 0.5016666666666667 0.023333333333333334 0.023333333333333334
0 0.585 0.5066666666666667 0.03 0.023333333333333334
0 0.63 0.5283333333333333 0.03166666666666667 0.03
0 0.57 0.535 0.03166666666666667 0.03
0 0.535 0.5316666666666666 0.02666666666666667 0.023333333333333334
0 0.46166666666666667 0.87 0.02 0.02
0 0.6516666666666666 0.8783333333333333 0.023333333333333334 0.02666666666666667
0 0.37666666666666665 0.8933333333333333 0.02 0.023333333333333334
0 0.47 0.9083333333333333 0.023333333333333334 0.02666666666666667
0 0.38666666666666666 0.15666666666666668 0.035 0.03333333333333333
0 0.13 0.37666666666666665 0.02 0.02666666666666667
0 0.17666666666666667 0.39166666666666666 0.02666666666666667 0.023333333333333334
0 0.04833333333333333 0.5566666666666666 0.03333333333333333 0.025
0 0.07666666666666666 0.35 0.023333333333333334 0.025
0 0.5983333333333334 0.6666666666666666 0.02666666666666667 0.02666666666666667
0 0.03833333333333333 0.53 0.03 0.03
0 0.09 0.36666666666666664 0.023333333333333334 0.023333333333333334
0 0.10166666666666667 0.5233333333333333 0.02666666666666667 0.02666666666666667
0 0.023333333333333334 0.4033333333333333 0.02666666666666667 0.02666666666666667
0 0.06333333333333334 0.5883333333333334 0.03 0.03
0 0.15666666666666668 0.94 0.02666666666666667 0.02666666666666667
0 0.021666666666666667 0.5783333333333334 0.023333333333333334 0.02666666666666667
0 0.021666666666666667 0.6066666666666667 0.023333333333333334 0.023333333333333334
0 0.018333333333333333 0.6333333333333333 0.023333333333333334 0.023333333333333334
0 0.35833333333333334 0.27 0.02 0.023333333333333334
0 0.17666666666666667 0.9166666666666666 0.02 0.023333333333333334
0 0.6216666666666667 0.84 0.023333333333333334 0.021666666666666667
0 0.2833333333333333 0.9116666666666666 0.025 0.025
0 0.24333333333333335 0.53 0.03 0.02666666666666667
0 0.6583333333333333 0.8333333333333334 0.028333333333333332 0.023333333333333334
0 0.445 0.09 0.02 0.02