0 0.255 0.035 0.02666666666666667 0.02666666666666667
0 0.2733333333333333 0.018333333333333333 0.023333333333333334 0.023333333333333334
0 0.3283333333333333 0.025 0.03 0.03333333333333333
0 0.3283333333333333 0.08333333333333333 0.03166666666666667 0.03333333333333333
0 0.3233333333333333 0.06166666666666667 0.02666666666666667 0.023333333333333334
0 0.43833333333333335 0.06333333333333334 0.03 0.03
0 0.41333333333333333 0.008333333333333333 0.03333333333333333 0.016666666666666666
0 0.36666666666666664 0.10666666666666667 0.03 0.02
0 0.39666666666666667 0.15833333333333333 0.02666666666666667 0.02666666666666667
0 0.44 0.23166666666666666 0.03 0.03
0 0.5616666666666666 0.15166666666666667 0.03 0.023333333333333334
0 0.5816666666666667 0.18666666666666668 0.03 0.03
0 0.615 0.3233333333333333 0.03 0.03
0 0.5983333333333334 0.345 0.03 0.023333333333333334
0 0.6366666666666667 0.4116666666666667 0.03 0.02666666666666667
0 0.6633333333333333 0.3933333333333333 0.03333333333333333 0.02666666666666667
0 0.6466666666666666 0.35 0.03 0.03
0 0.44666666666666666 0.17333333333333334 0.03 0.03
0 0.585 0.4266666666666667 0.02666666666666667 0.02666666666666667
0 0.5916666666666667 0.11833333333333333 0.023333333333333334 0.023333333333333334
0 0.7383333333333333 0.10666666666666667 0.02666666666666667 0.02666666666666667
0 0.6633333333333333 0.485 0.023333333333333334 0.023333333333333334
0 0.43333333333333335 0.6533333333333333 0.03 0.023333333333333334
0 0.495 0.68 0.028333333333333332 0.02666666666666667
0 0.40166666666666667 0.965 0.02666666666666667 0.023333333333333334
0 0.415 0.8716666666666667 0.02 0.02
0 0.48 0.9783333333333334 0.03333333333333333 0.023333333333333334
0 0.49666666666666665 0.5733333333333334 0.03 0.023333333333333334
0 0.585 0.5383333333333333 0.03 0.02
0 0.6666666666666666 0.525 0.03 0.02666666666666667
0 0.6166666666666667 0.5283333333333333 0.02666666666666667 0.02666666666666667
0 0.5983333333333334 0.7966666666666666 0.02666666666666667 0.02666666666666667
0 0.5266666666666666 0.815 0.023333333333333334 0.02666666666666667
0 0.6183333333333333 0.7683333333333333 0.02666666666666667 0.03
0 0.705 0.49333333333333335 0.025 0.025
0 0.7083333333333334 0.5266666666666666 0.03 0.023333333333333334
0 0.5333333333333333 0.33166666666666667 0.04 0.02666666666666667