0 0.5016666666666667 0.335 0.02666666666666667 0.02
0 0.30833333333333335 0.4816666666666667 0.03333333333333333 0.03
0 0.7116666666666667 0.66 0.02 0.02666666666666667
0 0.695 0.66 0.023333333333333334 0.023333333333333334
0 0.6733333333333333 0.65 0.03 0.02
0 0.6433333333333333 0.5383333333333333 0.02 0.02666666666666667
0 0.36333333333333334 0.32166666666666666 0.03 0.023333333333333334
0 0.5016666666666667 0.37666666666666665 0.03 0.02
0 0.6133333333333333 0.35333333333333333 0.02666666666666667 0.023333333333333334
0 0.3283333333333333 0.31166666666666665 0.02666666666666667 0.02
0 0.36666666666666664 0.44166666666666665 0.02666666666666667 0.02666666666666667
0 0.41833333333333333 0.4066666666666667 0.023333333333333334 0.02
0 0.3 0.05333333333333334 0.03 0.02666666666666667
0 0.38 0.6933333333333334 0.03 0.023333333333333334
0 0.8016666666666666 0.85 0.02 0.023333333333333334
0 0.56 0.6733333333333333 0.02666666666666667 0.02666666666666667
0 0.5966666666666667 0.31333333333333335 0.02666666666666667 0.023333333333333334
0 0.31666666666666665 0.14166666666666666 0.03 0.03
0 0.6333333333333333 0.8633333333333333 0.03 0.03
0 0.7783333333333333 0.9366666666666666 0.023333333333333334 0.03
0 0.5966666666666667 0.475 0.023333333333333334 0.02
0 0.6433333333333333 0.48333333333333334 0.023333333333333334 0.02
0 0.7816666666666666 0.8933333333333333 0.03 0.02
0 0.33666666666666667 0.27 0.02 0.023333333333333334
0 0.6583333333333333 0.021666666666666667 0.02666666666666667 0.02
0 0.36833333333333335 0.3933333333333333 0.023333333333333334 0.02
0 0.6633333333333333 0.4033333333333333 0.02666666666666667 0.023333333333333334
0 0.7966666666666666 0.16666666666666666 0.02666666666666667 0.02666666666666667
0 0.6233333333333333 0.5583333333333333 0.023333333333333334 0.02
0 0.4216666666666667 0.7583333333333333 0.02666666666666667 0.023333333333333334
0 0.7683333333333333 0.9783333333333334 0.03 0.03
0 0.345 0.25 0.02666666666666667 0.02666666666666667
0 0.46166666666666667 0.16166666666666665 0.023333333333333334 0.023333333333333334
0 0.37333333333333335 0.11833333333333333 0.02666666666666667 0.02666666666666667
0 0.7583333333333333 0.8466666666666667 0.02666666666666667 0.02666666666666667
0 0.5383333333333333 0.3233333333333333 0.023333333333333334 0.023333333333333334
0 0.6483333333333333 0.2816666666666667 0.02666666666666667 0.02666666666666667
0 0.5183333333333333 0.6833333333333333 0.023333333333333334 0.02
0 0.6933333333333334 0.7166666666666667 0.023333333333333334 0.02
0 0.7366666666666667 0.5633333333333334 0.03 0.03
0 0.515 0.05333333333333334 0.02666666666666667 0.021666666666666667