0 0.8633333333333333 0.675 0.03333333333333333 0.03
0 0.7033333333333334 0.815 0.023333333333333334 0.03
0 0.19333333333333333 0.53 0.03 0.023333333333333334
0 0.19833333333333333 0.49166666666666664 0.03 0.03
0 0.2833333333333333 0.4066666666666667 0.021666666666666667 0.028333333333333332
0 0.8133333333333334 0.775 0.025 0.03
0 0.635 0.635 0.023333333333333334 0.023333333333333334
0 0.8466666666666667 0.6016666666666667 0.023333333333333334 0.02
0 0.7616666666666667 0.7283333333333334 0.02 0.02
0 0.4866666666666667 0.37166666666666665 0.025 0.02666666666666667
0 0.6283333333333333 0.8416666666666667 0.03166666666666667 0.03166666666666667
0 0.6883333333333334 0.9483333333333334 0.03 0.03
0 0.9466666666666667 0.82 0.03 0.02
0 0.7783333333333333 0.9 0.02 0.02
0 0.7733333333333333 0.8783333333333333 0.02 0.02
0 0.7033333333333334 0.63 0.02666666666666667 0.023333333333333334
0 0.49166666666666664 0.46166666666666667 0.023333333333333334 0.023333333333333334
0 0.03833333333333333 0.665 0.03 0.03
0 0.056666666666666664 0.41833333333333333 0.02666666666666667 0.02666666666666667
0 0.5566666666666666 0.7566666666666667 0.023333333333333334 0.023333333333333334
0 0.8883333333333333 0.7516666666666667 0.02 0.02
0 0.18 0.35333333333333333 0.02666666666666667 0.02666666666666667
0 0.74 0.73 0.023333333333333334 0.023333333333333334
0 0.20833333333333334 0.4033333333333333 0.023333333333333334 0.023333333333333334
0 0.8533333333333334 0.5116666666666667 0.023333333333333334 0.023333333333333334
0 0.7666666666666667 0.5316666666666666 0.025 0.02666666666666667
0 0.9783333333333334 0.37 0.023333333333333334 0.028333333333333332
0 0.36833333333333335 0.6133333333333333 0.025 0.025
0 0.38666666666666666 0.6 0.021666666666666667 0.023333333333333334
0 0.385 0.5616666666666666 0.023333333333333334 0.02666666666666667
0 0.365 0.565 0.021666666666666667 0.025
0 0.6966666666666667 0.6533333333333333 0.023333333333333334 0.028333333333333332