0 0.8183333333333334 0.09666666666666666 0.03 0.03
0 0.8183333333333334 0.03333333333333333 0.03 0.02
0 0.8233333333333334 0.17666666666666667 0.02666666666666667 0.03
0 0.7816666666666666 0.17333333333333334 0.03 0.03333333333333333
0 0.7683333333333333 0.21 0.023333333333333334 0.02666666666666667
0 0.695 0.11333333333333333 0.02666666666666667 0.03
0 0.7183333333333334 0.11833333333333333 0.03333333333333333 0.023333333333333334
0 0.7766666666666666 0.1 0.023333333333333334 0.02
0 0.78 0.36 0.03 0.03333333333333333
0 0.6983333333333334 0.4 0.03 0.023333333333333334
0 0.7166666666666667 0.07166666666666667 0.02666666666666667 0.02666666666666667
0 0.7333333333333333 0.20166666666666666 0.023333333333333334 0.023333333333333334
0 0.8366666666666667 0.12666666666666668 0.023333333333333334 0.023333333333333334
0 0.7533333333333333 0.3983333333333333 0.023333333333333334 0.023333333333333334
0 0.7883333333333333 0.38666666666666666 0.02666666666666667 0.023333333333333334
0 0.8016666666666666 0.01 0.02666666666666667 0.02
0 0.7033333333333334 0.34 0.023333333333333334 0.023333333333333334
0 0.6866666666666666 0.43833333333333335 0.02666666666666667 0.02666666666666667
0 0.9783333333333334 0.04 0.023333333333333334 0.023333333333333334
0 0.5616666666666666 0.3566666666666667 0.02666666666666667 0.02666666666666667
0 0.6783333333333333 0.37166666666666665 0.023333333333333334 0.023333333333333334
0 0.945 0.33 0.02666666666666667 0.02666666666666667
0 0.7483333333333333 0.42833333333333334 0.03 0.03
0 0.9516666666666667 0.29833333333333334 0.02666666666666667 0.02666666666666667
0 0.9566666666666667 0.265 0.02666666666666667 0.023333333333333334
0 0.94 0.11333333333333333 0.023333333333333334 0.023333333333333334
0 0.6883333333333334 0.058333333333333334 0.023333333333333334 0.023333333333333334
0 0.7966666666666666 0.5416666666666666 0.03 0.02666666666666667
0 0.6966666666666667 0.5683333333333334 0.02666666666666667 0.03
0 0.7133333333333334 0.5416666666666666 0.023333333333333334 0.02
0 0.8216666666666667 0.7266666666666667 0.02666666666666667 0.03
0 0.815 0.605 0.02666666666666667 0.02666666666666667
0 0.9033333333333333 0.5383333333333333 0.023333333333333334 0.023333333333333334
0 0.9366666666666666 0.535 0.02666666666666667 0.023333333333333334
0 0.8633333333333333 0.82 0.023333333333333334 0.02666666666666667
0 0.8933333333333333 0.8083333333333333 0.02666666666666667 0.023333333333333334
0 0.9016666666666666 0.7233333333333334 0.023333333333333334 0.023333333333333334
0 0.7366666666666667 0.5066666666666667 0.025 0.023333333333333334
0 0.8316666666666667 0.36 0.023333333333333334 0.03