0 0.30333333333333334 0.03666666666666667 0.02666666666666667 0.02666666666666667
0 0.8866666666666667 0.5516666666666666 0.023333333333333334 0.02666666666666667
0 0.8283333333333334 0.6583333333333333 0.02 0.02
0 0.76 0.78 0.023333333333333334 0.03
0 0.8766666666666667 0.8716666666666667 0.023333333333333334 0.023333333333333334
0 0.8566666666666667 0.6583333333333333 0.023333333333333334 0.023333333333333334
0 0.7666666666666667 0.8866666666666667 0.023333333333333334 0.023333333333333334
0 0.71 0.085 0.025 0.021666666666666667
0 0.8816666666666667 0.15666666666666668 0.023333333333333334 0.02666666666666667
0 0.7366666666666667 0.20166666666666666 0.02666666666666667 0.03
0 0.945 0.24166666666666667 0.023333333333333334 0.023333333333333334
0 0.5783333333333334 0.34833333333333333 0.02666666666666667 0.03
0 0.5883333333333334 0.3283333333333333 0.03 0.02666666666666667
0 0.7716666666666666 0.2683333333333333 0.023333333333333334 0.02666666666666667
0 0.95 0.12833333333333333 0.023333333333333334 0.023333333333333334
0 0.985 0.25166666666666665 0.02 0.02
0 0.8066666666666666 0.31833333333333336 0.03 0.03166666666666667