0 0.9133333333333333 0.16833333333333333 0.03666666666666667 0.03
0 0.9083333333333333 0.07833333333333334 0.03 0.023333333333333334
0 0.7016666666666667 0.02666666666666667 0.03 0.023333333333333334
0 0.555 0.11833333333333333 0.02666666666666667 0.02666666666666667
0 0.9216666666666666 0.11333333333333333 0.023333333333333334 0.03
0 0.8783333333333333 0.185 0.023333333333333334 0.02666666666666667
0 0.7466666666666667 0.03166666666666667 0.028333333333333332 0.02666666666666667
0 0.9433333333333334 0.06166666666666667 0.02 0.023333333333333334
0 0.9633333333333334 0.058333333333333334 0.02666666666666667 0.023333333333333334
0 0.54 0.13333333333333333 0.023333333333333334 0.02666666666666667
0 0.8633333333333333 0.08 0.02 0.023333333333333334
0 0.9016666666666666 0.10333333333333333 0.03333333333333333 0.03
0 0.8333333333333334 0.4683333333333333 0.02666666666666667 0.03
0 0.8 0.47333333333333333 0.03 0.03
0 0.95 0.08666666666666667 0.023333333333333334 0.02
0 0.8716666666666667 0.21333333333333335 0.02 0.02
0 0.85 0.21666666666666667 0.023333333333333334 0.02666666666666667
0 0.9066666666666666 0.19166666666666668 0.03 0.02
0 0.7816666666666666 0.2866666666666667 0.023333333333333334 0.023333333333333334
0 0.23666666666666666 0.8766666666666667 0.02666666666666667 0.023333333333333334
0 0.12333333333333334 0.9533333333333334 0.02666666666666667 0.023333333333333334
0 0.12666666666666668 0.9016666666666666 0.02666666666666667 0.02
0 0.21833333333333332 0.9866666666666667 0.02 0.02
0 0.31666666666666665 0.9033333333333333 0.02 0.02
0 0.18666666666666668 0.9383333333333334 0.02666666666666667 0.02666666666666667
0 0.14 0.7566666666666667 0.02 0.02666666666666667
0 0.2783333333333333 0.9483333333333334 0.03 0.02666666666666667
0 0.11666666666666667 0.8516666666666667 0.02666666666666667 0.023333333333333334
0 0.18166666666666667 0.9816666666666667 0.023333333333333334 0.023333333333333334
0 0.19166666666666668 0.7 0.03 0.03
0 0.2633333333333333 0.6716666666666666 0.023333333333333334 0.023333333333333334
0 0.6666666666666666 0.7283333333333334 0.03 0.02666666666666667
0 0.6716666666666666 0.6366666666666667 0.023333333333333334 0.023333333333333334
0 0.6833333333333333 0.5983333333333334 0.02666666666666667 0.03
0 0.7483333333333333 0.5183333333333333 0.02666666666666667 0.023333333333333334
0 0.9483333333333334 0.8433333333333334 0.023333333333333334 0.023333333333333334
0 0.6416666666666667 0.6833333333333333 0.023333333333333334 0.023333333333333334
0 0.56 0.5383333333333333 0.02666666666666667 0.03
0 0.8783333333333333 0.9733333333333334 0.02666666666666667 0.02666666666666667
0 0.31833333333333336 0.10833333333333334 0.03 0.03333333333333333
0 0.39 0.11333333333333333 0.02666666666666667 0.023333333333333334
0 0.29833333333333334 0.13833333333333334 0.023333333333333334 0.03
0 0.20333333333333334 0.058333333333333334 0.02 0.02
0 0.66 0.5516666666666666 0.028333333333333332 0.03333333333333333
0 0.2833333333333333 0.9083333333333333 0.02666666666666667 0.025