0 0.27166666666666667 0.31166666666666665 0.03 0.03
0 0.25166666666666665 0.3433333333333333 0.03 0.03
0 0.8316666666666667 0.25166666666666665 0.023333333333333334 0.03
0 0.5366666666666666 0.37833333333333335 0.03 0.02666666666666667
0 0.655 0.11333333333333333 0.03333333333333333 0.025
0 0.7666666666666667 0.4116666666666667 0.02 0.02
0 0.32 0.43666666666666665 0.02 0.02
0 0.13666666666666666 0.43 0.02666666666666667 0.02
0 0.13166666666666665 0.47333333333333333 0.04 0.02666666666666667
0 0.85 0.15166666666666667 0.02666666666666667 0.02666666666666667
0 0.26166666666666666 0.4483333333333333 0.023333333333333334 0.02
0 0.7333333333333333 0.7633333333333333 0.03 0.021666666666666667
0 0.7633333333333333 0.705 0.02666666666666667 0.02666666666666667
0 0.9616666666666667 0.93 0.03333333333333333 0.03
0 0.22166666666666668 0.7866666666666666 0.02 0.023333333333333334
0 0.25166666666666665 0.5883333333333334 0.03 0.03
0 0.3016666666666667 0.6316666666666667 0.03 0.02666666666666667
0 0.3466666666666667 0.6116666666666667 0.02 0.023333333333333334
0 0.20333333333333334 0.7583333333333333 0.02666666666666667 0.023333333333333334
0 0.22 0.8733333333333333 0.023333333333333334 0.023333333333333334
0 0.21833333333333332 0.9166666666666666 0.023333333333333334 0.023333333333333334
0 0.24666666666666667 0.8583333333333333 0.02666666666666667 0.023333333333333334
0 0.7583333333333333 0.49 0.02666666666666667 0.035
0 0.29 0.395 0.03166666666666667 0.028333333333333332
0 0.29333333333333333 0.36333333333333334 0.03666666666666667 0.03166666666666667
0 0.545 0.9083333333333333 0.02666666666666667 0.03166666666666667
0 0.5833333333333334 0.855 0.025 0.023333333333333334
0 0.21666666666666667 0.2833333333333333 0.03 0.02666666666666667
0 0.27166666666666667 0.5033333333333333 0.02666666666666667 0.025