0 0.6116666666666667 0.9666666666666667 0.02666666666666667 0.02
0 0.15 0.9116666666666666 0.023333333333333334 0.023333333333333334
0 0.06833333333333333 0.9216666666666666 0.02666666666666667 0.023333333333333334
0 0.13166666666666665 0.8066666666666666 0.02666666666666667 0.023333333333333334
0 0.23666666666666666 0.6933333333333334 0.03 0.03
0 0.18833333333333332 0.57 0.03 0.023333333333333334
0 0.058333333333333334 0.5433333333333333 0.03333333333333333 0.03333333333333333
0 0.6633333333333333 0.81 0.023333333333333334 0.023333333333333334
0 0.6583333333333333 0.9283333333333333 0.023333333333333334 0.023333333333333334
0 0.7033333333333334 0.9116666666666666 0.02666666666666667 0.02666666666666667
0 0.10666666666666667 0.8016666666666666 0.023333333333333334 0.023333333333333334
0 0.06333333333333334 0.5966666666666667 0.023333333333333334 0.02
0 0.6266666666666667 0.6583333333333333 0.023333333333333334 0.023333333333333334
0 0.19666666666666666 0.7833333333333333 0.03 0.023333333333333334
0 0.06166666666666667 0.85 0.02666666666666667 0.023333333333333334
0 0.08666666666666667 0.8233333333333334 0.023333333333333334 0.02666666666666667
0 0.17333333333333334 0.5216666666666666 0.03 0.023333333333333334
0 0.19333333333333333 0.5183333333333333 0.03 0.02
0 0.775 0.9666666666666667 0.023333333333333334 0.02
0 0.6616666666666666 0.8783333333333333 0.02666666666666667 0.023333333333333334
0 0.30333333333333334 0.6 0.03 0.03
0 0.09333333333333334 0.96 0.023333333333333334 0.02
0 0.23833333333333334 0.635 0.023333333333333334 0.023333333333333334
0 0.5666666666666667 0.5583333333333333 0.023333333333333334 0.023333333333333334
0 0.17333333333333334 0.7933333333333333 0.02666666666666667 0.023333333333333334
0 0.3883333333333333 0.7266666666666667 0.02 0.02
0 0.3883333333333333 0.7116666666666667 0.016666666666666666 0.016666666666666666
0 0.505 0.8733333333333333 0.023333333333333334 0.023333333333333334
0 0.5283333333333333 0.8983333333333333 0.023333333333333334 0.023333333333333334
0 0.49833333333333335 0.79 0.02666666666666667 0.023333333333333334
0 0.5183333333333333 0.8366666666666667 0.02 0.023333333333333334
0 0.56 0.8233333333333334 0.023333333333333334 0.02
0 0.5483333333333333 0.845 0.023333333333333334 0.023333333333333334
0 0.5633333333333334 0.8716666666666667 0.016666666666666666 0.023333333333333334
0 0.6883333333333334 0.8916666666666667 0.02 0.02666666666666667
0 0.6733333333333333 0.9816666666666667 0.023333333333333334 0.023333333333333334
0 0.455 0.9816666666666667 0.02 0.023333333333333334
0 0.3 0.05333333333333334 0.02666666666666667 0.02666666666666667
0 0.07166666666666667 0.345 0.02666666666666667 0.02666666666666667
0 0.12166666666666667 0.35333333333333333 0.03 0.02666666666666667
0 0.17333333333333334 0.3516666666666667 0.02666666666666667 0.02
0 0.4683333333333333 0.425 0.02666666666666667 0.02666666666666667
0 0.4166666666666667 0.03666666666666667 0.03 0.03
0 0.12833333333333333 0.3333333333333333 0.023333333333333334 0.02
0 0.49166666666666664 0.43166666666666664 0.02 0.02
0 0.2866666666666667 0.4533333333333333 0.023333333333333334 0.02666666666666667
0 0.15833333333333333 0.4716666666666667 0.02666666666666667 0.02666666666666667
0 0.08166666666666667 0.45666666666666667 0.02666666666666667 0.023333333333333334
0 0.14833333333333334 0.2733333333333333 0.023333333333333334 0.02
0 0.165 0.3416666666666667 0.02 0.02
0 0.30833333333333335 0.19666666666666666 0.02666666666666667 0.02666666666666667
0 0.27666666666666667 0.485 0.023333333333333334 0.023333333333333334
0 0.17666666666666667 0.075 0.02666666666666667 0.02666666666666667
0 0.16166666666666665 0.20666666666666667 0.016666666666666666 0.023333333333333334
0 0.3383333333333333 0.25666666666666665 0.023333333333333334 0.023333333333333334
0 0.058333333333333334 0.5433333333333333 0.03333333333333333 0.03
0 0.675 0.41833333333333333 0.023333333333333334 0.02666666666666667
0 0.5733333333333334 0.24833333333333332 0.023333333333333334 0.02666666666666667
0 0.7316666666666667 0.24666666666666667 0.02666666666666667 0.02
0 0.6466666666666666 0.475 0.02 0.02
0 0.7366666666666667 0.4533333333333333 0.02 0.023333333333333334
0 0.6533333333333333 0.465 0.023333333333333334 0.02
0 0.505 0.08666666666666667 0.02666666666666667 0.023333333333333334
0 0.7416666666666667 0.18333333333333332 0.02 0.02
0 0.5 0.22 0.023333333333333334 0.02666666666666667
0 0.6266666666666667 0.2816666666666667 0.02 0.023333333333333334
0 0.20333333333333334 0.7333333333333333 0.028333333333333332 0.025