0 0.18166666666666667 0.595 0.02666666666666667 0.02666666666666667
0 0.19666666666666666 0.5716666666666667 0.023333333333333334 0.03
0 0.045 0.9316666666666666 0.02666666666666667 0.02666666666666667
0 0.35 0.8083333333333333 0.02666666666666667 0.02666666666666667
0 0.21333333333333335 0.7816666666666666 0.023333333333333334 0.023333333333333334
0 0.07 0.6966666666666667 0.023333333333333334 0.02666666666666667
0 0.17333333333333334 0.7033333333333334 0.023333333333333334 0.02666666666666667
0 0.23833333333333334 0.5283333333333333 0.02666666666666667 0.023333333333333334
0 0.10666666666666667 0.8566666666666667 0.023333333333333334 0.023333333333333334
0 0.29333333333333333 0.6833333333333333 0.02 0.03
0 0.26 0.9316666666666666 0.02666666666666667 0.023333333333333334
0 0.35333333333333333 0.7183333333333334 0.02 0.02666666666666667
0 0.04 0.755 0.02 0.02
0 0.49666666666666665 0.8166666666666667 0.023333333333333334 0.023333333333333334
0 0.255 0.5933333333333334 0.023333333333333334 0.023333333333333334
0 0.25333333333333335 0.9133333333333333 0.02666666666666667 0.02666666666666667
0 0.24833333333333332 0.7166666666666667 0.03 0.03
0 0.3566666666666667 0.6683333333333333 0.023333333333333334 0.023333333333333334
0 0.006666666666666667 0.9 0.013333333333333334 0.023333333333333334
0 0.2733333333333333 0.645 0.023333333333333334 0.023333333333333334
0 0.22 0.5816666666666667 0.02666666666666667 0.02666666666666667
0 0.14666666666666667 0.715 0.02 0.02
0 0.3333333333333333 0.6516666666666666 0.023333333333333334 0.023333333333333334
0 0.4166666666666667 0.9566666666666667 0.023333333333333334 0.023333333333333334
0 0.42333333333333334 0.9383333333333334 0.023333333333333334 0.02666666666666667
0 0.33166666666666667 0.7383333333333333 0.023333333333333334 0.016666666666666666
0 0.5833333333333334 0.9683333333333334 0.02666666666666667 0.023333333333333334
0 0.23833333333333334 0.20166666666666666 0.02666666666666667 0.023333333333333334
0 0.31 0.36833333333333335 0.02666666666666667 0.02
0 0.36 0.31166666666666665 0.02 0.02
0 0.29333333333333333 0.3383333333333333 0.023333333333333334 0.023333333333333334
0 0.26166666666666666 0.5016666666666667 0.02666666666666667 0.02666666666666667
0 0.385 0.48333333333333334 0.02666666666666667 0.023333333333333334
0 0.355 0.2733333333333333 0.02 0.02
0 0.3283333333333333 0.3466666666666667 0.023333333333333334 0.02666666666666667
0 0.33666666666666667 0.36666666666666664 0.023333333333333334 0.02
0 0.3516666666666667 0.41 0.02 0.02
0 0.5216666666666666 0.9033333333333333 0.03 0.023333333333333334
0 0.4266666666666667 0.16666666666666666 0.025 0.02666666666666667
0 0.16833333333333333 0.8316666666666667 0.025 0.02666666666666667