0 0.5816666666666667 0.5333333333333333 0.023333333333333334 0.018333333333333333
0 0.25833333333333336 0.05333333333333334 0.03333333333333333 0.03
0 0.2733333333333333 0.07833333333333334 0.03 0.03
0 0.34833333333333333 0.19 0.04 0.03
0 0.34833333333333333 0.21833333333333332 0.04 0.03333333333333333
0 0.6633333333333333 0.06166666666666667 0.035 0.03
0 0.73 0.04666666666666667 0.03333333333333333 0.03666666666666667
0 0.445 0.025 0.03 0.023333333333333334
0 0.6683333333333333 0.5183333333333333 0.03 0.03
0 0.5316666666666666 0.2 0.02666666666666667 0.02666666666666667
0 0.6033333333333334 0.43333333333333335 0.03 0.03
0 0.5716666666666667 0.35333333333333333 0.02666666666666667 0.02666666666666667
0 0.5616666666666666 0.4116666666666667 0.02666666666666667 0.02666666666666667