0 0.018333333333333333 0.975 0.028333333333333332 0.03
0 0.08166666666666667 0.8516666666666667 0.023333333333333334 0.023333333333333334
0 0.03166666666666667 0.5733333333333334 0.02 0.02
0 0.07 0.6916666666666667 0.03 0.02666666666666667
0 0.14666666666666667 0.8566666666666667 0.03 0.02666666666666667
0 0.07333333333333333 0.8233333333333334 0.02666666666666667 0.02
0 0.02666666666666667 0.7066666666666667 0.03 0.03333333333333333
0 0.035 0.5283333333333333 0.03 0.02666666666666667
0 0.8966666666666666 0.7066666666666667 0.02 0.02
0 0.865 0.7166666666666667 0.035 0.028333333333333332
0 0.8316666666666667 0.36666666666666664 0.02666666666666667 0.023333333333333334
0 0.6266666666666667 0.6616666666666666 0.02 0.02
0 0.8766666666666667 0.45666666666666667 0.03 0.02
0 0.7966666666666666 0.34 0.02666666666666667 0.023333333333333334
0 0.5333333333333333 0.9366666666666666 0.03 0.03
0 0.56 0.94 0.02 0.02666666666666667
0 0.9216666666666666 0.7166666666666667 0.03 0.02666666666666667
0 0.5733333333333334 0.9266666666666666 0.023333333333333334 0.023333333333333334
0 0.6333333333333333 0.49666666666666665 0.02 0.023333333333333334
0 0.5383333333333333 0.5333333333333333 0.02 0.023333333333333334
0 0.6433333333333333 0.6116666666666667 0.02 0.02
0 0.7966666666666666 0.3616666666666667 0.02 0.02
0 0.7966666666666666 0.955 0.03 0.03
0 0.345 0.5233333333333333 0.025 0.023333333333333334
0 0.715 0.795 0.02666666666666667 0.02666666666666667