0 0.028333333333333332 0.24333333333333335 0.02666666666666667 0.03333333333333333
0 0.12333333333333334 0.5333333333333333 0.023333333333333334 0.023333333333333334
0 0.07333333333333333 0.6366666666666667 0.02 0.016666666666666666
0 0.10166666666666667 0.4766666666666667 0.023333333333333334 0.02
0 0.13833333333333334 0.2833333333333333 0.02666666666666667 0.02
0 0.175 0.49166666666666664 0.023333333333333334 0.023333333333333334
0 0.15166666666666667 0.5033333333333333 0.02666666666666667 0.023333333333333334
0 0.37 0.5016666666666667 0.02 0.023333333333333334
0 0.12 0.07833333333333334 0.02 0.02
0 0.20666666666666667 0.05 0.02666666666666667 0.02666666666666667
0 0.16666666666666666 0.08166666666666667 0.03 0.02
0 0.25333333333333335 0.3433333333333333 0.02666666666666667 0.03
0 0.04666666666666667 0.2816666666666667 0.03 0.023333333333333334
0 0.08333333333333333 0.03833333333333333 0.02666666666666667 0.02666666666666667
0 0.22166666666666668 0.3383333333333333 0.023333333333333334 0.023333333333333334
0 0.15666666666666668 0.5266666666666666 0.02 0.02
0 0.42333333333333334 0.115 0.02 0.02666666666666667
0 0.205 0.455 0.023333333333333334 0.023333333333333334
0 0.17666666666666667 0.06833333333333333 0.03 0.023333333333333334
0 0.13166666666666665 0.33166666666666667 0.02666666666666667 0.02666666666666667
0 0.07333333333333333 0.8616666666666667 0.02666666666666667 0.023333333333333334
0 0.22333333333333333 0.8133333333333334 0.023333333333333334 0.023333333333333334
0 0.20833333333333334 0.5033333333333333 0.023333333333333334 0.023333333333333334
0 0.32166666666666666 0.06 0.025 0.023333333333333334
0 0.11666666666666667 0.14833333333333334 0.02666666666666667 0.02666666666666667
0 0.14833333333333334 0.4583333333333333 0.023333333333333334 0.023333333333333334
0 0.2816666666666667 0.12166666666666667 0.02666666666666667 0.03
0 0.15166666666666667 0.03666666666666667 0.03 0.02666666666666667
0 0.2683333333333333 0.08833333333333333 0.025 0.021666666666666667
0 0.11833333333333333 0.10166666666666667 0.023333333333333334 0.023333333333333334
0 0.03 0.4683333333333333 0.023333333333333334 0.023333333333333334
0 0.30666666666666664 0.83 0.023333333333333334 0.023333333333333334
0 0.355 0.4766666666666667 0.02666666666666667 0.023333333333333334
0 0.5433333333333333 0.92 0.02666666666666667 0.02666666666666667
0 0.7583333333333333 0.36833333333333335 0.023333333333333334 0.023333333333333334
0 0.7116666666666667 0.7816666666666666 0.02666666666666667 0.023333333333333334
0 0.5666666666666667 0.9416666666666667 0.02666666666666667 0.02666666666666667
0 0.01 0.8916666666666667 0.02 0.02666666666666667
0 0.021666666666666667 0.655 0.02666666666666667 0.023333333333333334
0 0.023333333333333334 0.48333333333333334 0.023333333333333334 0.023333333333333334
0 0.8916666666666667 0.235 0.02666666666666667 0.02666666666666667