0 0.9116666666666666 0.34 0.02 0.023333333333333334
0 0.7633333333333333 0.44 0.02 0.02
0 0.6833333333333333 0.33666666666666667 0.02 0.02666666666666667
0 0.8416666666666667 0.18333333333333332 0.02 0.02
0 0.86 0.20833333333333334 0.02 0.02
0 0.8716666666666667 0.195 0.02 0.016666666666666666
0 0.9633333333333334 0.18 0.02 0.02
0 0.7233333333333334 0.48333333333333334 0.02666666666666667 0.02666666666666667
0 0.9516666666666667 0.31166666666666665 0.02666666666666667 0.02666666666666667
0 0.9033333333333333 0.20666666666666667 0.023333333333333334 0.023333333333333334
0 0.7433333333333333 0.39166666666666666 0.02 0.02
0 0.7566666666666667 0.3333333333333333 0.023333333333333334 0.02
0 0.8316666666666667 0.30333333333333334 0.02 0.02666666666666667
0 0.845 0.24833333333333332 0.023333333333333334 0.023333333333333334
0 0.905 0.30666666666666664 0.023333333333333334 0.023333333333333334
0 0.20333333333333334 0.6216666666666667 0.02666666666666667 0.03
0 0.17166666666666666 0.595 0.023333333333333334 0.023333333333333334
0 0.22 0.6816666666666666 0.02666666666666667 0.02
0 0.22333333333333333 0.9116666666666666 0.03 0.023333333333333334
0 0.29333333333333333 0.8583333333333333 0.02666666666666667 0.02666666666666667
0 0.285 0.8283333333333334 0.02 0.023333333333333334
0 0.275 0.7766666666666666 0.02666666666666667 0.023333333333333334
0 0.3233333333333333 0.7666666666666667 0.023333333333333334 0.02
0 0.15833333333333333 0.7716666666666666 0.03 0.02666666666666667
0 0.235 0.6233333333333333 0.03 0.023333333333333334
0 0.275 0.5433333333333333 0.02666666666666667 0.02666666666666667
0 0.31833333333333336 0.8216666666666667 0.03 0.02666666666666667
0 0.43166666666666664 0.97 0.03 0.02666666666666667
0 0.3283333333333333 0.9216666666666666 0.02 0.02
0 0.19 0.695 0.023333333333333334 0.02666666666666667
0 0.24166666666666667 0.6433333333333333 0.03 0.02666666666666667
0 0.31 0.745 0.023333333333333334 0.023333333333333334
0 0.16666666666666666 0.5583333333333333 0.03 0.03
0 0.4116666666666667 0.6383333333333333 0.02666666666666667 0.02666666666666667
0 0.3616666666666667 0.6983333333333334 0.023333333333333334 0.023333333333333334
0 0.36666666666666664 0.6433333333333333 0.023333333333333334 0.023333333333333334
0 0.02666666666666667 0.6633333333333333 0.02 0.023333333333333334
0 0.028333333333333332 0.5833333333333334 0.02 0.02
0 0.07333333333333333 0.5516666666666666 0.02 0.02
0 0.29333333333333333 0.6983333333333334 0.02666666666666667 0.023333333333333334
0 0.31166666666666665 0.6683333333333333 0.02 0.02
0 0.31833333333333336 0.655 0.016666666666666666 0.02
0 0.13833333333333334 0.6816666666666666 0.02 0.023333333333333334
0 0.24166666666666667 0.7483333333333333 0.023333333333333334 0.023333333333333334
0 0.265 0.7333333333333333 0.02 0.02
0 0.24333333333333335 0.8033333333333333 0.02 0.023333333333333334
0 0.38333333333333336 0.645 0.023333333333333334 0.02
0 0.22666666666666666 0.735 0.023333333333333334 0.023333333333333334
0 0.4216666666666667 0.7216666666666667 0.02666666666666667 0.02
0 0.26666666666666666 0.8033333333333333 0.02666666666666667 0.02
0 0.34 0.056666666666666664 0.023333333333333334 0.02
0 0.4533333333333333 0.14833333333333334 0.023333333333333334 0.023333333333333334
0 0.40166666666666667 0.028333333333333332 0.02 0.023333333333333334
0 0.058333333333333334 0.495 0.023333333333333334 0.03
0 0.9366666666666666 0.5983333333333334 0.02 0.023333333333333334
0 0.9266666666666666 0.6466666666666666 0.016666666666666666 0.02
0 0.6133333333333333 0.57 0.023333333333333334 0.02666666666666667
0 0.8683333333333333 0.6833333333333333 0.02666666666666667 0.02666666666666667
0 0.9416666666666667 0.62 0.023333333333333334 0.023333333333333334
0 0.8983333333333333 0.6466666666666666 0.02 0.02666666666666667
0 0.5916666666666667 0.58 0.02666666666666667 0.02666666666666667
0 0.9266666666666666 0.75 0.02666666666666667 0.02666666666666667
0 0.8533333333333334 0.5966666666666667 0.02666666666666667 0.02666666666666667
0 0.5533333333333333 0.5766666666666667 0.02 0.02
0 0.5566666666666666 0.5966666666666667 0.023333333333333334 0.023333333333333334
0 0.62 0.5433333333333333 0.02 0.023333333333333334
0 0.6633333333333333 0.525 0.023333333333333334 0.02
0 0.6883333333333334 0.5283333333333333 0.02 0.02
0 0.6466666666666666 0.5616666666666666 0.02 0.016666666666666666
0 0.5483333333333333 0.65 0.028333333333333332 0.021666666666666667
0 0.65 0.6283333333333333 0.023333333333333334 0.02
0 0.9816666666666667 0.6383333333333333 0.02 0.02
0 0.5366666666666666 0.6166666666666667 0.02666666666666667 0.02666666666666667
0 0.515 0.21666666666666667 0.023333333333333334 0.02
0 0.5166666666666667 0.20333333333333334 0.02 0.023333333333333334
0 0.225 0.47 0.025 0.02666666666666667
0 0.255 0.4533333333333333 0.023333333333333334 0.023333333333333334
0 0.14833333333333334 0.8233333333333334 0.023333333333333334 0.025
0 0.04666666666666667 0.6116666666666667 0.028333333333333332 0.02
0 0.9683333333333334 0.135 0.021666666666666667 0.021666666666666667
0 0.365 0.9583333333333334 0.02 0.025