0 0.9166666666666666 0.7266666666666667 0.02666666666666667 0.02666666666666667
0 0.7233333333333334 0.6366666666666667 0.02666666666666667 0.023333333333333334
0 0.8716666666666667 0.295 0.03333333333333333 0.03333333333333333
0 0.10833333333333334 0.6216666666666667 0.023333333333333334 0.02666666666666667
0 0.12333333333333334 0.6516666666666666 0.04 0.03333333333333333
0 0.3 0.8233333333333334 0.028333333333333332 0.028333333333333332
0 0.18166666666666667 0.7433333333333333 0.03333333333333333 0.03666666666666667
0 0.16 0.7916666666666666 0.02666666666666667 0.028333333333333332
0 0.03833333333333333 0.7633333333333333 0.03166666666666667 0.03666666666666667
0 0.055 0.7266666666666667 0.035 0.03166666666666667
0 0.08666666666666667 0.6933333333333334 0.03666666666666667 0.03833333333333333
0 0.22333333333333333 0.245 0.03 0.02666666666666667
0 0.225 0.19166666666666668 0.03 0.03
0 0.18333333333333332 0.043333333333333335 0.023333333333333334 0.02
0 0.22333333333333333 0.03833333333333333 0.02666666666666667 0.02666666666666667
0 0.24333333333333335 0.20833333333333334 0.02666666666666667 0.023333333333333334
0 0.18833333333333332 0.12166666666666667 0.02666666666666667 0.02666666666666667
0 0.30833333333333335 0.26166666666666666 0.023333333333333334 0.02
0 0.23333333333333334 0.065 0.02 0.023333333333333334
0 0.32666666666666666 0.21833333333333332 0.025 0.023333333333333334
0 0.15833333333333333 0.11666666666666667 0.023333333333333334 0.02666666666666667
0 0.5116666666666667 0.185 0.028333333333333332 0.03333333333333333
0 0.04833333333333333 0.8233333333333334 0.03333333333333333 0.035