0 0.01 0.4633333333333333 0.02 0.023333333333333334
0 0.07333333333333333 0.3433333333333333 0.023333333333333334 0.023333333333333334
0 0.025 0.058333333333333334 0.02 0.02
0 0.06166666666666667 0.18333333333333332 0.03 0.02666666666666667
0 0.06166666666666667 0.24666666666666667 0.023333333333333334 0.03
0 0.058333333333333334 0.22666666666666666 0.02 0.023333333333333334
0 0.14 0.34833333333333333 0.03 0.02666666666666667
0 0.10166666666666667 0.37 0.02 0.023333333333333334
0 0.065 0.31666666666666665 0.02666666666666667 0.02
0 0.021666666666666667 0.19666666666666666 0.02666666666666667 0.02666666666666667
0 0.15666666666666668 0.245 0.02666666666666667 0.02666666666666667
0 0.03666666666666667 0.24166666666666667 0.023333333333333334 0.023333333333333334
0 0.15166666666666667 0.29833333333333334 0.023333333333333334 0.023333333333333334
0 0.013333333333333334 0.06666666666666667 0.02 0.02
0 0.045 0.2866666666666667 0.023333333333333334 0.02
0 0.12 0.20333333333333334 0.02 0.02
0 0.38166666666666665 0.7883333333333333 0.023333333333333334 0.023333333333333334
0 0.02666666666666667 0.015 0.03 0.02666666666666667
0 0.8883333333333333 0.19833333333333333 0.02 0.02
0 0.8566666666666667 0.20666666666666667 0.03 0.023333333333333334
0 0.9016666666666666 0.07166666666666667 0.03 0.02666666666666667
0 0.6183333333333333 0.15333333333333332 0.02 0.02
0 0.5216666666666666 0.42333333333333334 0.02 0.02
0 0.5433333333333333 0.4216666666666667 0.02 0.02666666666666667
0 0.9133333333333333 0.20833333333333334 0.03 0.02666666666666667
0 0.6016666666666667 0.16666666666666666 0.023333333333333334 0.023333333333333334
0 0.78 0.4083333333333333 0.02666666666666667 0.02666666666666667
0 0.5666666666666667 0.09166666666666666 0.023333333333333334 0.023333333333333334
0 0.5733333333333334 0.385 0.02666666666666667 0.023333333333333334
0 0.6383333333333333 0.175 0.023333333333333334 0.023333333333333334
0 0.5616666666666666 0.4116666666666667 0.023333333333333334 0.023333333333333334
0 0.5416666666666666 0.38166666666666665 0.02 0.023333333333333334
0 0.5266666666666666 0.17 0.023333333333333334 0.02666666666666667
0 0.5316666666666666 0.025 0.02 0.023333333333333334
0 0.6366666666666667 0.10333333333333333 0.02 0.02
0 0.7316666666666667 0.27166666666666667 0.02666666666666667 0.023333333333333334
0 0.7516666666666667 0.22166666666666668 0.02 0.02666666666666667
0 0.9266666666666666 0.10666666666666667 0.016666666666666666 0.023333333333333334
0 0.8 0.36666666666666664 0.02 0.02
0 0.7733333333333333 0.46 0.02 0.016666666666666666
0 0.785 0.44333333333333336 0.02 0.023333333333333334
0 0.5833333333333334 0.11666666666666667 0.02 0.023333333333333334
0 0.9316666666666666 0.13833333333333334 0.023333333333333334 0.02
0 0.6283333333333333 0.12 0.02 0.02
0 0.585 0.14 0.02 0.02
0 0.6033333333333334 0.74 0.02666666666666667 0.02
0 0.6133333333333333 0.7183333333333334 0.023333333333333334 0.023333333333333334
0 0.66 0.52 0.02666666666666667 0.02666666666666667
0 0.71 0.2816666666666667 0.02666666666666667 0.023333333333333334