0 0.006666666666666667 0.425 0.013333333333333334 0.02666666666666667
0 0.13333333333333333 0.47 0.028333333333333332 0.028333333333333332
0 0.07166666666666667 0.05 0.03 0.02666666666666667
0 0.09666666666666666 0.23 0.02666666666666667 0.02666666666666667
0 0.3416666666666667 0.24833333333333332 0.025 0.03
0 0.03833333333333333 0.475 0.023333333333333334 0.02
0 0.051666666666666666 0.11833333333333333 0.023333333333333334 0.02666666666666667
0 0.15166666666666667 0.8983333333333333 0.03 0.02666666666666667
0 0.155 0.79 0.03333333333333333 0.03
0 0.095 0.8033333333333333 0.028333333333333332 0.03166666666666667
0 0.028333333333333332 0.6783333333333333 0.023333333333333334 0.023333333333333334
0 0.21166666666666667 0.84 0.03 0.02
0 0.37166666666666665 0.9833333333333333 0.02666666666666667 0.02666666666666667
0 0.3883333333333333 0.7083333333333334 0.023333333333333334 0.023333333333333334
0 0.3 0.9733333333333334 0.02666666666666667 0.025
0 0.3333333333333333 0.9883333333333333 0.023333333333333334 0.023333333333333334
0 0.4716666666666667 0.85 0.023333333333333334 0.023333333333333334
0 0.33166666666666667 0.6166666666666667 0.03 0.03
0 0.023333333333333334 0.6983333333333334 0.023333333333333334 0.025
0 0.39666666666666667 0.8066666666666666 0.02 0.023333333333333334
0 0.4216666666666667 0.8116666666666666 0.02 0.023333333333333334
0 0.4483333333333333 0.8033333333333333 0.016666666666666666 0.023333333333333334
0 0.5616666666666666 0.4166666666666667 0.02666666666666667 0.023333333333333334
0 0.9216666666666666 0.028333333333333332 0.03 0.02666666666666667
0 0.5366666666666666 0.38166666666666665 0.02 0.02
0 0.7966666666666666 0.8533333333333334 0.02666666666666667 0.023333333333333334
0 0.6866666666666666 0.8316666666666667 0.03166666666666667 0.028333333333333332
0 0.7716666666666666 0.8566666666666667 0.028333333333333332 0.02666666666666667
0 0.6133333333333333 0.7566666666666667 0.03166666666666667 0.028333333333333332
0 0.5866666666666667 0.7766666666666666 0.02666666666666667 0.02
0 0.5566666666666666 0.6783333333333333 0.021666666666666667 0.02666666666666667
0 0.6116666666666667 0.6466666666666666 0.02666666666666667 0.02
0 0.6133333333333333 0.71 0.023333333333333334 0.02666666666666667
0 0.735 0.635 0.023333333333333334 0.023333333333333334
0 0.7683333333333333 0.6216666666666667 0.02666666666666667 0.023333333333333334
0 0.7683333333333333 0.7766666666666666 0.023333333333333334 0.023333333333333334
0 0.67 0.9333333333333333 0.023333333333333334 0.023333333333333334
0 0.68 0.9016666666666666 0.02 0.02
0 0.75 0.9016666666666666 0.03 0.023333333333333334
0 0.7 0.9633333333333334 0.023333333333333334 0.02666666666666667
0 0.5666666666666667 0.8116666666666666 0.025 0.02666666666666667
0 0.8933333333333333 0.9 0.023333333333333334 0.02
0 0.8433333333333334 0.8883333333333333 0.02 0.02
0 0.8383333333333334 0.9083333333333333 0.023333333333333334 0.023333333333333334
0 0.5816666666666667 0.5466666666666666 0.023333333333333334 0.023333333333333334
0 0.725 0.5066666666666667 0.03 0.02666666666666667
0 0.735 0.755 0.023333333333333334 0.023333333333333334
0 0.7966666666666666 0.8116666666666666 0.03 0.02666666666666667
0 0.8183333333333334 0.93 0.02666666666666667 0.02666666666666667
0 0.6183333333333333 0.5666666666666667 0.023333333333333334 0.023333333333333334
0 0.5583333333333333 0.9 0.02666666666666667 0.02666666666666667
0 0.5933333333333334 0.6633333333333333 0.023333333333333334 0.023333333333333334
0 0.5833333333333334 0.7566666666666667 0.023333333333333334 0.023333333333333334
0 0.6416666666666667 0.8633333333333333 0.02666666666666667 0.02666666666666667
0 0.865 0.905 0.02666666666666667 0.02
0 0.8933333333333333 0.9216666666666666 0.023333333333333334 0.02
0 0.8833333333333333 0.8433333333333334 0.023333333333333334 0.02666666666666667
0 0.78 0.9016666666666666 0.02 0.02666666666666667
0 0.7566666666666667 0.7033333333333334 0.023333333333333334 0.023333333333333334
0 0.6716666666666666 0.9333333333333333 0.023333333333333334 0.023333333333333334
0 0.7 0.5766666666666667 0.03 0.025
0 0.3283333333333333 0.645 0.028333333333333332 0.02666666666666667