0 0.745 0.4583333333333333 0.03 0.023333333333333334
0 0.67 0.013333333333333334 0.023333333333333334 0.02666666666666667
0 0.6683333333333333 0.03333333333333333 0.023333333333333334 0.023333333333333334
0 0.58 0.275 0.023333333333333334 0.02666666666666667
0 0.6266666666666667 0.2833333333333333 0.02666666666666667 0.023333333333333334
0 0.6683333333333333 0.2866666666666667 0.023333333333333334 0.02666666666666667
0 0.73 0.36666666666666664 0.03 0.02666666666666667
0 0.7633333333333333 0.35333333333333333 0.02666666666666667 0.02666666666666667
0 0.8133333333333334 0.2733333333333333 0.02666666666666667 0.02666666666666667
0 0.6716666666666666 0.38666666666666666 0.02666666666666667 0.023333333333333334
0 0.7583333333333333 0.44 0.023333333333333334 0.023333333333333334
0 0.03333333333333333 0.12166666666666667 0.023333333333333334 0.02666666666666667
0 0.025 0.14166666666666666 0.023333333333333334 0.02
0 0.09333333333333334 0.21166666666666667 0.03 0.02666666666666667
0 0.07666666666666666 0.23666666666666666 0.02 0.023333333333333334
0 0.21166666666666667 0.18166666666666667 0.023333333333333334 0.023333333333333334
0 0.235 0.135 0.02666666666666667 0.02
0 0.28 0.18333333333333332 0.03 0.02666666666666667
0 0.34 0.24 0.03 0.03
0 0.17666666666666667 0.30666666666666664 0.02666666666666667 0.02666666666666667
0 0.38666666666666666 0.3233333333333333 0.028333333333333332 0.028333333333333332
0 0.44166666666666665 0.37666666666666665 0.023333333333333334 0.03
0 0.15166666666666667 0.17166666666666666 0.03 0.03
0 0.03333333333333333 0.3383333333333333 0.028333333333333332 0.025
0 0.3616666666666667 0.4633333333333333 0.02666666666666667 0.023333333333333334
0 0.24833333333333332 0.3433333333333333 0.023333333333333334 0.023333333333333334
0 0.30666666666666664 0.41333333333333333 0.023333333333333334 0.023333333333333334
0 0.155 0.21166666666666667 0.023333333333333334 0.023333333333333334
0 0.22 0.21333333333333335 0.023333333333333334 0.023333333333333334
0 0.14333333333333334 0.275 0.03 0.03
0 0.08 0.36833333333333335 0.023333333333333334 0.023333333333333334
0 0.23833333333333334 0.31166666666666665 0.023333333333333334 0.023333333333333334
0 0.105 0.35333333333333333 0.023333333333333334 0.023333333333333334
0 0.23666666666666666 0.17 0.023333333333333334 0.023333333333333334
0 0.035 0.265 0.03 0.03
0 0.31166666666666665 0.37 0.023333333333333334 0.023333333333333334
0 0.4083333333333333 0.25333333333333335 0.023333333333333334 0.023333333333333334
0 0.04833333333333333 0.295 0.02666666666666667 0.023333333333333334
0 0.6516666666666666 0.5216666666666666 0.02666666666666667 0.023333333333333334
0 0.6266666666666667 0.5383333333333333 0.023333333333333334 0.023333333333333334
0 0.685 0.5433333333333333 0.02666666666666667 0.023333333333333334
0 0.7166666666666667 0.5283333333333333 0.02666666666666667 0.02
0 0.7083333333333334 0.5466666666666666 0.03 0.023333333333333334
0 0.8116666666666666 0.5383333333333333 0.02 0.02
0 0.8033333333333333 0.5616666666666666 0.023333333333333334 0.023333333333333334
0 0.7616666666666667 0.6066666666666667 0.02 0.02
0 0.6733333333333333 0.6466666666666666 0.023333333333333334 0.02666666666666667
0 0.6616666666666666 0.6683333333333333 0.02666666666666667 0.02666666666666667
0 0.7333333333333333 0.67 0.023333333333333334 0.03
0 0.7483333333333333 0.6866666666666666 0.03 0.03
0 0.7566666666666667 0.6433333333333333 0.025 0.023333333333333334
0 0.7033333333333334 0.6133333333333333 0.023333333333333334 0.023333333333333334
0 0.135 0.8033333333333333 0.028333333333333332 0.03
0 0.02 0.5533333333333333 0.02666666666666667 0.03166666666666667
0 0.735 0.425 0.03 0.025