0 0.7666666666666667 0.056666666666666664 0.03 0.03
0 0.085 0.145 0.023333333333333334 0.03
0 0.20166666666666666 0.18166666666666667 0.02666666666666667 0.03333333333333333
0 0.041666666666666664 0.275 0.025 0.03
0 0.09166666666666666 0.435 0.02666666666666667 0.02666666666666667
0 0.18333333333333332 0.19333333333333333 0.02666666666666667 0.02666666666666667
0 0.11166666666666666 0.29833333333333334 0.03 0.03
0 0.38 0.17 0.02666666666666667 0.021666666666666667
0 0.06166666666666667 0.25666666666666665 0.028333333333333332 0.02666666666666667
0 0.055 0.7516666666666667 0.023333333333333334 0.02666666666666667
0 0.07 0.7733333333333333 0.023333333333333334 0.02666666666666667
0 0.23333333333333334 0.011666666666666667 0.03 0.023333333333333334