0 0.4533333333333333 0.695 0.03 0.02666666666666667
0 0.44 0.785 0.023333333333333334 0.02666666666666667
0 0.49 0.77 0.02666666666666667 0.023333333333333334
0 0.9833333333333333 0.765 0.023333333333333334 0.023333333333333334
0 0.5466666666666666 0.27666666666666667 0.02666666666666667 0.023333333333333334
0 0.7433333333333333 0.09666666666666666 0.02666666666666667 0.023333333333333334
0 0.9733333333333334 0.35833333333333334 0.02666666666666667 0.02666666666666667
0 0.8433333333333334 0.42333333333333334 0.02666666666666667 0.02666666666666667
0 0.6566666666666666 0.1 0.023333333333333334 0.02
0 0.53 0.30333333333333334 0.03333333333333333 0.03
0 0.5133333333333333 0.2783333333333333 0.02 0.023333333333333334
0 0.9733333333333334 0.8383333333333334 0.03166666666666667 0.028333333333333332