0 0.10833333333333334 0.765 0.028333333333333332 0.02666666666666667
0 0.145 0.7483333333333333 0.02666666666666667 0.02666666666666667
0 0.185 0.7483333333333333 0.02666666666666667 0.023333333333333334
0 0.21833333333333332 0.725 0.02666666666666667 0.03
0 0.315 0.8983333333333333 0.025 0.023333333333333334
0 0.17333333333333334 0.8316666666666667 0.03 0.02
0 0.26166666666666666 0.7666666666666667 0.021666666666666667 0.02666666666666667
0 0.24833333333333332 0.8016666666666666 0.02666666666666667 0.02
0 0.23833333333333334 0.82 0.02666666666666667 0.023333333333333334
0 0.4116666666666667 0.8516666666666667 0.021666666666666667 0.021666666666666667
0 0.39 0.915 0.021666666666666667 0.021666666666666667
0 0.48333333333333334 0.975 0.02 0.021666666666666667
0 0.3233333333333333 0.8283333333333334 0.02 0.023333333333333334
0 0.315 0.7783333333333333 0.02 0.028333333333333332
0 0.03666666666666667 0.5383333333333333 0.023333333333333334 0.02
0 0.09 0.66 0.02 0.025
0 0.14833333333333334 0.6283333333333333 0.023333333333333334 0.023333333333333334
0 0.09666666666666666 0.5383333333333333 0.02 0.02
0 0.13833333333333334 0.7166666666666667 0.021666666666666667 0.025
0 0.38166666666666665 0.5966666666666667 0.02 0.03
0 0.38166666666666665 0.88 0.023333333333333334 0.02666666666666667
0 0.44666666666666666 0.9283333333333333 0.02 0.023333333333333334
0 0.485 0.865 0.021666666666666667 0.025
0 0.46166666666666667 0.8 0.023333333333333334 0.023333333333333334
0 0.09833333333333333 0.7383333333333333 0.023333333333333334 0.023333333333333334
0 0.32 0.6033333333333334 0.02666666666666667 0.02666666666666667
0 0.03833333333333333 0.67 0.02 0.02
0 0.09166666666666666 0.605 0.023333333333333334 0.02
0 0.8083333333333333 0.82 0.02666666666666667 0.02666666666666667
0 0.965 0.5983333333333334 0.02666666666666667 0.03
0 0.715 0.9483333333333334 0.02 0.02
0 0.675 0.9233333333333333 0.02666666666666667 0.02
0 0.73 0.9616666666666667 0.021666666666666667 0.025
0 0.56 0.93 0.02 0.02
0 0.7583333333333333 0.985 0.023333333333333334 0.025
0 0.9083333333333333 0.5416666666666666 0.02666666666666667 0.02666666666666667
0 0.94 0.405 0.03 0.03
0 0.9716666666666667 0.32666666666666666 0.02666666666666667 0.02666666666666667
0 0.7666666666666667 0.19333333333333333 0.03 0.02
0 0.9583333333333334 0.22666666666666666 0.023333333333333334 0.023333333333333334
0 0.92 0.175 0.02666666666666667 0.02
0 0.8516666666666667 0.19333333333333333 0.02666666666666667 0.02
0 0.97 0.2783333333333333 0.02 0.02
0 0.9766666666666667 0.41333333333333333 0.023333333333333334 0.023333333333333334
0 0.05 0.49 0.02666666666666667 0.02666666666666667
0 0.30333333333333334 0.4716666666666667 0.023333333333333334 0.02666666666666667
0 0.03666666666666667 0.56 0.025 0.02666666666666667
0 0.5233333333333333 0.8866666666666667 0.023333333333333334 0.018333333333333333
0 0.3516666666666667 0.75 0.018333333333333333 0.023333333333333334
0 0.79 0.7016666666666667 0.018333333333333333 0.025