0 0.6716666666666666 0.675 0.023333333333333334 0.023333333333333334
0 0.7833333333333333 0.805 0.02 0.02
0 0.5366666666666666 0.605 0.03 0.02666666666666667
0 0.61 0.95 0.02666666666666667 0.02666666666666667
0 0.6916666666666667 0.6616666666666666 0.02666666666666667 0.03333333333333333
0 0.011666666666666667 0.39166666666666666 0.02 0.023333333333333334
0 0.13833333333333334 0.49 0.03 0.02666666666666667
0 0.065 0.4633333333333333 0.03 0.03
0 0.26 0.42 0.025 0.021666666666666667
0 0.06333333333333334 0.39666666666666667 0.02666666666666667 0.02666666666666667
0 0.8683333333333333 0.21 0.02666666666666667 0.023333333333333334
0 0.8483333333333334 0.30333333333333334 0.02 0.02
0 0.8383333333333334 0.2683333333333333 0.03 0.02666666666666667
0 0.9133333333333333 0.12833333333333333 0.02666666666666667 0.023333333333333334
0 0.6566666666666666 0.69 0.018333333333333333 0.021666666666666667