0 0.11666666666666667 0.02666666666666667 0.023333333333333334 0.023333333333333334
0 0.06666666666666667 0.13 0.02 0.016666666666666666
0 0.14833333333333334 0.018333333333333333 0.02 0.02
0 0.19666666666666666 0.2866666666666667 0.023333333333333334 0.02666666666666667
0 0.03833333333333333 0.10166666666666667 0.023333333333333334 0.023333333333333334
0 0.06833333333333333 0.35833333333333334 0.028333333333333332 0.03333333333333333
0 0.215 0.305 0.023333333333333334 0.023333333333333334
0 0.26166666666666666 0.49 0.02666666666666667 0.023333333333333334
0 0.5366666666666666 0.4116666666666667 0.02666666666666667 0.02666666666666667
0 0.7033333333333334 0.2733333333333333 0.02666666666666667 0.023333333333333334
0 0.9566666666666667 0.6683333333333333 0.025 0.025
0 0.6066666666666667 0.7483333333333333 0.023333333333333334 0.023333333333333334
0 0.8916666666666667 0.7566666666666667 0.02666666666666667 0.021666666666666667
0 0.8583333333333333 0.8283333333333334 0.03 0.02666666666666667
0 0.8833333333333333 0.7866666666666666 0.023333333333333334 0.02666666666666667
0 0.6183333333333333 0.8066666666666666 0.02666666666666667 0.03333333333333333
0 0.9316666666666666 0.89 0.03 0.03
0 0.5666666666666667 0.8916666666666667 0.02 0.02
0 0.5783333333333334 0.7916666666666666 0.023333333333333334 0.023333333333333334
0 0.006666666666666667 0.38333333333333336 0.013333333333333334 0.02666666666666667
0 0.013333333333333334 0.14666666666666667 0.02666666666666667 0.023333333333333334
0 0.3466666666666667 0.7433333333333333 0.023333333333333334 0.023333333333333334
0 0.13333333333333333 0.565 0.03333333333333333 0.03333333333333333
0 0.39666666666666667 0.6683333333333333 0.02 0.023333333333333334
0 0.44666666666666666 0.525 0.02666666666666667 0.025
0 0.8516666666666667 0.7116666666666667 0.02 0.03
0 0.86 0.6383333333333333 0.025 0.028333333333333332