0 0.4216666666666667 0.4216666666666667 0.02 0.02
0 0.4166666666666667 0.345 0.02 0.016666666666666666
0 0.45666666666666667 0.25666666666666665 0.03 0.03166666666666667
0 0.4716666666666667 0.17333333333333334 0.02 0.02666666666666667
0 0.49833333333333335 0.19666666666666666 0.02 0.02
0 0.03666666666666667 0.11333333333333333 0.02 0.02
0 0.5 0.44 0.018333333333333333 0.023333333333333334
0 0.4066666666666667 0.38 0.02666666666666667 0.023333333333333334
0 0.5066666666666667 0.35333333333333333 0.013333333333333334 0.023333333333333334
0 0.6016666666666667 0.23166666666666666 0.02666666666666667 0.02
0 0.7416666666666667 0.03833333333333333 0.03 0.02666666666666667
0 0.6216666666666667 0.3283333333333333 0.023333333333333334 0.023333333333333334
0 0.8366666666666667 0.23166666666666666 0.02666666666666667 0.02
0 0.5916666666666667 0.405 0.02666666666666667 0.02666666666666667
0 0.565 0.17333333333333334 0.02666666666666667 0.02666666666666667
0 0.5533333333333333 0.145 0.02666666666666667 0.02666666666666667
0 0.6266666666666667 0.39666666666666667 0.02666666666666667 0.023333333333333334
0 0.54 0.37166666666666665 0.023333333333333334 0.02
0 0.63 0.29 0.023333333333333334 0.023333333333333334
0 0.5666666666666667 0.20333333333333334 0.023333333333333334 0.023333333333333334
0 0.535 0.33166666666666667 0.023333333333333334 0.02
0 0.8383333333333334 0.24666666666666667 0.02666666666666667 0.02
0 0.5233333333333333 0.2783333333333333 0.023333333333333334 0.023333333333333334
0 0.5183333333333333 0.13333333333333333 0.023333333333333334 0.023333333333333334
0 0.5333333333333333 0.145 0.02 0.023333333333333334
0 0.05333333333333334 0.6583333333333333 0.02 0.02
0 0.31166666666666665 0.9683333333333334 0.02 0.02
0 0.23666666666666666 0.9033333333333333 0.02 0.02
0 0.26166666666666666 0.9016666666666666 0.02 0.023333333333333334
0 0.035 0.6383333333333333 0.023333333333333334 0.023333333333333334
0 0.10166666666666667 0.52 0.02 0.02
0 0.31833333333333336 0.48333333333333334 0.02 0.023333333333333334
0 0.3016666666666667 0.915 0.023333333333333334 0.023333333333333334
0 0.105 0.9183333333333333 0.023333333333333334 0.023333333333333334
0 0.31166666666666665 0.8083333333333333 0.023333333333333334 0.023333333333333334
0 0.008333333333333333 0.12833333333333333 0.016666666666666666 0.023333333333333334
0 0.32166666666666666 0.5116666666666667 0.02666666666666667 0.02
0 0.335 0.84 0.02 0.023333333333333334
0 0.10833333333333334 0.955 0.02 0.023333333333333334
0 0.12666666666666668 0.7116666666666667 0.02666666666666667 0.02666666666666667
0 0.20833333333333334 0.6716666666666666 0.023333333333333334 0.023333333333333334
0 0.07833333333333334 0.625 0.02666666666666667 0.02666666666666667
0 0.115 0.7516666666666667 0.023333333333333334 0.023333333333333334
0 0.39666666666666667 0.8866666666666667 0.02666666666666667 0.02666666666666667
0 0.37 0.7866666666666666 0.02666666666666667 0.02666666666666667
0 0.43 0.63 0.02666666666666667 0.02666666666666667
0 0.49666666666666665 0.6533333333333333 0.02 0.023333333333333334
0 0.26166666666666666 0.83 0.023333333333333334 0.023333333333333334
0 0.028333333333333332 0.7433333333333333 0.023333333333333334 0.023333333333333334
0 0.02666666666666667 0.7116666666666667 0.023333333333333334 0.02
0 0.18333333333333332 0.6583333333333333 0.023333333333333334 0.02
0 0.43666666666666665 0.5566666666666666 0.016666666666666666 0.02
0 0.7583333333333333 0.7733333333333333 0.023333333333333334 0.02
0 0.7083333333333334 0.77 0.02 0.02
0 0.735 0.7066666666666667 0.02666666666666667 0.02666666666666667
0 0.6166666666666667 0.6166666666666667 0.023333333333333334 0.02666666666666667
0 0.6916666666666667 0.6366666666666667 0.02 0.02
0 0.7066666666666667 0.5933333333333334 0.02 0.02
0 0.7983333333333333 0.83 0.023333333333333334 0.02
0 0.7966666666666666 0.8633333333333333 0.02 0.02
0 0.8283333333333334 0.8933333333333333 0.023333333333333334 0.023333333333333334
0 0.7416666666666667 0.9116666666666666 0.023333333333333334 0.02
0 0.7083333333333334 0.94 0.02666666666666667 0.03
0 0.7566666666666667 0.9316666666666666 0.02 0.016666666666666666
0 0.6816666666666666 0.8016666666666666 0.02666666666666667 0.02666666666666667
0 0.775 0.795 0.023333333333333334 0.02
0 0.8116666666666666 0.7883333333333333 0.02666666666666667 0.016666666666666666
0 0.7866666666666666 0.69 0.02 0.02
0 0.8133333333333334 0.7 0.02 0.02
0 0.8316666666666667 0.725 0.02 0.02
0 0.8466666666666667 0.7033333333333334 0.02 0.02
0 0.74 0.5733333333333334 0.028333333333333332 0.028333333333333332
0 0.97 0.6666666666666666 0.023333333333333334 0.023333333333333334
0 0.7566666666666667 0.8816666666666667 0.02 0.02
0 0.7266666666666667 0.9816666666666667 0.02666666666666667 0.02
0 0.8283333333333334 0.6566666666666666 0.023333333333333334 0.023333333333333334
0 0.7883333333333333 0.7333333333333333 0.023333333333333334 0.023333333333333334
0 0.7966666666666666 0.9316666666666666 0.023333333333333334 0.023333333333333334
0 0.755 0.6766666666666666 0.023333333333333334 0.023333333333333334
0 0.6333333333333333 0.6 0.023333333333333334 0.02
0 0.7333333333333333 0.94 0.023333333333333334 0.023333333333333334
0 0.7416666666666667 0.8116666666666666 0.023333333333333334 0.023333333333333334
0 0.735 0.8433333333333334 0.023333333333333334 0.023333333333333334
0 0.535 0.8316666666666667 0.02666666666666667 0.023333333333333334
0 0.5616666666666666 0.365 0.025 0.028333333333333332
0 0.9066666666666666 0.25 0.028333333333333332 0.03
0 0.43333333333333335 0.18166666666666667 0.035 0.04
0 0.5016666666666667 0.04666666666666667 0.025 0.028333333333333332
0 0.5283333333333333 0.055 0.025 0.023333333333333334