0 0.8433333333333334 0.018333333333333333 0.02 0.023333333333333334
0 0.8266666666666667 0.03166666666666667 0.02 0.02666666666666667
0 0.8933333333333333 0.043333333333333335 0.02 0.02666666666666667
0 0.9366666666666666 0.08166666666666667 0.02666666666666667 0.02666666666666667
0 0.9666666666666667 0.06333333333333334 0.02 0.02666666666666667
0 0.56 0.355 0.03333333333333333 0.02
0 0.6166666666666667 0.3516666666666667 0.02666666666666667 0.023333333333333334
0 0.6883333333333334 0.31333333333333335 0.023333333333333334 0.023333333333333334
0 0.6983333333333334 0.12333333333333334 0.02666666666666667 0.02666666666666667
0 0.9733333333333334 0.13833333333333334 0.02666666666666667 0.02666666666666667
0 0.6433333333333333 0.3616666666666667 0.023333333333333334 0.023333333333333334
0 0.8366666666666667 0.12166666666666667 0.02666666666666667 0.023333333333333334
0 0.845 0.03666666666666667 0.023333333333333334 0.02
0 0.8266666666666667 0.38333333333333336 0.03 0.02666666666666667
0 0.54 0.04833333333333333 0.02666666666666667 0.02666666666666667
0 0.6166666666666667 0.6466666666666666 0.02666666666666667 0.023333333333333334
0 0.6133333333333333 0.7433333333333333 0.02666666666666667 0.02
0 0.695 0.7383333333333333 0.02666666666666667 0.02
0 0.6183333333333333 0.6816666666666666 0.02666666666666667 0.023333333333333334
0 0.7533333333333333 0.8383333333333334 0.023333333333333334 0.023333333333333334
0 0.8766666666666667 0.925 0.02666666666666667 0.02
0 0.7483333333333333 0.95 0.02 0.023333333333333334
0 0.5966666666666667 0.6683333333333333 0.023333333333333334 0.02666666666666667
0 0.645 0.6516666666666666 0.02 0.02
0 0.5533333333333333 0.7266666666666667 0.023333333333333334 0.02666666666666667
0 0.6316666666666667 0.94 0.023333333333333334 0.02666666666666667
0 0.7233333333333334 0.7283333333333334 0.02 0.02
0 0.9333333333333333 0.9266666666666666 0.03333333333333333 0.023333333333333334
0 0.9033333333333333 0.9016666666666666 0.023333333333333334 0.023333333333333334
0 0.585 0.5933333333333334 0.03 0.02666666666666667
0 0.7666666666666667 0.7216666666666667 0.023333333333333334 0.023333333333333334
0 0.665 0.8683333333333333 0.02666666666666667 0.02666666666666667
0 0.8066666666666666 0.96 0.03 0.02666666666666667
0 0.9483333333333334 0.945 0.023333333333333334 0.023333333333333334
0 0.655 0.7166666666666667 0.023333333333333334 0.023333333333333334
0 0.5433333333333333 0.6716666666666666 0.023333333333333334 0.023333333333333334
0 0.865 0.8966666666666666 0.023333333333333334 0.023333333333333334
0 0.8116666666666666 0.7816666666666666 0.023333333333333334 0.023333333333333334
0 0.5533333333333333 0.575 0.023333333333333334 0.023333333333333334
0 0.61 0.018333333333333333 0.023333333333333334 0.03333333333333333
0 0.12166666666666667 0.06833333333333333 0.023333333333333334 0.03
0 0.29833333333333334 0.01 0.02 0.02
0 0.32666666666666666 0.04666666666666667 0.03 0.028333333333333332
0 0.42333333333333334 0.035 0.03 0.03333333333333333
0 0.3566666666666667 0.07 0.02666666666666667 0.02666666666666667
0 0.225 0.023333333333333334 0.02666666666666667 0.03333333333333333
0 0.4866666666666667 0.021666666666666667 0.023333333333333334 0.023333333333333334
0 0.3616666666666667 0.4683333333333333 0.03 0.02666666666666667
0 0.34 0.41 0.023333333333333334 0.02666666666666667
0 0.05333333333333334 0.39666666666666667 0.02666666666666667 0.03
0 0.48833333333333334 0.3566666666666667 0.03 0.03
0 0.26666666666666666 0.135 0.02666666666666667 0.03
0 0.4816666666666667 0.45666666666666667 0.02666666666666667 0.02666666666666667
0 0.49166666666666664 0.43166666666666664 0.02666666666666667 0.023333333333333334
0 0.46 0.3983333333333333 0.023333333333333334 0.023333333333333334
0 0.04833333333333333 0.42833333333333334 0.023333333333333334 0.023333333333333334
0 0.36833333333333335 0.325 0.023333333333333334 0.023333333333333334
0 0.4066666666666667 0.31 0.023333333333333334 0.023333333333333334
0 0.4866666666666667 0.5566666666666666 0.02666666666666667 0.02666666666666667
0 0.4216666666666667 0.61 0.02666666666666667 0.023333333333333334
0 0.09 0.5783333333333334 0.02666666666666667 0.02
0 0.09666666666666666 0.725 0.02666666666666667 0.02666666666666667
0 0.041666666666666664 0.625 0.02666666666666667 0.023333333333333334
0 0.03333333333333333 0.6566666666666666 0.023333333333333334 0.023333333333333334
0 0.11333333333333333 0.8483333333333334 0.023333333333333334 0.023333333333333334
0 0.065 0.645 0.03333333333333333 0.03166666666666667
0 0.018333333333333333 0.6316666666666667 0.02666666666666667 0.02666666666666667
0 0.03333333333333333 0.5683333333333334 0.02666666666666667 0.025
0 0.21166666666666667 0.2 0.03166666666666667 0.03666666666666667