0 0.635 0.27666666666666667 0.023333333333333334 0.02
0 0.63 0.36333333333333334 0.025 0.028333333333333332
0 0.655 0.585 0.025 0.028333333333333332
0 0.735 0.37666666666666665 0.023333333333333334 0.023333333333333334
0 0.6483333333333333 0.34 0.03 0.02666666666666667
0 0.6666666666666666 0.2916666666666667 0.023333333333333334 0.023333333333333334
0 0.6516666666666666 0.215 0.028333333333333332 0.025
0 0.9133333333333333 0.24166666666666667 0.03 0.02
0 0.5916666666666667 0.26166666666666666 0.023333333333333334 0.02666666666666667
0 0.5983333333333334 0.29833333333333334 0.02 0.02
0 0.8916666666666667 0.4066666666666667 0.02666666666666667 0.023333333333333334
0 0.9533333333333334 0.35 0.03 0.023333333333333334
0 0.9466666666666667 0.2966666666666667 0.023333333333333334 0.023333333333333334
0 0.5916666666666667 0.32166666666666666 0.02 0.02
0 0.44 0.175 0.028333333333333332 0.02666666666666667
0 0.43666666666666665 0.21833333333333332 0.023333333333333334 0.02
0 0.21333333333333335 0.31333333333333335 0.028333333333333332 0.02666666666666667
0 0.17666666666666667 0.23 0.023333333333333334 0.02666666666666667
0 0.23833333333333334 0.15833333333333333 0.023333333333333334 0.03
0 0.10166666666666667 0.155 0.03 0.03
0 0.42333333333333334 0.24833333333333332 0.02 0.023333333333333334
0 0.17166666666666666 0.085 0.02 0.023333333333333334
0 0.22166666666666668 0.10166666666666667 0.023333333333333334 0.02666666666666667
0 0.23333333333333334 0.07333333333333333 0.023333333333333334 0.023333333333333334
0 0.3883333333333333 0.07333333333333333 0.02 0.03
0 0.37 0.07833333333333334 0.02 0.02666666666666667
0 0.11333333333333333 0.19833333333333333 0.03 0.02666666666666667
0 0.475 0.17166666666666666 0.025 0.03
0 0.43 0.155 0.02 0.023333333333333334
0 0.08 0.18166666666666667 0.02666666666666667 0.023333333333333334
0 0.46166666666666667 0.33166666666666667 0.02 0.02
0 0.49833333333333335 0.21833333333333332 0.02 0.023333333333333334
0 0.8583333333333333 0.6483333333333333 0.025 0.023333333333333334
0 0.875 0.285 0.021666666666666667 0.023333333333333334