0 0.725 0.345 0.03333333333333333 0.028333333333333332
0 0.8433333333333334 0.26666666666666666 0.023333333333333334 0.02666666666666667
0 0.8233333333333334 0.11 0.02666666666666667 0.02666666666666667
0 0.8233333333333334 0.46166666666666667 0.02666666666666667 0.02666666666666667
0 0.66 0.5316666666666666 0.035 0.03
0 0.85 0.6666666666666666 0.023333333333333334 0.02666666666666667
0 0.9383333333333334 0.7716666666666666 0.02666666666666667 0.02
0 0.8816666666666667 0.7316666666666667 0.03 0.02666666666666667
0 0.7866666666666666 0.9716666666666667 0.023333333333333334 0.03
0 0.7133333333333334 0.9416666666666667 0.03 0.02666666666666667
0 0.7116666666666667 0.9716666666666667 0.023333333333333334 0.02
0 0.6733333333333333 0.9716666666666667 0.02 0.03
0 0.685 0.8983333333333333 0.03 0.02666666666666667
0 0.75 0.9533333333333334 0.02666666666666667 0.02
0 0.6483333333333333 0.9466666666666667 0.02666666666666667 0.02666666666666667
0 0.595 0.9083333333333333 0.02666666666666667 0.02666666666666667