0 0.07833333333333334 0.4766666666666667 0.02666666666666667 0.03
0 0.06 0.43666666666666665 0.023333333333333334 0.02666666666666667
0 0.925 0.065 0.03 0.03
0 0.043333333333333335 0.4683333333333333 0.023333333333333334 0.03
0 0.04 0.3516666666666667 0.023333333333333334 0.028333333333333332
0 0.46166666666666667 0.255 0.03333333333333333 0.023333333333333334
0 0.12333333333333334 0.38 0.028333333333333332 0.025
0 0.33166666666666667 0.12666666666666668 0.02666666666666667 0.02666666666666667
0 0.13166666666666665 0.44 0.02 0.023333333333333334
0 0.545 0.2733333333333333 0.023333333333333334 0.02
0 0.8383333333333334 0.013333333333333334 0.02 0.02666666666666667
0 0.9033333333333333 0.011666666666666667 0.02 0.023333333333333334
0 0.31333333333333335 0.36666666666666664 0.02666666666666667 0.02666666666666667
0 0.20833333333333334 0.6083333333333333 0.03 0.02666666666666667
0 0.195 0.7566666666666667 0.03666666666666667 0.03
0 0.5683333333333334 0.6383333333333333 0.023333333333333334 0.03
0 0.3233333333333333 0.67 0.028333333333333332 0.02666666666666667
0 0.24333333333333335 0.72 0.02666666666666667 0.02666666666666667
0 0.20333333333333334 0.6616666666666666 0.03 0.03
0 0.57 0.6116666666666667 0.03 0.02
0 0.14333333333333334 0.5466666666666666 0.03 0.023333333333333334
0 0.575 0.6833333333333333 0.02666666666666667 0.023333333333333334
0 0.16833333333333333 0.5783333333333334 0.023333333333333334 0.023333333333333334
0 0.14333333333333334 0.5783333333333334 0.02666666666666667 0.03
0 0.7433333333333333 0.9866666666666667 0.02 0.02666666666666667
0 0.8316666666666667 0.8516666666666667 0.023333333333333334 0.023333333333333334
0 0.14166666666666666 0.6333333333333333 0.023333333333333334 0.023333333333333334
0 0.16666666666666666 0.5033333333333333 0.03 0.023333333333333334
0 0.14333333333333334 0.5066666666666667 0.02 0.02
0 0.4816666666666667 0.5083333333333333 0.02666666666666667 0.03
0 0.016666666666666666 0.4633333333333333 0.02666666666666667 0.03
0 0.11333333333333333 0.3383333333333333 0.028333333333333332 0.02