0 0.20833333333333334 0.32 0.02666666666666667 0.02666666666666667
0 0.22333333333333333 0.2733333333333333 0.023333333333333334 0.023333333333333334
0 0.21333333333333335 0.29833333333333334 0.023333333333333334 0.02666666666666667
0 0.125 0.155 0.023333333333333334 0.023333333333333334
0 0.195 0.21833333333333332 0.02666666666666667 0.02666666666666667
0 0.16166666666666665 0.07666666666666666 0.02666666666666667 0.02666666666666667
0 0.125 0.045 0.023333333333333334 0.02666666666666667
0 0.215 0.21333333333333335 0.02 0.016666666666666666
0 0.006666666666666667 0.8683333333333333 0.013333333333333334 0.023333333333333334
0 0.105 0.7566666666666667 0.03333333333333333 0.02666666666666667
0 0.245 0.5583333333333333 0.03 0.02666666666666667
0 0.12166666666666667 0.8433333333333334 0.023333333333333334 0.023333333333333334
0 0.34 0.75 0.02666666666666667 0.02
0 0.09166666666666666 0.92 0.02666666666666667 0.02666666666666667
0 0.065 0.6883333333333334 0.02666666666666667 0.02666666666666667
0 0.05333333333333334 0.66 0.02666666666666667 0.02666666666666667
0 0.12666666666666668 0.9116666666666666 0.02666666666666667 0.023333333333333334
0 0.04 0.8933333333333333 0.023333333333333334 0.02
0 0.13 0.805 0.023333333333333334 0.023333333333333334
0 0.06666666666666667 0.7183333333333334 0.023333333333333334 0.023333333333333334
0 0.34 0.77 0.02666666666666667 0.02
0 0.023333333333333334 0.7983333333333333 0.03166666666666667 0.03166666666666667
0 0.018333333333333333 0.6483333333333333 0.023333333333333334 0.023333333333333334
0 0.03333333333333333 0.66 0.02 0.023333333333333334
0 0.9166666666666666 0.03 0.02666666666666667 0.023333333333333334
0 0.9666666666666667 0.225 0.02 0.02
0 0.885 0.03666666666666667 0.023333333333333334 0.023333333333333334
0 0.8716666666666667 0.1 0.023333333333333334 0.023333333333333334
0 0.4066666666666667 0.7666666666666667 0.02666666666666667 0.02666666666666667
0 0.06333333333333334 0.88 0.03 0.025
0 0.028333333333333332 0.5733333333333334 0.028333333333333332 0.028333333333333332