0 0.26166666666666666 0.33166666666666667 0.02 0.02666666666666667
0 0.2966666666666667 0.3333333333333333 0.03333333333333333 0.03833333333333333
0 0.3416666666666667 0.4666666666666667 0.03333333333333333 0.03166666666666667
0 0.38166666666666665 0.4583333333333333 0.03 0.02
0 0.15166666666666667 0.27166666666666667 0.023333333333333334 0.023333333333333334
0 0.375 0.17166666666666666 0.02 0.023333333333333334
0 0.3883333333333333 0.155 0.023333333333333334 0.023333333333333334
0 0.625 0.4583333333333333 0.02666666666666667 0.023333333333333334
0 0.2633333333333333 0.365 0.023333333333333334 0.03
0 0.7933333333333333 0.27666666666666667 0.02666666666666667 0.023333333333333334
0 0.16666666666666666 0.27166666666666667 0.023333333333333334 0.023333333333333334
0 0.4716666666666667 0.48333333333333334 0.023333333333333334 0.023333333333333334
0 0.4066666666666667 0.19333333333333333 0.023333333333333334 0.023333333333333334
0 0.685 0.4683333333333333 0.023333333333333334 0.023333333333333334
0 0.26166666666666666 0.41 0.02666666666666667 0.02666666666666667
0 0.44666666666666666 0.45666666666666667 0.023333333333333334 0.023333333333333334
0 0.16833333333333333 0.38166666666666665 0.03 0.02666666666666667
0 0.355 0.6233333333333333 0.03666666666666667 0.02666666666666667
0 0.4116666666666667 0.645 0.041666666666666664 0.028333333333333332
0 0.34 0.5816666666666667 0.03333333333333333 0.028333333333333332
0 0.3233333333333333 0.6033333333333334 0.02666666666666667 0.03
0 0.3983333333333333 0.5666666666666667 0.03 0.03
0 0.485 0.63 0.02666666666666667 0.023333333333333334
0 0.5533333333333333 0.6766666666666666 0.02 0.023333333333333334
0 0.6333333333333333 0.9083333333333333 0.023333333333333334 0.023333333333333334
0 0.4716666666666667 0.5183333333333333 0.03 0.03
0 0.505 0.6016666666666667 0.02666666666666667 0.02666666666666667
0 0.5016666666666667 0.5616666666666666 0.03 0.03