0 0.9266666666666666 0.011666666666666667 0.03 0.023333333333333334
0 0.7016666666666667 0.3383333333333333 0.03333333333333333 0.03
0 0.6733333333333333 0.30833333333333335 0.03333333333333333 0.02666666666666667
0 0.6716666666666666 0.2833333333333333 0.03 0.023333333333333334
0 0.885 0.3383333333333333 0.04 0.02666666666666667
0 0.96 0.295 0.03333333333333333 0.03
0 0.7583333333333333 0.26 0.03 0.02666666666666667
0 0.6866666666666666 0.17833333333333334 0.03 0.03
0 0.6783333333333333 0.08666666666666667 0.03 0.02666666666666667
0 0.08333333333333333 0.38166666666666665 0.03 0.03
0 0.6733333333333333 0.2633333333333333 0.03 0.023333333333333334
0 0.9566666666666667 0.8716666666666667 0.041666666666666664 0.03
0 0.8683333333333333 0.6016666666666667 0.023333333333333334 0.03
0 0.8283333333333334 0.8533333333333334 0.02666666666666667 0.02666666666666667
0 0.935 0.5633333333333334 0.02 0.02666666666666667
0 0.03333333333333333 0.9483333333333334 0.028333333333333332 0.03
0 0.028333333333333332 0.8666666666666667 0.03 0.025
0 0.7233333333333334 0.2733333333333333 0.02666666666666667 0.028333333333333332
0 0.8866666666666667 0.5133333333333333 0.03 0.03666666666666667
0 0.935 0.35833333333333334 0.023333333333333334 0.03
0 0.97 0.41 0.028333333333333332 0.028333333333333332