0 0.5716666666666667 0.5133333333333333 0.023333333333333334 0.03
0 0.6 0.49833333333333335 0.03 0.02666666666666667
0 0.825 0.5216666666666666 0.023333333333333334 0.023333333333333334
0 0.8 0.9416666666666667 0.03 0.03
0 0.385 0.7 0.03 0.03
0 0.16833333333333333 0.825 0.03 0.03
0 0.75 0.5216666666666666 0.023333333333333334 0.02
0 0.7983333333333333 0.5033333333333333 0.03 0.023333333333333334
0 0.7633333333333333 0.495 0.023333333333333334 0.03
0 0.8983333333333333 0.7033333333333334 0.02666666666666667 0.03333333333333333
0 0.10333333333333333 0.16833333333333333 0.03666666666666667 0.03666666666666667
0 0.03666666666666667 0.11666666666666667 0.03 0.02666666666666667
0 0.20666666666666667 0.8366666666666667 0.02 0.02
0 0.385 0.8166666666666667 0.02666666666666667 0.02
0 0.6883333333333334 0.95 0.028333333333333332 0.03333333333333333
0 0.5233333333333333 0.041666666666666664 0.023333333333333334 0.023333333333333334
0 0.8916666666666667 0.07333333333333333 0.02666666666666667 0.03333333333333333
0 0.23666666666666666 0.8466666666666667 0.023333333333333334 0.023333333333333334
0 0.6133333333333333 0.013333333333333334 0.03 0.02666666666666667
0 0.405 0.835 0.028333333333333332 0.025
0 0.8333333333333334 0.43 0.02666666666666667 0.023333333333333334
0 0.7933333333333333 0.4166666666666667 0.03333333333333333 0.03
0 0.715 0.02 0.03166666666666667 0.03