0 0.41 0.6683333333333333 0.03166666666666667 0.028333333333333332
0 0.48333333333333334 0.8133333333333334 0.03 0.03
0 0.49333333333333335 0.7766666666666666 0.023333333333333334 0.02666666666666667
0 0.7183333333333334 0.9583333333333334 0.03 0.023333333333333334
0 0.5966666666666667 0.6183333333333333 0.03 0.03
0 0.6833333333333333 0.6083333333333333 0.023333333333333334 0.023333333333333334
0 0.6183333333333333 0.54 0.03 0.02
0 0.7616666666666667 0.9033333333333333 0.02666666666666667 0.03
0 0.6616666666666666 0.6166666666666667 0.02 0.02666666666666667
0 0.10666666666666667 0.06333333333333334 0.03666666666666667 0.03
0 0.08833333333333333 0.041666666666666664 0.03333333333333333 0.03
0 0.145 0.09166666666666666 0.03666666666666667 0.03
0 0.30833333333333335 0.045 0.03 0.023333333333333334
0 0.03833333333333333 0.043333333333333335 0.03 0.03
0 0.5 0.7433333333333333 0.02666666666666667 0.03
0 0.535 0.03333333333333333 0.035 0.02666666666666667
0 0.45 0.645 0.03 0.02