0 0.8083333333333333 0.7616666666666667 0.02666666666666667 0.03
0 0.14166666666666666 0.9366666666666666 0.023333333333333334 0.023333333333333334
0 0.18333333333333332 0.9 0.023333333333333334 0.02666666666666667
0 0.5166666666666667 0.87 0.023333333333333334 0.02666666666666667
0 0.47833333333333333 0.9566666666666667 0.03 0.02666666666666667
0 0.22333333333333333 0.8833333333333333 0.03 0.025
0 0.7916666666666666 0.6483333333333333 0.02666666666666667 0.03
0 0.5533333333333333 0.97 0.023333333333333334 0.02666666666666667
0 0.4866666666666667 0.8616666666666667 0.03 0.02666666666666667
0 0.45 0.8733333333333333 0.03 0.02666666666666667
0 0.4 0.9416666666666667 0.028333333333333332 0.021666666666666667
0 0.7566666666666667 0.8716666666666667 0.023333333333333334 0.023333333333333334
0 0.5733333333333334 0.575 0.023333333333333334 0.02666666666666667
0 0.7316666666666667 0.6566666666666666 0.03 0.03
0 0.22 0.915 0.02666666666666667 0.023333333333333334
0 0.43 0.05333333333333334 0.03 0.02666666666666667
0 0.3333333333333333 0.09166666666666666 0.03 0.03
0 0.4683333333333333 0.07166666666666667 0.02666666666666667 0.02666666666666667
0 0.49833333333333335 0.06166666666666667 0.023333333333333334 0.03
0 0.28 0.28 0.021666666666666667 0.025