0 0.595 0.8966666666666666 0.02666666666666667 0.02666666666666667
0 0.5183333333333333 0.9016666666666666 0.02 0.023333333333333334
0 0.5316666666666666 0.8816666666666667 0.02666666666666667 0.02
0 0.6 0.8516666666666667 0.02 0.023333333333333334
0 0.495 0.4533333333333333 0.02 0.02666666666666667
0 0.49666666666666665 0.6766666666666666 0.02 0.023333333333333334
0 0.40166666666666667 0.15 0.02 0.02
0 0.2833333333333333 0.68 0.02 0.02
0 0.5116666666666667 0.6 0.025 0.035
0 0.5366666666666666 0.9866666666666667 0.03 0.02666666666666667
0 0.31166666666666665 0.6066666666666667 0.023333333333333334 0.023333333333333334
0 0.5433333333333333 0.6433333333333333 0.03 0.023333333333333334
0 0.4583333333333333 0.37333333333333335 0.023333333333333334 0.03
0 0.42333333333333334 0.5266666666666666 0.02666666666666667 0.02666666666666667
0 0.3516666666666667 0.2 0.02 0.023333333333333334
0 0.3616666666666667 0.17833333333333334 0.02 0.03
0 0.335 0.4266666666666667 0.02666666666666667 0.02666666666666667
0 0.6483333333333333 0.9066666666666666 0.02 0.02
0 0.5383333333333333 0.9016666666666666 0.02666666666666667 0.02666666666666667
0 0.51 0.9333333333333333 0.02666666666666667 0.02666666666666667
0 0.45166666666666666 0.285 0.02666666666666667 0.02666666666666667
0 0.43 0.35 0.023333333333333334 0.023333333333333334
0 0.485 0.625 0.023333333333333334 0.023333333333333334
0 0.5916666666666667 0.985 0.023333333333333334 0.02
0 0.3383333333333333 0.47833333333333333 0.023333333333333334 0.02
0 0.5466666666666666 0.5816666666666667 0.02 0.02