0 0.02 0.09 0.03 0.03
0 0.011666666666666667 0.17666666666666667 0.023333333333333334 0.02666666666666667
0 0.06 0.17666666666666667 0.03 0.02
0 0.045 0.16333333333333333 0.03 0.023333333333333334
0 0.043333333333333335 0.225 0.03 0.023333333333333334
0 0.05333333333333334 0.23666666666666666 0.03 0.023333333333333334
0 0.22333333333333333 0.21166666666666667 0.03333333333333333 0.023333333333333334
0 0.19166666666666668 0.11833333333333333 0.03 0.02
0 0.15166666666666667 0.021666666666666667 0.03 0.023333333333333334
0 0.11333333333333333 0.3383333333333333 0.03 0.03
0 0.165 0.4583333333333333 0.03 0.03
0 0.008333333333333333 0.39166666666666666 0.016666666666666666 0.02666666666666667
0 0.27166666666666667 0.15166666666666667 0.023333333333333334 0.02
0 0.3 0.16 0.03 0.02666666666666667
0 0.37333333333333335 0.105 0.023333333333333334 0.02
0 0.345 0.12 0.02666666666666667 0.02
0 0.03166666666666667 0.28 0.03333333333333333 0.03
0 0.2816666666666667 0.20333333333333334 0.02666666666666667 0.02
0 0.31666666666666665 0.22166666666666668 0.03 0.023333333333333334
0 0.17666666666666667 0.07666666666666666 0.02666666666666667 0.02666666666666667
0 0.15166666666666667 0.42833333333333334 0.03 0.03
0 0.20333333333333334 0.01 0.02666666666666667 0.02
0 0.023333333333333334 0.021666666666666667 0.03333333333333333 0.03666666666666667
0 0.24666666666666667 0.5733333333333334 0.02666666666666667 0.02666666666666667
0 0.67 0.10333333333333333 0.03 0.02
0 0.7316666666666667 0.115 0.03 0.023333333333333334
0 0.7233333333333334 0.3983333333333333 0.03 0.03
0 0.7166666666666667 0.35833333333333334 0.02 0.023333333333333334
0 0.9466666666666667 0.29833333333333334 0.02666666666666667 0.03
0 0.885 0.36833333333333335 0.023333333333333334 0.02666666666666667
0 0.8633333333333333 0.5733333333333334 0.03 0.023333333333333334
0 0.8816666666666667 0.59 0.03 0.023333333333333334
0 0.89 0.6083333333333333 0.03 0.023333333333333334
0 0.89 0.295 0.023333333333333334 0.02
0 0.895 0.2633333333333333 0.03 0.023333333333333334
0 0.88 0.325 0.02666666666666667 0.023333333333333334
0 0.9483333333333334 0.33166666666666667 0.02 0.02666666666666667
0 0.9216666666666666 0.016666666666666666 0.02666666666666667 0.02666666666666667
0 0.8866666666666667 0.38666666666666666 0.023333333333333334 0.023333333333333334
0 0.7233333333333334 0.3 0.02666666666666667 0.02666666666666667
0 0.22166666666666668 0.2683333333333333 0.03333333333333333 0.03