0 0.19166666666666668 0.9816666666666667 0.02666666666666667 0.02
0 0.475 0.675 0.03 0.03
0 0.4816666666666667 0.8283333333333334 0.02666666666666667 0.02666666666666667
0 0.365 0.9483333333333334 0.03 0.03
0 0.26666666666666666 0.9366666666666666 0.03 0.03
0 0.44333333333333336 0.935 0.023333333333333334 0.023333333333333334
0 0.5733333333333334 0.2783333333333333 0.03 0.023333333333333334
0 0.2866666666666667 0.09 0.02 0.023333333333333334
0 0.25333333333333335 0.145 0.02666666666666667 0.02666666666666667
0 0.16666666666666666 0.20166666666666666 0.03 0.023333333333333334
0 0.16833333333333333 0.35 0.023333333333333334 0.02666666666666667
0 0.24 0.09833333333333333 0.02 0.02
0 0.3433333333333333 0.08833333333333333 0.02666666666666667 0.02666666666666667
0 0.49666666666666665 0.20666666666666667 0.02666666666666667 0.03
0 0.3416666666666667 0.08833333333333333 0.02666666666666667 0.02666666666666667
0 0.165 0.02666666666666667 0.02666666666666667 0.023333333333333334
0 0.11333333333333333 0.09666666666666666 0.03 0.02666666666666667
0 0.5216666666666666 0.6166666666666667 0.03 0.03
0 0.30666666666666664 0.01 0.02666666666666667 0.02