0 0.41333333333333333 0.14166666666666666 0.025 0.025
0 0.22166666666666668 0.24333333333333335 0.02666666666666667 0.03333333333333333
0 0.26666666666666666 0.265 0.023333333333333334 0.03333333333333333
0 0.17 0.965 0.023333333333333334 0.02666666666666667
0 0.205 0.9516666666666667 0.02666666666666667 0.02666666666666667
0 0.4083333333333333 0.87 0.03 0.02
0 0.37 0.8416666666666667 0.03 0.02666666666666667
0 0.4483333333333333 0.795 0.02666666666666667 0.03
0 0.355 0.8683333333333333 0.02666666666666667 0.023333333333333334
0 0.5033333333333333 0.023333333333333334 0.03 0.03
0 0.5783333333333334 0.45166666666666666 0.02666666666666667 0.02666666666666667
0 0.6933333333333334 0.06166666666666667 0.03 0.02666666666666667
0 0.8766666666666667 0.41833333333333333 0.023333333333333334 0.02
0 0.5533333333333333 0.3516666666666667 0.023333333333333334 0.023333333333333334
0 0.8983333333333333 0.47833333333333333 0.023333333333333334 0.02
0 0.5233333333333333 0.4583333333333333 0.023333333333333334 0.023333333333333334
0 0.5283333333333333 0.40166666666666667 0.02666666666666667 0.023333333333333334
0 0.5583333333333333 0.44666666666666666 0.023333333333333334 0.02666666666666667
0 0.525 0.425 0.03333333333333333 0.03
0 0.5583333333333333 0.37333333333333335 0.03 0.02666666666666667
0 0.5483333333333333 0.33166666666666667 0.03 0.02666666666666667
0 0.9616666666666667 0.595 0.023333333333333334 0.023333333333333334
0 0.7366666666666667 0.62 0.023333333333333334 0.023333333333333334
0 0.6633333333333333 0.9466666666666667 0.023333333333333334 0.02
0 0.6366666666666667 0.98 0.023333333333333334 0.02
0 0.5833333333333334 0.8733333333333333 0.02666666666666667 0.02666666666666667
0 0.7566666666666667 0.6683333333333333 0.02666666666666667 0.02
0 0.565 0.545 0.02666666666666667 0.02
0 0.81 0.6983333333333334 0.03 0.03
0 0.7583333333333333 0.6283333333333333 0.02666666666666667 0.02666666666666667
0 0.6116666666666667 0.9566666666666667 0.02666666666666667 0.02666666666666667
0 0.815 0.525 0.025 0.02
0 0.6366666666666667 0.94 0.023333333333333334 0.023333333333333334
0 0.5433333333333333 0.9316666666666666 0.023333333333333334 0.02666666666666667
0 0.75 0.7166666666666667 0.023333333333333334 0.023333333333333334
0 0.835 0.49666666666666665 0.025 0.03166666666666667
0 0.79 0.49166666666666664 0.023333333333333334 0.028333333333333332
0 0.7083333333333334 0.7083333333333334 0.03166666666666667 0.03166666666666667