0 0.4166666666666667 0.06166666666666667 0.03333333333333333 0.023333333333333334
0 0.5833333333333334 0.4666666666666667 0.023333333333333334 0.03
0 0.49 0.455 0.03333333333333333 0.02666666666666667
0 0.44 0.4066666666666667 0.023333333333333334 0.02
0 0.485 0.38333333333333336 0.03333333333333333 0.03
0 0.43166666666666664 0.385 0.03333333333333333 0.023333333333333334
0 0.45166666666666666 0.3566666666666667 0.023333333333333334 0.02
0 0.44333333333333336 0.36666666666666664 0.02666666666666667 0.02
0 0.47833333333333333 0.295 0.03 0.023333333333333334
0 0.46166666666666667 0.305 0.02666666666666667 0.02666666666666667
0 0.445 0.31833333333333336 0.02666666666666667 0.023333333333333334
0 0.42833333333333334 0.2833333333333333 0.02666666666666667 0.02666666666666667
0 0.395 0.215 0.023333333333333334 0.02
0 0.3616666666666667 0.33 0.023333333333333334 0.023333333333333334
0 0.3433333333333333 0.35 0.02666666666666667 0.023333333333333334
0 0.2833333333333333 0.2816666666666667 0.02666666666666667 0.03
0 0.2966666666666667 0.2633333333333333 0.02666666666666667 0.03
0 0.3466666666666667 0.23166666666666666 0.02666666666666667 0.023333333333333334
0 0.295 0.21166666666666667 0.02 0.023333333333333334
0 0.31833333333333336 0.135 0.023333333333333334 0.02
0 0.33 0.08833333333333333 0.023333333333333334 0.023333333333333334
0 0.33666666666666667 0.10833333333333334 0.023333333333333334 0.023333333333333334
0 0.355 0.17666666666666667 0.023333333333333334 0.023333333333333334
0 0.3283333333333333 0.008333333333333333 0.02 0.016666666666666666
0 0.3016666666666667 0.011666666666666667 0.02666666666666667 0.023333333333333334
0 0.5583333333333333 0.045 0.03333333333333333 0.02
0 0.36333333333333334 0.018333333333333333 0.03 0.023333333333333334
0 0.415 0.25 0.023333333333333334 0.02
0 0.44 0.25333333333333335 0.03 0.02
0 0.4683333333333333 0.23 0.03666666666666667 0.02666666666666667
0 0.4533333333333333 0.20666666666666667 0.023333333333333334 0.023333333333333334
0 0.40166666666666667 0.135 0.03 0.02666666666666667
0 0.3416666666666667 0.13333333333333333 0.03 0.03
0 0.5166666666666667 0.11333333333333333 0.02666666666666667 0.03
0 0.5316666666666666 0.04 0.02 0.02
0 0.5116666666666667 0.065 0.023333333333333334 0.023333333333333334
0 0.41333333333333333 0.3466666666666667 0.03 0.02666666666666667
0 0.4766666666666667 0.09833333333333333 0.02666666666666667 0.02
0 0.37833333333333335 0.07333333333333333 0.023333333333333334 0.02
0 0.38666666666666666 0.07833333333333334 0.02 0.02
0 0.48833333333333334 0.19666666666666666 0.03 0.02666666666666667
0 0.49333333333333335 0.13333333333333333 0.03 0.02666666666666667
0 0.555 0.18666666666666668 0.03 0.02666666666666667
0 0.6566666666666666 0.06333333333333334 0.02666666666666667 0.02
0 0.3616666666666667 0.15666666666666668 0.023333333333333334 0.023333333333333334
0 0.7266666666666667 0.4083333333333333 0.03 0.03
0 0.22666666666666666 0.2833333333333333 0.02666666666666667 0.023333333333333334
0 0.5683333333333334 0.3333333333333333 0.02666666666666667 0.02666666666666667
0 0.30666666666666664 0.44 0.03 0.03
0 0.39666666666666667 0.5966666666666667 0.02666666666666667 0.02666666666666667
0 0.40166666666666667 0.5583333333333333 0.02666666666666667 0.02666666666666667
0 0.3983333333333333 0.5316666666666666 0.02666666666666667 0.03
0 0.37666666666666665 0.5483333333333333 0.02666666666666667 0.02666666666666667