0 0.12166666666666667 0.6183333333333333 0.023333333333333334 0.023333333333333334
0 0.3016666666666667 0.6433333333333333 0.02666666666666667 0.02666666666666667
0 0.41333333333333333 0.9483333333333334 0.023333333333333334 0.02
0 0.4066666666666667 0.695 0.023333333333333334 0.02
0 0.44 0.575 0.02 0.02
0 0.8466666666666667 0.9533333333333334 0.02666666666666667 0.02666666666666667
0 0.9433333333333334 0.9683333333333334 0.023333333333333334 0.02666666666666667
0 0.7733333333333333 0.8583333333333333 0.023333333333333334 0.02
0 0.03333333333333333 0.8 0.023333333333333334 0.02
0 0.07666666666666666 0.6933333333333334 0.02666666666666667 0.02666666666666667
0 0.9866666666666667 0.9016666666666666 0.02666666666666667 0.02666666666666667
0 0.4 0.6333333333333333 0.023333333333333334 0.023333333333333334
0 0.10166666666666667 0.75 0.03 0.03
0 0.9416666666666667 0.5466666666666666 0.02666666666666667 0.023333333333333334
0 0.13666666666666666 0.6066666666666667 0.02666666666666667 0.02666666666666667
0 0.8866666666666667 0.5816666666666667 0.02666666666666667 0.023333333333333334
0 0.36333333333333334 0.7866666666666666 0.02666666666666667 0.02666666666666667
0 0.8733333333333333 0.7783333333333333 0.02666666666666667 0.02666666666666667
0 0.43333333333333335 0.9016666666666666 0.023333333333333334 0.023333333333333334
0 0.041666666666666664 0.8216666666666667 0.03 0.02666666666666667
0 0.9416666666666667 0.8366666666666667 0.02666666666666667 0.023333333333333334
0 0.8533333333333334 0.705 0.02666666666666667 0.02666666666666667
0 0.8466666666666667 0.5733333333333334 0.023333333333333334 0.023333333333333334
0 0.14666666666666667 0.575 0.02666666666666667 0.02666666666666667
0 0.745 0.8666666666666667 0.023333333333333334 0.02
0 0.7766666666666666 0.9266666666666666 0.023333333333333334 0.02
0 0.9583333333333334 0.9016666666666666 0.023333333333333334 0.03
0 0.825 0.9 0.03 0.02666666666666667
0 0.9316666666666666 0.9016666666666666 0.02666666666666667 0.02666666666666667
0 0.9266666666666666 0.9266666666666666 0.02666666666666667 0.02666666666666667
0 0.955 0.9516666666666667 0.02666666666666667 0.02666666666666667
0 0.06333333333333334 0.5766666666666667 0.03333333333333333 0.03333333333333333
0 0.5333333333333333 0.42 0.023333333333333334 0.023333333333333334
0 0.575 0.16666666666666666 0.02666666666666667 0.023333333333333334
0 0.9083333333333333 0.03 0.023333333333333334 0.023333333333333334
0 0.5566666666666666 0.4266666666666667 0.02666666666666667 0.023333333333333334
0 0.795 0.016666666666666666 0.023333333333333334 0.023333333333333334
0 0.5516666666666666 0.42333333333333334 0.03 0.02666666666666667
0 0.8866666666666667 0.056666666666666664 0.023333333333333334 0.023333333333333334
0 0.6733333333333333 0.14833333333333334 0.023333333333333334 0.023333333333333334
0 0.7133333333333334 0.15666666666666668 0.02666666666666667 0.023333333333333334
0 0.5516666666666666 0.14833333333333334 0.02666666666666667 0.02666666666666667
0 0.6983333333333334 0.08333333333333333 0.03 0.03
0 0.095 0.16666666666666666 0.023333333333333334 0.023333333333333334
0 0.2633333333333333 0.21166666666666667 0.03 0.02666666666666667
0 0.22 0.30833333333333335 0.023333333333333334 0.02666666666666667
0 0.10333333333333333 0.30666666666666664 0.02666666666666667 0.023333333333333334
0 0.16166666666666665 0.46 0.03 0.03
0 0.155 0.5233333333333333 0.03 0.03
0 0.4766666666666667 0.4583333333333333 0.03 0.03
0 0.17833333333333334 0.17833333333333334 0.03333333333333333 0.02666666666666667
0 0.47333333333333333 0.4083333333333333 0.02666666666666667 0.023333333333333334
0 0.04666666666666667 0.37833333333333335 0.03333333333333333 0.03
0 0.07333333333333333 0.3516666666666667 0.03 0.03
0 0.12333333333333334 0.17333333333333334 0.03 0.03
0 0.2683333333333333 0.2733333333333333 0.02666666666666667 0.02666666666666667
0 0.405 0.3466666666666667 0.03 0.03
0 0.09666666666666666 0.4866666666666667 0.02666666666666667 0.02666666666666667
0 0.18833333333333332 0.021666666666666667 0.02666666666666667 0.02666666666666667
0 0.15 0.05333333333333334 0.03 0.03
0 0.11833333333333333 0.4083333333333333 0.02666666666666667 0.023333333333333334
0 0.385 0.045 0.02666666666666667 0.02666666666666667
0 0.11833333333333333 0.265 0.03 0.02666666666666667
0 0.27166666666666667 0.24666666666666667 0.023333333333333334 0.023333333333333334
0 0.03333333333333333 0.8733333333333333 0.04 0.03333333333333333
0 0.355 0.495 0.03666666666666667 0.03
0 0.535 0.195 0.028333333333333332 0.03333333333333333
0 0.04666666666666667 0.47833333333333333 0.03666666666666667 0.02666666666666667