0 0.12166666666666667 0.03833333333333333 0.02 0.02
0 0.041666666666666664 0.45666666666666667 0.023333333333333334 0.02666666666666667
0 0.15333333333333332 0.33666666666666667 0.02666666666666667 0.023333333333333334
0 0.3516666666666667 0.41833333333333333 0.02666666666666667 0.023333333333333334
0 0.48833333333333334 0.3933333333333333 0.023333333333333334 0.023333333333333334
0 0.4666666666666667 0.385 0.03 0.02666666666666667
0 0.645 0.30333333333333334 0.023333333333333334 0.023333333333333334
0 0.5 0.25166666666666665 0.02666666666666667 0.02666666666666667
0 0.5016666666666667 0.295 0.03 0.03
0 0.39166666666666666 0.325 0.03 0.025
0 0.525 0.31833333333333336 0.02666666666666667 0.023333333333333334
0 0.435 0.37666666666666665 0.023333333333333334 0.02666666666666667
0 0.29833333333333334 0.14166666666666666 0.03 0.03
0 0.135 0.25666666666666665 0.03 0.03
0 0.09166666666666666 0.043333333333333335 0.02666666666666667 0.02666666666666667
0 0.5833333333333334 0.3433333333333333 0.023333333333333334 0.023333333333333334
0 0.7183333333333334 0.4716666666666667 0.02666666666666667 0.02666666666666667
0 0.585 0.23833333333333334 0.03 0.03
0 0.34 0.33666666666666667 0.02666666666666667 0.02666666666666667
0 0.4683333333333333 0.35 0.023333333333333334 0.023333333333333334
0 0.5483333333333333 0.26166666666666666 0.023333333333333334 0.02666666666666667
0 0.09833333333333333 0.008333333333333333 0.03333333333333333 0.016666666666666666
0 0.5183333333333333 0.58 0.02666666666666667 0.023333333333333334
0 0.445 0.6433333333333333 0.03 0.02666666666666667
0 0.14166666666666666 0.7416666666666667 0.023333333333333334 0.02666666666666667
0 0.46166666666666667 0.585 0.02666666666666667 0.023333333333333334
0 0.47333333333333333 0.5633333333333334 0.023333333333333334 0.02
0 0.06833333333333333 0.555 0.03 0.02666666666666667
0 0.36833333333333335 0.8016666666666666 0.02666666666666667 0.02666666666666667
0 0.25 0.7933333333333333 0.023333333333333334 0.023333333333333334
0 0.03833333333333333 0.5066666666666667 0.02 0.02666666666666667
0 0.013333333333333334 0.5216666666666666 0.013333333333333334 0.023333333333333334
0 0.18166666666666667 0.5083333333333333 0.023333333333333334 0.023333333333333334
0 0.15166666666666667 0.5183333333333333 0.023333333333333334 0.023333333333333334
0 0.07166666666666667 0.5166666666666667 0.023333333333333334 0.023333333333333334
0 0.755 0.205 0.03 0.02666666666666667
0 0.19833333333333333 0.37 0.025 0.025