0 0.865 0.13833333333333334 0.02 0.02
0 0.8316666666666667 0.14166666666666666 0.023333333333333334 0.02
0 0.8766666666666667 0.155 0.02 0.02
0 0.8366666666666667 0.16333333333333333 0.025 0.018333333333333333
0 0.895 0.175 0.02 0.02
0 0.8216666666666667 0.22166666666666668 0.023333333333333334 0.02
0 0.9433333333333334 0.26 0.023333333333333334 0.023333333333333334
0 0.8983333333333333 0.26 0.023333333333333334 0.023333333333333334
0 0.8683333333333333 0.2683333333333333 0.025 0.021666666666666667
0 0.6066666666666667 0.011666666666666667 0.023333333333333334 0.023333333333333334
0 0.8433333333333334 0.011666666666666667 0.02 0.023333333333333334
0 0.6816666666666666 0.008333333333333333 0.02 0.016666666666666666
0 0.6583333333333333 0.045 0.023333333333333334 0.021666666666666667
0 0.5266666666666666 0.045 0.02 0.023333333333333334
0 0.44 0.05333333333333334 0.023333333333333334 0.02
0 0.42833333333333334 0.08666666666666667 0.02666666666666667 0.02666666666666667
0 0.44 0.12 0.023333333333333334 0.02
0 0.41333333333333333 0.14666666666666667 0.023333333333333334 0.023333333333333334
0 0.22666666666666666 0.21166666666666667 0.02666666666666667 0.023333333333333334
0 0.20666666666666667 0.21833333333333332 0.023333333333333334 0.023333333333333334
0 0.24666666666666667 0.345 0.02666666666666667 0.02666666666666667
0 0.10166666666666667 0.015 0.02666666666666667 0.03
0 0.13166666666666665 0.018333333333333333 0.03 0.023333333333333334
0 0.5116666666666667 0.895 0.023333333333333334 0.02
0 0.4483333333333333 0.9266666666666666 0.023333333333333334 0.02
0 0.12666666666666668 0.6683333333333333 0.02666666666666667 0.02
0 0.165 0.16666666666666666 0.03 0.03
0 0.24333333333333335 0.24 0.03 0.03
0 0.19833333333333333 0.016666666666666666 0.02666666666666667 0.023333333333333334
0 0.27166666666666667 0.37666666666666665 0.02 0.02666666666666667