0 0.19666666666666666 0.585 0.03 0.025
0 0.16166666666666665 0.5916666666666667 0.02 0.023333333333333334
0 0.14166666666666666 0.5966666666666667 0.02666666666666667 0.02666666666666667
0 0.2633333333333333 0.71 0.02 0.02666666666666667
0 0.245 0.715 0.02 0.02666666666666667
0 0.14333333333333334 0.5033333333333333 0.02 0.023333333333333334
0 0.18833333333333332 0.4533333333333333 0.023333333333333334 0.02666666666666667
0 0.135 0.44166666666666665 0.02 0.02
0 0.145 0.38 0.02666666666666667 0.023333333333333334
0 0.27166666666666667 0.4683333333333333 0.02 0.023333333333333334
0 0.03166666666666667 0.36833333333333335 0.023333333333333334 0.02
0 0.375 0.38 0.02 0.03
0 0.011666666666666667 0.17333333333333334 0.023333333333333334 0.03
0 0.14666666666666667 0.34 0.02666666666666667 0.023333333333333334
0 0.335 0.17833333333333334 0.02666666666666667 0.023333333333333334
0 0.36666666666666664 0.013333333333333334 0.03 0.02666666666666667
0 0.105 0.24833333333333332 0.021666666666666667 0.02
0 0.20666666666666667 0.43333333333333335 0.023333333333333334 0.023333333333333334
0 0.18 0.43 0.023333333333333334 0.023333333333333334
0 0.2633333333333333 0.06333333333333334 0.02 0.02666666666666667
0 0.06333333333333334 0.35833333333333334 0.023333333333333334 0.023333333333333334
0 0.26166666666666666 0.06333333333333334 0.02 0.02666666666666667
0 0.7466666666666667 0.28833333333333333 0.02666666666666667 0.03
0 0.955 0.135 0.03 0.02666666666666667
0 0.6116666666666667 0.44166666666666665 0.03 0.023333333333333334
0 0.62 0.3516666666666667 0.03 0.023333333333333334
0 0.765 0.46166666666666667 0.02 0.023333333333333334
0 0.8516666666666667 0.20166666666666666 0.02 0.02
0 0.94 0.23166666666666666 0.023333333333333334 0.02
0 0.5766666666666667 0.3 0.02666666666666667 0.02666666666666667
0 0.7633333333333333 0.23333333333333334 0.02 0.02
0 0.6633333333333333 0.028333333333333332 0.023333333333333334 0.023333333333333334
0 0.9883333333333333 0.12166666666666667 0.02 0.03
0 0.91 0.43333333333333335 0.02666666666666667 0.02
0 0.685 0.255 0.02666666666666667 0.02666666666666667
0 0.9683333333333334 0.22666666666666666 0.023333333333333334 0.02
0 0.6666666666666666 0.05 0.02 0.023333333333333334
0 0.72 0.058333333333333334 0.023333333333333334 0.023333333333333334
0 0.8033333333333333 0.19166666666666668 0.02 0.02
0 0.82 0.19833333333333333 0.02 0.016666666666666666
0 0.8333333333333334 0.19833333333333333 0.013333333333333334 0.02
0 0.8833333333333333 0.21 0.02666666666666667 0.023333333333333334
0 0.9716666666666667 0.36333333333333334 0.02 0.02
0 0.9766666666666667 0.10333333333333333 0.02 0.023333333333333334
0 0.8016666666666666 0.6116666666666667 0.023333333333333334 0.02
0 0.8483333333333334 0.9183333333333333 0.02666666666666667 0.023333333333333334
0 0.695 0.7083333333333334 0.02 0.023333333333333334
0 0.68 0.58 0.023333333333333334 0.02666666666666667
0 0.5783333333333334 0.6866666666666666 0.02 0.02666666666666667
0 0.5783333333333334 0.5483333333333333 0.02 0.02
0 0.8716666666666667 0.5616666666666666 0.03 0.023333333333333334
0 0.605 0.6316666666666667 0.02666666666666667 0.023333333333333334
0 0.6866666666666666 0.84 0.023333333333333334 0.023333333333333334
0 0.675 0.8133333333333334 0.02666666666666667 0.023333333333333334
0 0.7 0.6133333333333333 0.03 0.02666666666666667
0 0.7916666666666666 0.6783333333333333 0.023333333333333334 0.02
0 0.9716666666666667 0.6533333333333333 0.023333333333333334 0.023333333333333334
0 0.6266666666666667 0.505 0.023333333333333334 0.023333333333333334
0 0.765 0.7583333333333333 0.023333333333333334 0.023333333333333334
0 0.5316666666666666 0.5933333333333334 0.023333333333333334 0.023333333333333334
0 0.5683333333333334 0.765 0.02 0.02
0 0.5566666666666666 0.7216666666666667 0.023333333333333334 0.023333333333333334
0 0.985 0.5166666666666667 0.023333333333333334 0.02666666666666667
0 0.8316666666666667 0.55 0.03 0.02
0 0.8933333333333333 0.5133333333333333 0.023333333333333334 0.02666666666666667
0 0.7183333333333334 0.6666666666666666 0.023333333333333334 0.023333333333333334
0 0.7433333333333333 0.7266666666666667 0.02 0.02
0 0.5316666666666666 0.54 0.02 0.023333333333333334
0 0.8716666666666667 0.5466666666666666 0.02666666666666667 0.02666666666666667
0 0.24166666666666667 0.645 0.03166666666666667 0.023333333333333334
0 0.23166666666666666 0.545 0.02666666666666667 0.02666666666666667
0 0.27666666666666667 0.605 0.03 0.023333333333333334
0 0.5416666666666666 0.39 0.03 0.023333333333333334
0 0.4866666666666667 0.56 0.02666666666666667 0.02666666666666667