0 0.545 0.11666666666666667 0.02666666666666667 0.023333333333333334
0 0.49 0.07 0.03 0.03
0 0.445 0.07666666666666666 0.03833333333333333 0.03
0 0.6166666666666667 0.09833333333333333 0.023333333333333334 0.02666666666666667
0 0.6333333333333333 0.11166666666666666 0.02666666666666667 0.02
0 0.6466666666666666 0.043333333333333335 0.02666666666666667 0.02666666666666667
0 0.4033333333333333 0.05 0.03333333333333333 0.03666666666666667
0 0.34 0.17333333333333334 0.023333333333333334 0.02666666666666667
0 0.5233333333333333 0.03166666666666667 0.03 0.03
0 0.5566666666666666 0.17166666666666666 0.03333333333333333 0.03
0 0.36333333333333334 0.20166666666666666 0.02666666666666667 0.023333333333333334
0 0.7666666666666667 0.1 0.023333333333333334 0.023333333333333334
0 0.23333333333333334 0.38166666666666665 0.03333333333333333 0.03333333333333333
0 0.36666666666666664 0.17666666666666667 0.02666666666666667 0.023333333333333334
0 0.18 0.5683333333333334 0.02666666666666667 0.023333333333333334
0 0.5033333333333333 0.9283333333333333 0.02666666666666667 0.023333333333333334
0 0.5933333333333334 0.7183333333333334 0.023333333333333334 0.02666666666666667
0 0.4266666666666667 0.5983333333333334 0.02666666666666667 0.023333333333333334
0 0.09833333333333333 0.61 0.02666666666666667 0.02666666666666667
0 0.02 0.65 0.02666666666666667 0.03
0 0.021666666666666667 0.6133333333333333 0.03 0.04
0 0.5883333333333334 0.008333333333333333 0.02666666666666667 0.016666666666666666
0 0.19 0.6733333333333333 0.028333333333333332 0.025
0 0.43833333333333335 0.15333333333333332 0.03166666666666667 0.02666666666666667