0 0.6783333333333333 0.5666666666666667 0.02666666666666667 0.02666666666666667
0 0.5666666666666667 0.9516666666666667 0.02666666666666667 0.023333333333333334
0 0.5533333333333333 0.6166666666666667 0.035 0.03
0 0.6983333333333334 0.55 0.02 0.02666666666666667
0 0.655 0.5133333333333333 0.02666666666666667 0.023333333333333334
0 0.8183333333333334 0.555 0.02666666666666667 0.02666666666666667
0 0.53 0.9433333333333334 0.028333333333333332 0.03333333333333333
0 0.5916666666666667 0.975 0.02666666666666667 0.02666666666666667
0 0.6083333333333333 0.985 0.02666666666666667 0.02666666666666667
0 0.7766666666666666 0.555 0.023333333333333334 0.023333333333333334
0 0.33166666666666667 0.4533333333333333 0.02666666666666667 0.02666666666666667
0 0.42833333333333334 0.4683333333333333 0.023333333333333334 0.02666666666666667
0 0.25833333333333336 0.35833333333333334 0.023333333333333334 0.02
0 0.47 0.40166666666666667 0.02666666666666667 0.02666666666666667
0 0.4766666666666667 0.145 0.02666666666666667 0.02666666666666667
0 0.35833333333333334 0.2783333333333333 0.02666666666666667 0.02666666666666667
0 0.4266666666666667 0.33666666666666667 0.02666666666666667 0.023333333333333334
0 0.34 0.20666666666666667 0.02666666666666667 0.02666666666666667
0 0.26166666666666666 0.425 0.023333333333333334 0.02
0 0.44333333333333336 0.40166666666666667 0.023333333333333334 0.03
0 0.30833333333333335 0.4 0.03 0.02666666666666667
0 0.4166666666666667 0.40166666666666667 0.02666666666666667 0.02666666666666667
0 0.41 0.425 0.02666666666666667 0.02666666666666667
0 0.43833333333333335 0.45166666666666666 0.02666666666666667 0.02666666666666667
0 0.505 0.8 0.023333333333333334 0.02
0 0.145 0.8266666666666667 0.02666666666666667 0.02666666666666667
0 0.16833333333333333 0.6983333333333334 0.02666666666666667 0.02666666666666667
0 0.285 0.5416666666666666 0.023333333333333334 0.023333333333333334
0 0.5083333333333333 0.615 0.03 0.025
0 0.31166666666666665 0.5883333333333334 0.023333333333333334 0.023333333333333334
0 0.135 0.7233333333333334 0.02666666666666667 0.023333333333333334
0 0.25166666666666665 0.5616666666666666 0.02666666666666667 0.02666666666666667
0 0.47333333333333333 0.64 0.023333333333333334 0.023333333333333334
0 0.07833333333333334 0.8366666666666667 0.02666666666666667 0.02666666666666667
0 0.37666666666666665 0.5733333333333334 0.023333333333333334 0.023333333333333334
0 0.44 0.6683333333333333 0.023333333333333334 0.023333333333333334
0 0.10166666666666667 0.7316666666666667 0.023333333333333334 0.02
0 0.33166666666666667 0.79 0.023333333333333334 0.023333333333333334
0 0.21166666666666667 0.715 0.023333333333333334 0.023333333333333334
0 0.26 0.58 0.03 0.023333333333333334
0 0.595 0.22666666666666666 0.03 0.02666666666666667
0 0.7633333333333333 0.2816666666666667 0.035 0.028333333333333332
0 0.6166666666666667 0.20833333333333334 0.03 0.023333333333333334
0 0.9066666666666666 0.13 0.03333333333333333 0.023333333333333334
0 0.635 0.4116666666666667 0.02666666666666667 0.02666666666666667
0 0.6783333333333333 0.15666666666666668 0.023333333333333334 0.023333333333333334
0 0.6716666666666666 0.12 0.023333333333333334 0.02
0 0.6983333333333334 0.31333333333333335 0.02666666666666667 0.023333333333333334
0 0.5683333333333334 0.4716666666666667 0.023333333333333334 0.023333333333333334
0 0.825 0.215 0.028333333333333332 0.023333333333333334
0 0.6016666666666667 0.24833333333333332 0.023333333333333334 0.023333333333333334
0 0.8133333333333334 0.15833333333333333 0.023333333333333334 0.02666666666666667
0 0.81 0.24 0.02666666666666667 0.023333333333333334
0 0.6183333333333333 0.25 0.02 0.02666666666666667
0 0.17166666666666666 0.61 0.02666666666666667 0.021666666666666667
0 0.4683333333333333 0.6166666666666667 0.028333333333333332 0.023333333333333334
0 0.3433333333333333 0.30666666666666664 0.02666666666666667 0.023333333333333334
0 0.4766666666666667 0.05333333333333334 0.025 0.03166666666666667
0 0.2816666666666667 0.6283333333333333 0.02 0.025
0 0.8116666666666666 0.7016666666666667 0.023333333333333334 0.028333333333333332
0 0.255 0.44166666666666665 0.02666666666666667 0.023333333333333334
0 0.37333333333333335 0.08333333333333333 0.025 0.023333333333333334
0 0.7116666666666667 0.36833333333333335 0.025 0.02666666666666667