0 0.16333333333333333 0.45666666666666667 0.023333333333333334 0.02666666666666667
0 0.19833333333333333 0.44333333333333336 0.02666666666666667 0.02666666666666667
0 0.40166666666666667 0.3616666666666667 0.03 0.02
0 0.3616666666666667 0.3333333333333333 0.03 0.02666666666666667
0 0.44166666666666665 0.2866666666666667 0.02666666666666667 0.03
0 0.3466666666666667 0.36 0.02666666666666667 0.023333333333333334
0 0.08333333333333333 0.63 0.02666666666666667 0.02
0 0.4116666666666667 0.9833333333333333 0.02666666666666667 0.023333333333333334
0 0.39666666666666667 0.7933333333333333 0.02666666666666667 0.02
0 0.33166666666666667 0.5216666666666666 0.03 0.03
0 0.06833333333333333 0.7233333333333334 0.023333333333333334 0.02
0 0.12166666666666667 0.49666666666666665 0.03 0.02666666666666667
0 0.4633333333333333 0.7616666666666667 0.023333333333333334 0.023333333333333334
0 0.25166666666666665 0.6683333333333333 0.02666666666666667 0.03333333333333333
0 0.22166666666666668 0.705 0.023333333333333334 0.02666666666666667
0 0.44666666666666666 0.74 0.03 0.02
0 0.4083333333333333 0.7766666666666666 0.03 0.023333333333333334
0 0.955 0.08833333333333333 0.023333333333333334 0.023333333333333334
0 0.9866666666666667 0.03666666666666667 0.02 0.023333333333333334
0 0.73 0.11333333333333333 0.023333333333333334 0.023333333333333334
0 0.6583333333333333 0.445 0.023333333333333334 0.02
0 0.6333333333333333 0.4766666666666667 0.023333333333333334 0.02
0 0.5766666666666667 0.36666666666666664 0.02666666666666667 0.02666666666666667
0 0.96 0.9416666666666667 0.02666666666666667 0.023333333333333334
0 0.9516666666666667 0.8816666666666667 0.023333333333333334 0.02666666666666667
0 0.9366666666666666 0.955 0.02666666666666667 0.023333333333333334
0 0.745 0.15833333333333333 0.02666666666666667 0.02
0 0.56 0.03833333333333333 0.02666666666666667 0.02
0 0.9833333333333333 0.015 0.02666666666666667 0.02
0 0.5166666666666667 0.8466666666666667 0.02666666666666667 0.023333333333333334
0 0.8033333333333333 0.19 0.03 0.03
0 0.7533333333333333 0.12833333333333333 0.02666666666666667 0.02666666666666667
0 0.615 0.45166666666666666 0.02666666666666667 0.02666666666666667
0 0.8083333333333333 0.018333333333333333 0.02666666666666667 0.023333333333333334
0 0.635 0.435 0.023333333333333334 0.023333333333333334
0 0.51 0.7216666666666667 0.023333333333333334 0.023333333333333334
0 0.585 0.5216666666666666 0.02666666666666667 0.023333333333333334
0 0.5366666666666666 0.42333333333333334 0.023333333333333334 0.02666666666666667
0 0.7366666666666667 0.205 0.02666666666666667 0.02666666666666667
0 0.6 0.49166666666666664 0.023333333333333334 0.02
0 0.5416666666666666 0.7816666666666666 0.02666666666666667 0.028333333333333332