0 0.43166666666666664 0.07833333333333334 0.02666666666666667 0.02
0 0.4533333333333333 0.19333333333333333 0.023333333333333334 0.03
0 0.935 0.205 0.02 0.02
0 0.22166666666666668 0.2816666666666667 0.02 0.023333333333333334
0 0.7183333333333334 0.31 0.02666666666666667 0.02666666666666667
0 0.31333333333333335 0.31833333333333336 0.02666666666666667 0.02666666666666667
0 0.88 0.32166666666666666 0.02 0.02
0 0.8683333333333333 0.335 0.02 0.02
0 0.685 0.4116666666666667 0.03 0.02666666666666667
0 0.6983333333333334 0.42833333333333334 0.02 0.02
0 0.2966666666666667 0.44166666666666665 0.02666666666666667 0.02
0 0.6783333333333333 0.44666666666666666 0.023333333333333334 0.02
0 0.645 0.45 0.023333333333333334 0.02
0 0.41833333333333333 0.11666666666666667 0.02666666666666667 0.023333333333333334
0 0.415 0.185 0.02666666666666667 0.02666666666666667
0 0.3283333333333333 0.275 0.023333333333333334 0.023333333333333334
0 0.9583333333333334 0.17166666666666666 0.023333333333333334 0.02666666666666667
0 0.7766666666666666 0.48 0.02666666666666667 0.023333333333333334
0 0.04 0.38333333333333336 0.03 0.03
0 0.27666666666666667 0.36 0.023333333333333334 0.023333333333333334
0 0.7366666666666667 0.4666666666666667 0.02666666666666667 0.02666666666666667
0 0.4116666666666667 0.41333333333333333 0.023333333333333334 0.02
0 0.7766666666666666 0.365 0.02 0.02
0 0.8283333333333334 0.28833333333333333 0.023333333333333334 0.023333333333333334
0 0.6483333333333333 0.545 0.03 0.03
0 0.5583333333333333 0.5783333333333334 0.02666666666666667 0.03
0 0.5866666666666667 0.6433333333333333 0.02666666666666667 0.03
0 0.7166666666666667 0.7666666666666667 0.028333333333333332 0.03166666666666667
0 0.6066666666666667 0.5333333333333333 0.02666666666666667 0.023333333333333334
0 0.6616666666666666 0.5183333333333333 0.023333333333333334 0.02
0 0.5866666666666667 0.5516666666666666 0.023333333333333334 0.02
0 0.5616666666666666 0.5433333333333333 0.023333333333333334 0.02
0 0.5533333333333333 0.6466666666666666 0.023333333333333334 0.02
0 0.7966666666666666 0.7316666666666667 0.02666666666666667 0.023333333333333334
0 0.6583333333333333 0.87 0.02666666666666667 0.02666666666666667
0 0.7266666666666667 0.9483333333333334 0.02 0.02
0 0.97 0.935 0.02 0.02
0 0.6233333333333333 0.8916666666666667 0.02666666666666667 0.02666666666666667
0 0.7966666666666666 0.7316666666666667 0.02666666666666667 0.02666666666666667
0 0.6116666666666667 0.9133333333333333 0.023333333333333334 0.023333333333333334
0 0.4166666666666667 0.725 0.02666666666666667 0.023333333333333334
0 0.44166666666666665 0.7233333333333334 0.03 0.03
0 0.37 0.745 0.023333333333333334 0.025
0 0.18333333333333332 0.785 0.025 0.023333333333333334
0 0.43666666666666665 0.6933333333333334 0.023333333333333334 0.02
0 0.53 0.6333333333333333 0.023333333333333334 0.02
0 0.53 0.67 0.02666666666666667 0.02
0 0.17166666666666666 0.49833333333333335 0.021666666666666667 0.021666666666666667
0 0.09333333333333334 0.5216666666666666 0.021666666666666667 0.028333333333333332
0 0.99 0.175 0.02 0.025
0 0.7516666666666667 0.34 0.023333333333333334 0.03166666666666667
0 0.45166666666666666 0.38666666666666666 0.018333333333333333 0.021666666666666667
0 0.86 0.8316666666666667 0.016666666666666666 0.02
0 0.795 0.285 0.023333333333333334 0.02666666666666667
0 0.73 0.845 0.016666666666666666 0.023333333333333334
0 0.7633333333333333 0.24333333333333335 0.021666666666666667 0.02666666666666667
0 0.7933333333333333 0.5016666666666667 0.023333333333333334 0.023333333333333334
0 0.6633333333333333 0.49 0.025 0.03
0 0.5483333333333333 0.9466666666666667 0.028333333333333332 0.03333333333333333
0 0.7016666666666667 0.37 0.018333333333333333 0.02
0 0.47 0.22 0.02666666666666667 0.02666666666666667