0 0.955 0.9016666666666666 0.03666666666666667 0.02666666666666667
0 0.96 0.8816666666666667 0.03666666666666667 0.023333333333333334
0 0.8883333333333333 0.83 0.02666666666666667 0.02666666666666667
0 0.7183333333333334 0.8816666666666667 0.02666666666666667 0.02666666666666667
0 0.6783333333333333 0.9233333333333333 0.03 0.02666666666666667
0 0.8066666666666666 0.905 0.02666666666666667 0.02
0 0.8616666666666667 0.6633333333333333 0.03 0.03
0 0.8766666666666667 0.6983333333333334 0.02666666666666667 0.023333333333333334
0 0.7166666666666667 0.56 0.03333333333333333 0.03
0 0.69 0.56 0.03 0.03
0 0.8916666666666667 0.7583333333333333 0.02666666666666667 0.028333333333333332
0 0.9516666666666667 0.57 0.02666666666666667 0.03
0 0.8933333333333333 0.7166666666666667 0.023333333333333334 0.023333333333333334
0 0.6566666666666666 0.8833333333333333 0.03 0.03
0 0.8516666666666667 0.9066666666666666 0.03 0.02
0 0.88 0.8916666666666667 0.02666666666666667 0.02666666666666667
0 0.84 0.8316666666666667 0.03333333333333333 0.03666666666666667
0 0.8633333333333333 0.7816666666666666 0.03 0.03333333333333333
0 0.7866666666666666 0.86 0.02666666666666667 0.023333333333333334
0 0.605 0.5716666666666667 0.02666666666666667 0.03
0 0.9266666666666666 0.6316666666666667 0.03 0.03
0 0.7833333333333333 0.9133333333333333 0.02666666666666667 0.02666666666666667
0 0.8683333333333333 0.8583333333333333 0.023333333333333334 0.023333333333333334
0 0.058333333333333334 0.42333333333333334 0.023333333333333334 0.023333333333333334
0 0.22166666666666668 0.07166666666666667 0.03333333333333333 0.03
0 0.4116666666666667 0.23666666666666666 0.02 0.03
0 0.3983333333333333 0.285 0.02666666666666667 0.03
0 0.9183333333333333 0.18666666666666668 0.02666666666666667 0.03
0 0.8 0.27166666666666667 0.03 0.02666666666666667
0 0.765 0.2633333333333333 0.02666666666666667 0.03
0 0.6983333333333334 0.25 0.023333333333333334 0.02666666666666667
0 0.68 0.26 0.023333333333333334 0.03333333333333333
0 0.6566666666666666 0.39166666666666666 0.03166666666666667 0.028333333333333332
0 0.6333333333333333 0.38333333333333336 0.023333333333333334 0.02666666666666667
0 0.8833333333333333 0.3883333333333333 0.02 0.02
0 0.8883333333333333 0.36833333333333335 0.02 0.02
0 0.8633333333333333 0.36 0.03 0.03
0 0.8416666666666667 0.26666666666666666 0.02 0.02666666666666667
0 0.8216666666666667 0.2966666666666667 0.023333333333333334 0.023333333333333334
0 0.655 0.24166666666666667 0.02666666666666667 0.023333333333333334
0 0.63 0.3433333333333333 0.02666666666666667 0.023333333333333334
0 0.8783333333333333 0.25833333333333336 0.023333333333333334 0.023333333333333334
0 0.5883333333333334 0.03833333333333333 0.02666666666666667 0.023333333333333334
0 0.5633333333333334 0.5 0.02666666666666667 0.03
0 0.6133333333333333 0.5183333333333333 0.03 0.025
0 0.17333333333333334 0.33666666666666667 0.03166666666666667 0.025
0 0.5233333333333333 0.2816666666666667 0.02666666666666667 0.03
0 0.575 0.52 0.02666666666666667 0.023333333333333334
0 0.5083333333333333 0.20166666666666666 0.023333333333333334 0.03
0 0.8566666666666667 0.8833333333333333 0.025 0.02666666666666667
0 0.9016666666666666 0.8716666666666667 0.03333333333333333 0.03
0 0.7683333333333333 0.945 0.03 0.03166666666666667
0 0.7533333333333333 0.9083333333333333 0.03 0.028333333333333332