0 0.4116666666666667 0.855 0.02 0.023333333333333334
0 0.265 0.9533333333333334 0.025 0.023333333333333334
0 0.18333333333333332 0.855 0.02 0.02666666666666667
0 0.365 0.7266666666666667 0.02 0.02
0 0.4633333333333333 0.695 0.028333333333333332 0.023333333333333334
0 0.44166666666666665 0.35333333333333333 0.02666666666666667 0.02666666666666667
0 0.49166666666666664 0.47833333333333333 0.02666666666666667 0.02666666666666667
0 0.45166666666666666 0.8266666666666667 0.02666666666666667 0.02666666666666667
0 0.25666666666666665 0.8483333333333334 0.023333333333333334 0.02
0 0.345 0.7616666666666667 0.023333333333333334 0.023333333333333334
0 0.3983333333333333 0.8183333333333334 0.023333333333333334 0.023333333333333334
0 0.7716666666666666 0.5116666666666667 0.025 0.023333333333333334
0 0.5983333333333334 0.5816666666666667 0.023333333333333334 0.02
0 0.6083333333333333 0.5016666666666667 0.023333333333333334 0.02666666666666667
0 0.5116666666666667 0.19166666666666668 0.02666666666666667 0.02666666666666667
0 0.07333333333333333 0.7016666666666667 0.023333333333333334 0.02
0 0.7333333333333333 0.83 0.028333333333333332 0.028333333333333332