0 0.7133333333333334 0.016666666666666666 0.023333333333333334 0.023333333333333334
0 0.7316666666666667 0.06 0.03 0.02666666666666667
0 0.6883333333333334 0.065 0.023333333333333334 0.023333333333333334
0 0.5133333333333333 0.09333333333333334 0.02 0.02
0 0.7033333333333334 0.08666666666666667 0.02666666666666667 0.023333333333333334
0 0.6666666666666666 0.13666666666666666 0.02 0.03
0 0.7083333333333334 0.21333333333333335 0.03 0.02
0 0.8166666666666667 0.21833333333333332 0.02666666666666667 0.02666666666666667
0 0.6366666666666667 0.22333333333333333 0.023333333333333334 0.02
0 0.6733333333333333 0.22166666666666668 0.02666666666666667 0.023333333333333334
0 0.7283333333333334 0.27166666666666667 0.02666666666666667 0.02
0 0.14 0.17333333333333334 0.03333333333333333 0.02666666666666667
0 0.7633333333333333 0.19166666666666668 0.02 0.02
0 0.5266666666666666 0.065 0.023333333333333334 0.023333333333333334
0 0.025 0.23 0.02 0.023333333333333334
0 0.7016666666666667 0.19833333333333333 0.02 0.016666666666666666
0 0.7133333333333334 0.23833333333333334 0.02 0.023333333333333334
0 0.6483333333333333 0.043333333333333335 0.023333333333333334 0.02666666666666667
0 0.5133333333333333 0.07 0.02 0.02
0 0.7583333333333333 0.32166666666666666 0.02 0.016666666666666666
0 0.17 0.8566666666666667 0.03333333333333333 0.03
0 0.39666666666666667 0.8766666666666667 0.02666666666666667 0.02666666666666667
0 0.3416666666666667 0.92 0.02666666666666667 0.02666666666666667
0 0.35833333333333334 0.9616666666666667 0.023333333333333334 0.02
0 0.325 0.9333333333333333 0.02666666666666667 0.023333333333333334
0 0.7133333333333334 0.905 0.03 0.03
0 0.6866666666666666 0.85 0.02666666666666667 0.02666666666666667
0 0.755 0.335 0.02 0.02