0 0.5916666666666667 0.02 0.023333333333333334 0.023333333333333334
0 0.17333333333333334 0.11 0.02 0.02
0 0.15166666666666667 0.145 0.023333333333333334 0.03333333333333333
0 0.35833333333333334 0.16666666666666666 0.02666666666666667 0.02666666666666667
0 0.45 0.22666666666666666 0.03 0.03
0 0.37666666666666665 0.25333333333333335 0.03 0.03333333333333333
0 0.3516666666666667 0.255 0.02666666666666667 0.03
0 0.24333333333333335 0.27666666666666667 0.023333333333333334 0.023333333333333334
0 0.6433333333333333 0.2916666666666667 0.02 0.023333333333333334
0 0.6666666666666666 0.29333333333333333 0.02 0.023333333333333334
0 0.31666666666666665 0.325 0.02666666666666667 0.023333333333333334
0 0.43333333333333335 0.33 0.02 0.02
0 0.2816666666666667 0.33666666666666667 0.03 0.023333333333333334
0 0.37333333333333335 0.335 0.02 0.023333333333333334
0 0.195 0.3516666666666667 0.02666666666666667 0.02666666666666667
0 0.6266666666666667 0.355 0.02666666666666667 0.03
0 0.4266666666666667 0.37 0.023333333333333334 0.023333333333333334
0 0.6566666666666666 0.3983333333333333 0.02666666666666667 0.03
0 0.37 0.41 0.023333333333333334 0.02
0 0.21166666666666667 0.11166666666666666 0.023333333333333334 0.023333333333333334
0 0.47833333333333333 0.23333333333333334 0.02 0.02666666666666667
0 0.19333333333333333 0.3516666666666667 0.02666666666666667 0.02666666666666667
0 0.91 0.16166666666666665 0.02666666666666667 0.02666666666666667
0 0.265 0.42 0.03 0.03
0 0.4 0.33 0.02666666666666667 0.02666666666666667
0 0.6566666666666666 0.4633333333333333 0.023333333333333334 0.023333333333333334
0 0.9383333333333334 0.4066666666666667 0.02666666666666667 0.02666666666666667
0 0.12 0.15 0.023333333333333334 0.023333333333333334
0 0.6683333333333333 0.4866666666666667 0.02666666666666667 0.02
0 0.695 0.4633333333333333 0.023333333333333334 0.023333333333333334
0 0.38333333333333336 0.21666666666666667 0.023333333333333334 0.02666666666666667
0 0.24 0.3016666666666667 0.02 0.02
0 0.20333333333333334 0.33166666666666667 0.02 0.02666666666666667
0 0.18166666666666667 0.12166666666666667 0.02 0.023333333333333334
0 0.3233333333333333 0.41 0.023333333333333334 0.023333333333333334
0 0.6183333333333333 0.33 0.023333333333333334 0.02666666666666667
0 0.7466666666666667 0.305 0.023333333333333334 0.02
0 0.8766666666666667 0.36333333333333334 0.023333333333333334 0.023333333333333334
0 0.6766666666666666 0.5733333333333334 0.02 0.023333333333333334
0 0.53 0.5833333333333334 0.02666666666666667 0.02666666666666667
0 0.5533333333333333 0.5866666666666667 0.023333333333333334 0.02666666666666667
0 0.645 0.6233333333333333 0.03333333333333333 0.02666666666666667
0 0.6716666666666666 0.6216666666666667 0.02666666666666667 0.02666666666666667
0 0.8416666666666667 0.6216666666666667 0.023333333333333334 0.023333333333333334
0 0.89 0.775 0.023333333333333334 0.02
0 0.5966666666666667 0.7983333333333333 0.02 0.02
0 0.7616666666666667 0.835 0.03 0.03
0 0.6166666666666667 0.92 0.02 0.02
0 0.8733333333333333 0.6033333333333334 0.02666666666666667 0.02666666666666667
0 0.7516666666666667 0.9216666666666666 0.02666666666666667 0.02666666666666667
0 0.8716666666666667 0.5316666666666666 0.03 0.03
0 0.7383333333333333 0.7716666666666666 0.02666666666666667 0.02666666666666667
0 0.605 0.7933333333333333 0.02 0.02
0 0.6283333333333333 0.5716666666666667 0.02 0.02
0 0.6116666666666667 0.7483333333333333 0.023333333333333334 0.023333333333333334
0 0.7333333333333333 0.5283333333333333 0.02 0.02
0 0.8783333333333333 0.9333333333333333 0.023333333333333334 0.023333333333333334
0 0.6883333333333334 0.6733333333333333 0.02666666666666667 0.023333333333333334
0 0.695 0.5533333333333333 0.02 0.02
0 0.6316666666666667 0.6783333333333333 0.02 0.02
0 0.8266666666666667 0.685 0.023333333333333334 0.023333333333333334
0 0.5683333333333334 0.625 0.02666666666666667 0.02666666666666667
0 0.8616666666666667 0.6283333333333333 0.02 0.02
0 0.8066666666666666 0.7033333333333334 0.023333333333333334 0.023333333333333334
0 0.8833333333333333 0.7866666666666666 0.023333333333333334 0.023333333333333334
0 0.5683333333333334 0.5583333333333333 0.02 0.02
0 0.6666666666666666 0.5216666666666666 0.02 0.02666666666666667
0 0.6983333333333334 0.505 0.02666666666666667 0.023333333333333334
0 0.7216666666666667 0.51 0.023333333333333334 0.023333333333333334
0 0.705 0.5766666666666667 0.02666666666666667 0.023333333333333334
0 0.6083333333333333 0.6866666666666666 0.023333333333333334 0.02
0 0.8083333333333333 0.5883333333333334 0.023333333333333334 0.02666666666666667
0 0.5616666666666666 0.76 0.023333333333333334 0.023333333333333334
0 0.6083333333333333 0.7166666666666667 0.016666666666666666 0.02
0 0.6283333333333333 0.7183333333333334 0.02 0.023333333333333334
0 0.5883333333333334 0.7083333333333334 0.016666666666666666 0.02
0 0.5916666666666667 0.7383333333333333 0.023333333333333334 0.02
0 0.22833333333333333 0.115 0.016666666666666666 0.02
0 0.3516666666666667 0.2966666666666667 0.028333333333333332 0.023333333333333334