0 0.5383333333333333 0.8366666666666667 0.03 0.02666666666666667
0 0.5683333333333334 0.8783333333333333 0.02666666666666667 0.02666666666666667
0 0.15166666666666667 0.12833333333333333 0.023333333333333334 0.03
0 0.10333333333333333 0.16666666666666666 0.03 0.03
0 0.07166666666666667 0.18666666666666668 0.03 0.03333333333333333
0 0.16666666666666666 0.42333333333333334 0.02666666666666667 0.023333333333333334
0 0.08166666666666667 0.11333333333333333 0.023333333333333334 0.023333333333333334
0 0.30333333333333334 0.9416666666666667 0.021666666666666667 0.03
0 0.28833333333333333 0.7533333333333333 0.03 0.03
0 0.31833333333333336 0.72 0.02666666666666667 0.02666666666666667
0 0.35333333333333333 0.8366666666666667 0.025 0.025
0 0.39166666666666666 0.8433333333333334 0.02666666666666667 0.023333333333333334
0 0.5016666666666667 0.9516666666666667 0.02666666666666667 0.02666666666666667
0 0.47333333333333333 0.9433333333333334 0.02666666666666667 0.02666666666666667
0 0.12833333333333333 0.7633333333333333 0.02666666666666667 0.02666666666666667