0 0.9016666666666666 0.5383333333333333 0.03 0.03
0 0.6366666666666667 0.3433333333333333 0.03 0.02666666666666667
0 0.6383333333333333 0.3233333333333333 0.03 0.02
0 0.6583333333333333 0.27666666666666667 0.03 0.023333333333333334
0 0.7166666666666667 0.23666666666666666 0.03 0.016666666666666666
0 0.7216666666666667 0.255 0.03 0.023333333333333334
0 0.5816666666666667 0.13166666666666665 0.03 0.03
0 0.8783333333333333 0.49 0.03 0.03
0 0.7566666666666667 0.5816666666666667 0.03 0.03333333333333333
0 0.7216666666666667 0.5683333333333334 0.023333333333333334 0.023333333333333334
0 0.5983333333333334 0.59 0.02 0.023333333333333334
0 0.8716666666666667 0.525 0.023333333333333334 0.023333333333333334
0 0.9383333333333334 0.5566666666666666 0.023333333333333334 0.03
0 0.8466666666666667 0.7066666666666667 0.023333333333333334 0.02666666666666667
0 0.6966666666666667 0.15333333333333332 0.03333333333333333 0.03
0 0.5883333333333334 0.39 0.03 0.02666666666666667
0 0.6933333333333334 0.34 0.03 0.03
0 0.5266666666666666 0.5466666666666666 0.02666666666666667 0.03
0 0.575 0.06833333333333333 0.023333333333333334 0.03
0 0.535 0.25833333333333336 0.023333333333333334 0.02
0 0.7666666666666667 0.23833333333333334 0.02666666666666667 0.023333333333333334
0 0.7816666666666666 0.21833333333333332 0.02 0.02
0 0.79 0.23166666666666666 0.023333333333333334 0.03
0 0.7966666666666666 0.21 0.02 0.02
0 0.5383333333333333 0.61 0.02666666666666667 0.023333333333333334
0 0.7316666666666667 0.3466666666666667 0.03 0.03333333333333333
0 0.5683333333333334 0.3466666666666667 0.016666666666666666 0.02666666666666667
0 0.9816666666666667 0.38 0.03 0.03166666666666667
0 0.525 0.38666666666666666 0.02666666666666667 0.02666666666666667
0 0.515 0.056666666666666664 0.03166666666666667 0.03333333333333333
0 0.5383333333333333 0.08833333333333333 0.028333333333333332 0.03166666666666667
0 0.5766666666666667 0.33666666666666667 0.02 0.023333333333333334
0 0.68 0.25666666666666665 0.023333333333333334 0.03
0 0.8366666666666667 0.7416666666666667 0.023333333333333334 0.023333333333333334
0 0.24166666666666667 0.06 0.02666666666666667 0.03
0 0.34833333333333333 0.33666666666666667 0.02666666666666667 0.023333333333333334
0 0.27166666666666667 0.19166666666666668 0.03 0.02666666666666667
0 0.27666666666666667 0.013333333333333334 0.02666666666666667 0.02666666666666667
0 0.4866666666666667 0.03333333333333333 0.03 0.03
0 0.5016666666666667 0.15666666666666668 0.02666666666666667 0.023333333333333334
0 0.15333333333333332 0.13166666666666665 0.03 0.03
0 0.07 0.041666666666666664 0.023333333333333334 0.023333333333333334
0 0.465 0.15666666666666668 0.02 0.02
0 0.495 0.44333333333333336 0.023333333333333334 0.023333333333333334
0 0.5016666666666667 0.4583333333333333 0.023333333333333334 0.023333333333333334
0 0.2866666666666667 0.16833333333333333 0.02666666666666667 0.023333333333333334
0 0.5066666666666667 0.10666666666666667 0.023333333333333334 0.03
0 0.8433333333333334 0.62 0.025 0.018333333333333333
0 0.6866666666666666 0.6316666666666667 0.023333333333333334 0.023333333333333334