0 0.30333333333333334 0.7833333333333333 0.03 0.023333333333333334
0 0.20166666666666666 0.6966666666666667 0.02 0.02
0 0.15833333333333333 0.74 0.02666666666666667 0.023333333333333334
0 0.9333333333333333 0.6916666666666667 0.023333333333333334 0.023333333333333334
0 0.9666666666666667 0.6866666666666666 0.023333333333333334 0.02
0 0.5833333333333334 0.6166666666666667 0.03 0.02666666666666667
0 0.8683333333333333 0.7433333333333333 0.03 0.023333333333333334
0 0.88 0.7216666666666667 0.023333333333333334 0.023333333333333334
0 0.5283333333333333 0.5366666666666666 0.023333333333333334 0.02
0 0.21666666666666667 0.7683333333333333 0.02666666666666667 0.02666666666666667
0 0.835 0.7833333333333333 0.02666666666666667 0.023333333333333334
0 0.9783333333333334 0.565 0.02666666666666667 0.023333333333333334
0 0.9383333333333334 0.5683333333333334 0.02666666666666667 0.02666666666666667
0 0.27666666666666667 0.7116666666666667 0.023333333333333334 0.023333333333333334
0 0.445 0.6616666666666666 0.03 0.028333333333333332
0 0.8483333333333334 0.865 0.02666666666666667 0.02666666666666667
0 0.6333333333333333 0.6666666666666666 0.02666666666666667 0.02666666666666667
0 0.24 0.8116666666666666 0.023333333333333334 0.023333333333333334
0 0.5583333333333333 0.5066666666666667 0.02666666666666667 0.023333333333333334
0 0.38 0.5266666666666666 0.02666666666666667 0.023333333333333334
0 0.82 0.9033333333333333 0.03333333333333333 0.03
0 0.9883333333333333 0.625 0.023333333333333334 0.023333333333333334
0 0.15666666666666668 0.935 0.028333333333333332 0.025
0 0.075 0.12166666666666667 0.02666666666666667 0.02
0 0.4033333333333333 0.475 0.02666666666666667 0.023333333333333334
0 0.39166666666666666 0.285 0.02666666666666667 0.02
0 0.325 0.013333333333333334 0.03 0.02666666666666667
0 0.06 0.215 0.023333333333333334 0.02
0 0.45666666666666667 0.25166666666666665 0.023333333333333334 0.023333333333333334
0 0.44 0.13666666666666666 0.023333333333333334 0.02666666666666667
0 0.24333333333333335 0.16 0.02666666666666667 0.03333333333333333
0 0.44166666666666665 0.22666666666666666 0.03 0.02
0 0.40166666666666667 0.2683333333333333 0.03 0.023333333333333334
0 0.9516666666666667 0.43333333333333335 0.02666666666666667 0.023333333333333334
0 0.945 0.375 0.023333333333333334 0.02666666666666667
0 0.9283333333333333 0.44666666666666666 0.02666666666666667 0.023333333333333334
0 0.9616666666666667 0.48333333333333334 0.023333333333333334 0.02
0 0.5083333333333333 0.3383333333333333 0.02666666666666667 0.023333333333333334
0 0.5016666666666667 0.21166666666666667 0.02666666666666667 0.02666666666666667
0 0.5333333333333333 0.27 0.028333333333333332 0.025