0 0.8616666666666667 0.5283333333333333 0.02666666666666667 0.03
0 0.6333333333333333 0.53 0.023333333333333334 0.02
0 0.7366666666666667 0.7583333333333333 0.02 0.023333333333333334
0 0.7483333333333333 0.6816666666666666 0.023333333333333334 0.02
0 0.765 0.6833333333333333 0.02 0.02
0 0.7716666666666666 0.5416666666666666 0.023333333333333334 0.02
0 0.94 0.5283333333333333 0.02 0.02
0 0.925 0.5183333333333333 0.02 0.016666666666666666
0 0.885 0.5616666666666666 0.02 0.023333333333333334
0 0.7566666666666667 0.5833333333333334 0.02666666666666667 0.02
0 0.8333333333333334 0.6716666666666666 0.023333333333333334 0.02
0 0.655 0.6233333333333333 0.023333333333333334 0.023333333333333334
0 0.5566666666666666 0.77 0.03 0.03
0 0.5733333333333334 0.5866666666666667 0.023333333333333334 0.023333333333333334
0 0.6283333333333333 0.7266666666666667 0.02 0.02
0 0.5683333333333334 0.9716666666666667 0.023333333333333334 0.02
0 0.8933333333333333 0.4866666666666667 0.02666666666666667 0.02
0 0.7866666666666666 0.5083333333333333 0.02 0.02
0 0.8133333333333334 0.48333333333333334 0.02 0.023333333333333334
0 0.9266666666666666 0.3883333333333333 0.023333333333333334 0.02
0 0.8016666666666666 0.41833333333333333 0.016666666666666666 0.02
0 0.68 0.3466666666666667 0.023333333333333334 0.023333333333333334
0 0.57 0.5116666666666667 0.023333333333333334 0.023333333333333334
0 0.8766666666666667 0.01 0.02666666666666667 0.02
0 0.9816666666666667 0.3933333333333333 0.023333333333333334 0.02
0 0.6733333333333333 0.13333333333333333 0.02 0.016666666666666666
0 0.6733333333333333 0.12166666666666667 0.02 0.016666666666666666
0 0.8316666666666667 0.38166666666666665 0.023333333333333334 0.023333333333333334
0 0.8466666666666667 0.4083333333333333 0.02 0.023333333333333334
0 0.8833333333333333 0.38166666666666665 0.02 0.02
0 0.8816666666666667 0.405 0.023333333333333334 0.02
0 0.32166666666666666 0.6216666666666667 0.023333333333333334 0.02666666666666667
0 0.04833333333333333 0.6866666666666666 0.023333333333333334 0.023333333333333334
0 0.27 0.7066666666666667 0.02 0.023333333333333334
0 0.10833333333333334 0.18166666666666667 0.03 0.023333333333333334
0 0.22666666666666666 0.2 0.03333333333333333 0.03
0 0.20333333333333334 0.185 0.023333333333333334 0.02
0 0.375 0.135 0.03666666666666667 0.03333333333333333
0 0.14 0.045 0.02666666666666667 0.023333333333333334
0 0.20166666666666666 0.03333333333333333 0.02666666666666667 0.02666666666666667
0 0.15833333333333333 0.075 0.03 0.02666666666666667
0 0.04833333333333333 0.15833333333333333 0.03 0.023333333333333334
0 0.058333333333333334 0.2966666666666667 0.02 0.03
0 0.028333333333333332 0.36 0.03 0.02666666666666667
0 0.02666666666666667 0.05333333333333334 0.03 0.02
0 0.28833333333333333 0.011666666666666667 0.02666666666666667 0.023333333333333334
0 0.051666666666666666 0.015 0.03 0.03
0 0.09666666666666666 0.011666666666666667 0.03333333333333333 0.023333333333333334
0 0.09333333333333334 0.03333333333333333 0.02666666666666667 0.023333333333333334
0 0.4083333333333333 0.01 0.02666666666666667 0.02
0 0.39166666666666666 0.09333333333333334 0.03 0.02666666666666667
0 0.008333333333333333 0.03333333333333333 0.016666666666666666 0.023333333333333334
0 0.165 0.15166666666666667 0.023333333333333334 0.02
0 0.08166666666666667 0.15666666666666668 0.02666666666666667 0.02666666666666667
0 0.195 0.06666666666666667 0.023333333333333334 0.02
0 0.14833333333333334 0.10833333333333334 0.023333333333333334 0.023333333333333334
0 0.20333333333333334 0.18666666666666668 0.023333333333333334 0.023333333333333334
0 0.11333333333333333 0.20833333333333334 0.02666666666666667 0.02666666666666667
0 0.3516666666666667 0.041666666666666664 0.023333333333333334 0.023333333333333334
0 0.15 0.03333333333333333 0.02 0.02
0 0.19166666666666668 0.135 0.02 0.02
0 0.016666666666666666 0.275 0.023333333333333334 0.023333333333333334
0 0.4116666666666667 0.09333333333333334 0.02666666666666667 0.023333333333333334
0 0.11 0.24666666666666667 0.03 0.025
0 0.4066666666666667 0.035 0.021666666666666667 0.02
0 0.87 0.365 0.025 0.025