0 0.44166666666666665 0.3933333333333333 0.02 0.023333333333333334
0 0.12 0.26166666666666666 0.03 0.02666666666666667
0 0.15333333333333332 0.25833333333333336 0.02666666666666667 0.02
0 0.15166666666666667 0.24333333333333335 0.02666666666666667 0.02
0 0.84 0.17833333333333334 0.02666666666666667 0.021666666666666667
0 0.08 0.02666666666666667 0.03 0.02666666666666667
0 0.5133333333333333 0.43333333333333335 0.02666666666666667 0.02666666666666667
0 0.10666666666666667 0.06166666666666667 0.02666666666666667 0.02666666666666667
0 0.03666666666666667 0.025 0.02666666666666667 0.023333333333333334
0 0.31666666666666665 0.10666666666666667 0.03 0.02666666666666667
0 0.6883333333333334 0.36666666666666664 0.02 0.02666666666666667
0 0.7016666666666667 0.355 0.023333333333333334 0.016666666666666666
0 0.16166666666666665 0.22833333333333333 0.023333333333333334 0.02
0 0.3383333333333333 0.5483333333333333 0.03 0.023333333333333334
0 0.355 0.6966666666666667 0.02666666666666667 0.02666666666666667