0 0.9083333333333333 0.9333333333333333 0.03 0.023333333333333334
0 0.8733333333333333 0.8666666666666667 0.03 0.02666666666666667
0 0.8733333333333333 0.83 0.02666666666666667 0.023333333333333334
0 0.935 0.8933333333333333 0.02666666666666667 0.023333333333333334
0 0.895 0.9666666666666667 0.023333333333333334 0.02666666666666667
0 0.91 0.9783333333333334 0.023333333333333334 0.03333333333333333
0 0.24166666666666667 0.66 0.03 0.03
0 0.08166666666666667 0.6966666666666667 0.02666666666666667 0.02666666666666667
0 0.145 0.5616666666666666 0.023333333333333334 0.023333333333333334
0 0.16833333333333333 0.5633333333333334 0.02 0.023333333333333334
0 0.23166666666666666 0.6233333333333333 0.02666666666666667 0.02666666666666667
0 0.14666666666666667 0.6183333333333333 0.023333333333333334 0.023333333333333334
0 0.07666666666666666 0.5516666666666666 0.023333333333333334 0.016666666666666666
0 0.12166666666666667 0.6833333333333333 0.02 0.023333333333333334
0 0.27 0.055 0.03166666666666667 0.023333333333333334
0 0.32666666666666666 0.12 0.03 0.02666666666666667
0 0.31833333333333336 0.023333333333333334 0.025 0.028333333333333332
0 0.2966666666666667 0.23333333333333334 0.023333333333333334 0.023333333333333334
0 0.49666666666666665 0.20666666666666667 0.023333333333333334 0.023333333333333334
0 0.4766666666666667 0.185 0.02666666666666667 0.023333333333333334
0 0.15666666666666668 0.5316666666666666 0.023333333333333334 0.025
0 0.06166666666666667 0.5266666666666666 0.02 0.02666666666666667
0 0.028333333333333332 0.705 0.028333333333333332 0.02666666666666667
0 0.013333333333333334 0.5933333333333334 0.021666666666666667 0.03333333333333333
0 0.011666666666666667 0.555 0.018333333333333333 0.023333333333333334
0 0.01 0.7716666666666666 0.02 0.025
0 0.023333333333333334 0.6616666666666666 0.02666666666666667 0.025
0 0.3016666666666667 0.005 0.02 0.01
0 0.82 0.6116666666666667 0.025 0.02666666666666667
0 0.045 0.5733333333333334 0.021666666666666667 0.023333333333333334
0 0.4166666666666667 0.18166666666666667 0.021666666666666667 0.02666666666666667
0 0.3466666666666667 0.03166666666666667 0.025 0.03