0 0.48 0.2866666666666667 0.02666666666666667 0.023333333333333334
0 0.3883333333333333 0.7133333333333334 0.02 0.02
0 0.3566666666666667 0.7216666666666667 0.03 0.023333333333333334
0 0.41 0.595 0.023333333333333334 0.023333333333333334
0 0.3233333333333333 0.375 0.02666666666666667 0.023333333333333334
0 0.11833333333333333 0.6683333333333333 0.02 0.02
0 0.36833333333333335 0.4633333333333333 0.03 0.02
0 0.28833333333333333 0.3466666666666667 0.02666666666666667 0.023333333333333334
0 0.028333333333333332 0.9466666666666667 0.02 0.02
0 0.04833333333333333 0.9416666666666667 0.02 0.02666666666666667
0 0.11 0.023333333333333334 0.02666666666666667 0.03
0 0.41333333333333333 0.7233333333333334 0.03 0.02666666666666667
0 0.10166666666666667 0.6833333333333333 0.023333333333333334 0.023333333333333334
0 0.06666666666666667 0.6066666666666667 0.023333333333333334 0.023333333333333334
0 0.18 0.455 0.02666666666666667 0.02666666666666667
0 0.13833333333333334 0.69 0.023333333333333334 0.023333333333333334
0 0.06333333333333334 0.93 0.023333333333333334 0.023333333333333334
0 0.02666666666666667 0.685 0.023333333333333334 0.023333333333333334
0 0.125 0.5033333333333333 0.02 0.023333333333333334
0 0.03 0.54 0.02 0.023333333333333334
0 0.23833333333333334 0.3883333333333333 0.02666666666666667 0.023333333333333334
0 0.13666666666666666 0.6183333333333333 0.02 0.02
0 0.25166666666666665 0.7383333333333333 0.02 0.02666666666666667
0 0.28833333333333333 0.36833333333333335 0.02 0.02
0 0.405 0.32 0.02 0.02
0 0.5 0.6083333333333333 0.013333333333333334 0.016666666666666666
0 0.2966666666666667 0.8766666666666667 0.02 0.02
0 0.08333333333333333 0.6316666666666667 0.02 0.023333333333333334
0 0.21666666666666667 0.485 0.023333333333333334 0.02
0 0.12833333333333333 0.635 0.02 0.02
0 0.08333333333333333 0.655 0.02 0.02
0 0.5616666666666666 0.5733333333333334 0.023333333333333334 0.02
0 0.9366666666666666 0.5483333333333333 0.02 0.02
0 0.5166666666666667 0.5616666666666666 0.02 0.02
0 0.67 0.4666666666666667 0.023333333333333334 0.023333333333333334
0 0.7266666666666667 0.515 0.03 0.02
0 0.7483333333333333 0.49166666666666664 0.02 0.02666666666666667
0 0.85 0.365 0.023333333333333334 0.02
0 0.5066666666666667 0.3516666666666667 0.02666666666666667 0.023333333333333334
0 0.7066666666666667 0.49833333333333335 0.02 0.02
0 0.725 0.44 0.03 0.02
0 0.5916666666666667 0.46 0.023333333333333334 0.023333333333333334
0 0.5866666666666667 0.49333333333333335 0.02666666666666667 0.023333333333333334
0 0.6383333333333333 0.4666666666666667 0.02 0.02
0 0.5183333333333333 0.5133333333333333 0.02 0.023333333333333334
0 0.12833333333333333 0.635 0.02 0.02
0 0.6266666666666667 0.48833333333333334 0.023333333333333334 0.02
0 0.20833333333333334 0.7983333333333333 0.025 0.023333333333333334
0 0.016666666666666666 0.985 0.028333333333333332 0.025
0 0.27166666666666667 0.4266666666666667 0.028333333333333332 0.025
0 0.2866666666666667 0.9316666666666666 0.025 0.02
0 0.37 0.685 0.02666666666666667 0.025