0 0.105 0.445 0.03 0.02666666666666667
0 0.29333333333333333 0.395 0.023333333333333334 0.023333333333333334
0 0.33666666666666667 0.325 0.023333333333333334 0.02
0 0.475 0.435 0.02666666666666667 0.02
0 0.2683333333333333 0.12166666666666667 0.023333333333333334 0.02666666666666667
0 0.39666666666666667 0.4166666666666667 0.03 0.02666666666666667
0 0.355 0.4166666666666667 0.023333333333333334 0.02666666666666667
0 0.42833333333333334 0.08833333333333333 0.023333333333333334 0.02
0 0.4866666666666667 0.28833333333333333 0.02666666666666667 0.03
0 0.27166666666666667 0.085 0.02666666666666667 0.02
0 0.4216666666666667 0.395 0.02 0.02
0 0.275 0.14666666666666667 0.023333333333333334 0.02666666666666667
0 0.32666666666666666 0.34833333333333333 0.02 0.02
0 0.17166666666666666 0.4116666666666667 0.02666666666666667 0.02666666666666667
0 0.19666666666666666 0.39 0.023333333333333334 0.02
0 0.15166666666666667 0.315 0.02 0.02
0 0.023333333333333334 0.4716666666666667 0.02 0.02666666666666667
0 0.19666666666666666 0.4083333333333333 0.023333333333333334 0.023333333333333334
0 0.4216666666666667 0.485 0.02666666666666667 0.02
0 0.28 0.056666666666666664 0.023333333333333334 0.023333333333333334
0 0.41833333333333333 0.03666666666666667 0.02 0.023333333333333334
0 0.22166666666666668 0.4083333333333333 0.02 0.02
0 0.7166666666666667 0.315 0.023333333333333334 0.025
0 0.73 0.26166666666666666 0.023333333333333334 0.023333333333333334
0 0.7216666666666667 0.29 0.023333333333333334 0.02666666666666667
0 0.6333333333333333 0.14833333333333334 0.023333333333333334 0.023333333333333334
0 0.6983333333333334 0.205 0.02666666666666667 0.02666666666666667
0 0.6333333333333333 0.03833333333333333 0.023333333333333334 0.02666666666666667
0 0.7233333333333334 0.20666666666666667 0.02 0.016666666666666666
0 0.42833333333333334 0.9283333333333333 0.02 0.02
0 0.42333333333333334 0.8533333333333334 0.02 0.016666666666666666
0 0.4666666666666667 0.7666666666666667 0.03 0.03166666666666667
0 0.485 0.6883333333333334 0.03666666666666667 0.025
0 0.505 0.705 0.02 0.02
0 0.04666666666666667 0.625 0.02 0.02
0 0.5066666666666667 0.9466666666666667 0.02 0.023333333333333334
0 0.41333333333333333 0.8883333333333333 0.02666666666666667 0.023333333333333334
0 0.495 0.9016666666666666 0.02 0.02
0 0.5133333333333333 0.8616666666666667 0.013333333333333334 0.023333333333333334
0 0.5066666666666667 0.7283333333333334 0.023333333333333334 0.02666666666666667
0 0.6083333333333333 0.7383333333333333 0.02666666666666667 0.02
0 0.7533333333333333 0.5516666666666666 0.02666666666666667 0.02666666666666667
0 0.6283333333333333 0.8366666666666667 0.023333333333333334 0.023333333333333334
0 0.845 0.7383333333333333 0.02666666666666667 0.02
0 0.5983333333333334 0.9133333333333333 0.02666666666666667 0.02666666666666667
0 0.5716666666666667 0.6816666666666666 0.02666666666666667 0.02666666666666667
0 0.5616666666666666 0.6533333333333333 0.02666666666666667 0.02666666666666667
0 0.6333333333333333 0.9033333333333333 0.02666666666666667 0.023333333333333334
0 0.5466666666666666 0.8833333333333333 0.023333333333333334 0.02
0 0.6383333333333333 0.7983333333333333 0.023333333333333334 0.023333333333333334
0 0.5733333333333334 0.7116666666666667 0.023333333333333334 0.023333333333333334
0 0.5433333333333333 0.84 0.023333333333333334 0.02
0 0.67 0.8283333333333334 0.023333333333333334 0.023333333333333334
0 0.845 0.755 0.02666666666666667 0.02
0 0.53 0.7866666666666666 0.023333333333333334 0.023333333333333334
0 0.5266666666666666 0.6416666666666667 0.023333333333333334 0.023333333333333334
0 0.54 0.6533333333333333 0.02 0.023333333333333334
0 0.22333333333333333 0.01 0.02666666666666667 0.02
0 0.016666666666666666 0.43666666666666665 0.02 0.02
0 0.27166666666666667 0.49 0.02666666666666667 0.023333333333333334
0 0.515 0.5583333333333333 0.02666666666666667 0.03
0 0.9133333333333333 0.76 0.025 0.021666666666666667
0 0.535 0.565 0.025 0.023333333333333334
0 0.59 0.7633333333333333 0.021666666666666667 0.028333333333333332
0 0.5733333333333334 0.8733333333333333 0.03333333333333333 0.02666666666666667
0 0.5216666666666666 0.5266666666666666 0.02 0.028333333333333332
0 0.3016666666666667 0.5033333333333333 0.023333333333333334 0.025
0 0.6816666666666666 0.07333333333333333 0.028333333333333332 0.023333333333333334
0 0.5616666666666666 0.6183333333333333 0.02 0.025