0 0.09666666666666666 0.86 0.025 0.02666666666666667
0 0.07333333333333333 0.8583333333333333 0.023333333333333334 0.02666666666666667
0 0.185 0.545 0.025 0.025
0 0.29333333333333333 0.9033333333333333 0.023333333333333334 0.02
0 0.37666666666666665 0.9716666666666667 0.016666666666666666 0.02
0 0.395 0.9833333333333333 0.02 0.021666666666666667
0 0.22333333333333333 0.055 0.02 0.021666666666666667
0 0.9033333333333333 0.755 0.023333333333333334 0.023333333333333334
0 0.8916666666666667 0.7116666666666667 0.025 0.03
0 0.89 0.445 0.02 0.02
0 0.6033333333333334 0.4116666666666667 0.02666666666666667 0.023333333333333334
0 0.8316666666666667 0.4633333333333333 0.023333333333333334 0.02
0 0.9266666666666666 0.39666666666666667 0.023333333333333334 0.02666666666666667
0 0.765 0.31 0.02666666666666667 0.023333333333333334
0 0.5916666666666667 0.13 0.023333333333333334 0.023333333333333334
0 0.9766666666666667 0.47833333333333333 0.023333333333333334 0.03
0 0.745 0.23833333333333334 0.021666666666666667 0.025
0 0.19166666666666668 0.9283333333333333 0.025 0.023333333333333334