0 0.13833333333333334 0.15 0.028333333333333332 0.03166666666666667
0 0.22 0.18166666666666667 0.02 0.023333333333333334
0 0.045 0.21 0.02 0.03
0 0.028333333333333332 0.21666666666666667 0.02 0.023333333333333334
0 0.47333333333333333 0.23666666666666666 0.02 0.03
0 0.25166666666666665 0.2783333333333333 0.028333333333333332 0.03333333333333333
0 0.2633333333333333 0.30833333333333335 0.02666666666666667 0.03333333333333333
0 0.345 0.30666666666666664 0.02 0.02666666666666667
0 0.08166666666666667 0.43833333333333335 0.023333333333333334 0.02
0 0.38666666666666666 0.435 0.02666666666666667 0.02666666666666667
0 0.2866666666666667 0.2966666666666667 0.025 0.02666666666666667
0 0.45 0.23166666666666666 0.03 0.02666666666666667
0 0.26166666666666666 0.5683333333333334 0.03 0.03
0 0.26666666666666666 0.18833333333333332 0.02666666666666667 0.02666666666666667
0 0.48 0.19333333333333333 0.02666666666666667 0.028333333333333332
0 0.5916666666666667 0.175 0.02 0.02666666666666667
0 0.7366666666666667 0.20333333333333334 0.02666666666666667 0.023333333333333334
0 0.7416666666666667 0.3416666666666667 0.03 0.03
0 0.5483333333333333 0.15333333333333332 0.023333333333333334 0.023333333333333334
0 0.6316666666666667 0.23 0.023333333333333334 0.023333333333333334
0 0.175 0.2866666666666667 0.03333333333333333 0.03833333333333333
0 0.52 0.20333333333333334 0.025 0.025
0 0.14 0.19666666666666666 0.018333333333333333 0.025
0 0.19833333333333333 0.215 0.02666666666666667 0.023333333333333334
0 0.885 0.13 0.018333333333333333 0.025