0 0.29833333333333334 0.023333333333333334 0.02 0.023333333333333334
0 0.2966666666666667 0.075 0.02666666666666667 0.02666666666666667
0 0.13166666666666665 0.9683333333333334 0.03666666666666667 0.02666666666666667
0 0.465 0.21166666666666667 0.03 0.02666666666666667
0 0.33166666666666667 0.08833333333333333 0.023333333333333334 0.023333333333333334
0 0.03833333333333333 0.48 0.03 0.03
0 0.2833333333333333 0.011666666666666667 0.023333333333333334 0.02
0 0.77 0.29833333333333334 0.023333333333333334 0.023333333333333334
0 0.5716666666666667 0.29 0.035 0.02666666666666667
0 0.84 0.12166666666666667 0.03 0.03333333333333333
0 0.6783333333333333 0.10166666666666667 0.02666666666666667 0.02666666666666667
0 0.9633333333333334 0.4633333333333333 0.03 0.03
0 0.57 0.375 0.02666666666666667 0.02666666666666667
0 0.6216666666666667 0.37166666666666665 0.02666666666666667 0.02666666666666667
0 0.58 0.23333333333333334 0.03 0.03
0 0.515 0.16 0.03 0.03
0 0.7316666666666667 0.5283333333333333 0.023333333333333334 0.023333333333333334
0 0.8566666666666667 0.5166666666666667 0.02666666666666667 0.023333333333333334
0 0.9216666666666666 0.5766666666666667 0.023333333333333334 0.02
0 0.8283333333333334 0.6583333333333333 0.03666666666666667 0.03
0 0.9016666666666666 0.63 0.03 0.02666666666666667
0 0.9533333333333334 0.575 0.023333333333333334 0.02
0 0.9183333333333333 0.7166666666666667 0.02666666666666667 0.02666666666666667
0 0.7533333333333333 0.61 0.03 0.03
0 0.6716666666666666 0.81 0.02666666666666667 0.02666666666666667
0 0.7916666666666666 0.82 0.02666666666666667 0.023333333333333334
0 0.31166666666666665 0.9866666666666667 0.03 0.02666666666666667
0 0.9766666666666667 0.9266666666666666 0.021666666666666667 0.028333333333333332