0 0.05333333333333334 0.6 0.03 0.03333333333333333
0 0.27666666666666667 0.5616666666666666 0.023333333333333334 0.023333333333333334
0 0.385 0.7733333333333333 0.03333333333333333 0.03
0 0.3466666666666667 0.8366666666666667 0.02666666666666667 0.03666666666666667
0 0.33 0.535 0.02 0.02
0 0.3516666666666667 0.655 0.03 0.03
0 0.405 0.55 0.023333333333333334 0.023333333333333334
0 0.09666666666666666 0.15166666666666667 0.03333333333333333 0.03
0 0.10666666666666667 0.23666666666666666 0.03 0.03
0 0.07166666666666667 0.19833333333333333 0.02666666666666667 0.02666666666666667
0 0.9533333333333334 0.6766666666666666 0.03333333333333333 0.02
0 0.9733333333333334 0.6966666666666667 0.02666666666666667 0.02
0 0.9466666666666667 0.7166666666666667 0.028333333333333332 0.03
0 0.7266666666666667 0.815 0.02666666666666667 0.03
0 0.6866666666666666 0.73 0.023333333333333334 0.02666666666666667
0 0.7533333333333333 0.6616666666666666 0.023333333333333334 0.03
0 0.6166666666666667 0.65 0.02666666666666667 0.03833333333333333
0 0.9366666666666666 0.7483333333333333 0.02 0.023333333333333334
0 0.6883333333333334 0.5866666666666667 0.02 0.023333333333333334
0 0.735 0.5966666666666667 0.023333333333333334 0.02666666666666667
0 0.7483333333333333 0.56 0.023333333333333334 0.023333333333333334
0 0.9016666666666666 0.5683333333333334 0.02 0.03
0 0.8833333333333333 0.575 0.02 0.02666666666666667
0 0.625 0.6933333333333334 0.03333333333333333 0.03333333333333333
0 0.9433333333333334 0.6566666666666666 0.023333333333333334 0.02666666666666667
0 0.5916666666666667 0.675 0.02666666666666667 0.023333333333333334
0 0.9883333333333333 0.675 0.023333333333333334 0.023333333333333334