0 0.5983333333333334 0.3433333333333333 0.03 0.03
0 0.5716666666666667 0.3416666666666667 0.023333333333333334 0.02666666666666667
0 0.07166666666666667 0.04666666666666667 0.023333333333333334 0.02666666666666667
0 0.6866666666666666 0.028333333333333332 0.02666666666666667 0.03
0 0.79 0.38666666666666666 0.023333333333333334 0.025
0 0.695 0.4816666666666667 0.02 0.02666666666666667
0 0.8783333333333333 0.455 0.016666666666666666 0.02
0 0.01 0.008333333333333333 0.02 0.016666666666666666
0 0.8916666666666667 0.4633333333333333 0.02 0.02666666666666667
0 0.39166666666666666 0.935 0.02666666666666667 0.02666666666666667
0 0.2816666666666667 0.8266666666666667 0.023333333333333334 0.02
0 0.22833333333333333 0.8466666666666667 0.023333333333333334 0.02
0 0.12166666666666667 0.9183333333333333 0.023333333333333334 0.023333333333333334
0 0.5616666666666666 0.82 0.02666666666666667 0.03166666666666667
0 0.23833333333333334 0.745 0.02666666666666667 0.02
0 0.17333333333333334 0.805 0.023333333333333334 0.02666666666666667
0 0.7816666666666666 0.5766666666666667 0.03 0.02666666666666667
0 0.7033333333333334 0.8066666666666666 0.023333333333333334 0.023333333333333334
0 0.7783333333333333 0.5083333333333333 0.023333333333333334 0.023333333333333334
0 0.4216666666666667 0.8316666666666667 0.02 0.02
0 0.5533333333333333 0.9366666666666666 0.023333333333333334 0.023333333333333334
0 0.07666666666666666 0.8383333333333334 0.023333333333333334 0.023333333333333334
0 0.7433333333333333 0.7233333333333334 0.023333333333333334 0.023333333333333334
0 0.25166666666666665 0.8433333333333334 0.02666666666666667 0.02666666666666667
0 0.26166666666666666 0.9416666666666667 0.023333333333333334 0.023333333333333334
0 0.9516666666666667 0.525 0.023333333333333334 0.023333333333333334
0 0.8083333333333333 0.51 0.023333333333333334 0.03166666666666667
0 0.7333333333333333 0.425 0.016666666666666666 0.023333333333333334
0 0.9233333333333333 0.52 0.023333333333333334 0.02
0 0.8466666666666667 0.44166666666666665 0.028333333333333332 0.02
0 0.545 0.87 0.02666666666666667 0.025
0 0.97 0.565 0.023333333333333334 0.023333333333333334
0 0.008333333333333333 0.46 0.016666666666666666 0.025