0 0.46 0.66 0.03 0.023333333333333334
0 0.16 0.86 0.02666666666666667 0.03
0 0.07166666666666667 0.9333333333333333 0.03 0.02666666666666667
0 0.39666666666666667 0.23333333333333334 0.02666666666666667 0.02666666666666667
0 0.39166666666666666 0.26666666666666666 0.03333333333333333 0.02666666666666667
0 0.305 0.275 0.023333333333333334 0.02
0 0.3333333333333333 0.275 0.03 0.023333333333333334
0 0.23666666666666666 0.9516666666666667 0.02 0.02666666666666667
0 0.235 0.035 0.023333333333333334 0.023333333333333334
0 0.8083333333333333 0.2733333333333333 0.02666666666666667 0.03333333333333333
0 0.6883333333333334 0.11166666666666666 0.03 0.03
0 0.7933333333333333 0.115 0.02666666666666667 0.023333333333333334
0 0.8466666666666667 0.21666666666666667 0.03 0.03
0 0.9383333333333334 0.17666666666666667 0.03 0.02666666666666667
0 0.97 0.58 0.03333333333333333 0.03333333333333333
0 0.6966666666666667 0.7283333333333334 0.03333333333333333 0.02666666666666667
0 0.6433333333333333 0.7333333333333333 0.02666666666666667 0.02
0 0.7166666666666667 0.9616666666666667 0.03 0.02666666666666667
0 0.7066666666666667 0.865 0.03 0.02666666666666667
0 0.6833333333333333 0.7783333333333333 0.023333333333333334 0.02
0 0.7766666666666666 0.4066666666666667 0.02666666666666667 0.03666666666666667
0 0.7516666666666667 0.20333333333333334 0.02 0.023333333333333334
0 0.9 0.31333333333333335 0.03333333333333333 0.03
0 0.755 0.7466666666666667 0.023333333333333334 0.02666666666666667
0 0.8483333333333334 0.7016666666666667 0.02666666666666667 0.03333333333333333
0 0.55 0.7783333333333333 0.023333333333333334 0.02666666666666667
0 0.845 0.905 0.03 0.03
0 0.7266666666666667 0.9766666666666667 0.02 0.023333333333333334
0 0.54 0.2733333333333333 0.02 0.02
0 0.5683333333333334 0.26666666666666666 0.023333333333333334 0.02666666666666667
0 0.8383333333333334 0.6733333333333333 0.02 0.03
0 0.8566666666666667 0.9566666666666667 0.02666666666666667 0.02666666666666667
0 0.7483333333333333 0.8833333333333333 0.023333333333333334 0.023333333333333334
0 0.8683333333333333 0.24333333333333335 0.03 0.03
0 0.7816666666666666 0.16666666666666666 0.023333333333333334 0.023333333333333334
0 0.9533333333333334 0.7283333333333334 0.03 0.03
0 0.9783333333333334 0.27 0.023333333333333334 0.023333333333333334
0 0.7316666666666667 0.7383333333333333 0.023333333333333334 0.023333333333333334
0 0.8866666666666667 0.05 0.02666666666666667 0.023333333333333334
0 0.021666666666666667 0.9533333333333334 0.03333333333333333 0.03666666666666667
0 0.008333333333333333 0.895 0.016666666666666666 0.02
0 0.041666666666666664 0.725 0.02 0.02
0 0.12166666666666667 0.4266666666666667 0.021666666666666667 0.025
0 0.7283333333333334 0.915 0.025 0.023333333333333334
0 0.8183333333333334 0.6016666666666667 0.021666666666666667 0.023333333333333334