0 0.12666666666666668 0.5216666666666666 0.023333333333333334 0.02666666666666667
0 0.095 0.5716666666666667 0.03 0.02666666666666667
0 0.24333333333333335 0.8383333333333334 0.03 0.03
0 0.051666666666666666 0.9166666666666666 0.03 0.02666666666666667
0 0.07166666666666667 0.615 0.02 0.03
0 0.11 0.4266666666666667 0.02 0.02666666666666667
0 0.13166666666666665 0.44666666666666666 0.02666666666666667 0.023333333333333334
0 0.4533333333333333 0.7633333333333333 0.023333333333333334 0.02
0 0.37333333333333335 0.43833333333333335 0.02666666666666667 0.02666666666666667
0 0.09166666666666666 0.43833333333333335 0.023333333333333334 0.023333333333333334
0 0.3933333333333333 0.785 0.02666666666666667 0.023333333333333334
0 0.14833333333333334 0.5883333333333334 0.023333333333333334 0.02
0 0.755 0.5466666666666666 0.03 0.023333333333333334
0 0.8616666666666667 0.6266666666666667 0.02666666666666667 0.02666666666666667
0 0.6483333333333333 0.8383333333333334 0.02 0.023333333333333334
0 0.9016666666666666 0.4216666666666667 0.02666666666666667 0.023333333333333334
0 0.8983333333333333 0.3983333333333333 0.02 0.02
0 0.5433333333333333 0.9016666666666666 0.03 0.03
0 0.7883333333333333 0.505 0.023333333333333334 0.02666666666666667
0 0.9433333333333334 0.4266666666666667 0.02666666666666667 0.02666666666666667
0 0.625 0.84 0.02666666666666667 0.03166666666666667