0 0.10666666666666667 0.06666666666666667 0.03 0.02666666666666667
0 0.09833333333333333 0.008333333333333333 0.02666666666666667 0.016666666666666666
0 0.28833333333333333 0.24166666666666667 0.03 0.02
0 0.375 0.20833333333333334 0.02666666666666667 0.025
0 0.3933333333333333 0.21833333333333332 0.02 0.02
0 0.4683333333333333 0.345 0.023333333333333334 0.02
0 0.32666666666666666 0.4216666666666667 0.023333333333333334 0.02666666666666667
0 0.03333333333333333 0.06666666666666667 0.02666666666666667 0.02
0 0.3016666666666667 0.31166666666666665 0.023333333333333334 0.02
0 0.08 0.14666666666666667 0.025 0.025
0 0.26 0.085 0.02666666666666667 0.03166666666666667
0 0.49333333333333335 0.2866666666666667 0.02666666666666667 0.02666666666666667
0 0.06833333333333333 0.06333333333333334 0.02666666666666667 0.02
0 0.06833333333333333 0.07833333333333334 0.02 0.02
0 0.5733333333333334 0.27666666666666667 0.03 0.04
0 0.5816666666666667 0.3233333333333333 0.03 0.03666666666666667
0 0.97 0.6616666666666666 0.028333333333333332 0.03166666666666667
0 0.885 0.64 0.02666666666666667 0.028333333333333332
0 0.28833333333333333 0.815 0.02 0.023333333333333334
0 0.5133333333333333 0.31833333333333336 0.028333333333333332 0.02666666666666667
0 0.5083333333333333 0.37833333333333335 0.023333333333333334 0.025
0 0.5216666666666666 0.3466666666666667 0.03 0.023333333333333334