0 0.6983333333333334 0.735 0.035 0.02666666666666667
0 0.98 0.9833333333333333 0.028333333333333332 0.02666666666666667
0 0.7983333333333333 0.6083333333333333 0.02666666666666667 0.03
0 0.7016666666666667 0.5866666666666667 0.02666666666666667 0.03
0 0.6716666666666666 0.565 0.02666666666666667 0.02666666666666667
0 0.71 0.5533333333333333 0.03333333333333333 0.03166666666666667
0 0.7966666666666666 0.58 0.023333333333333334 0.02
0 0.665 0.7266666666666667 0.03 0.03
0 0.185 0.965 0.03666666666666667 0.03666666666666667
0 0.735 0.7666666666666667 0.03666666666666667 0.03
0 0.9066666666666666 0.55 0.03 0.03666666666666667
0 0.6916666666666667 0.6416666666666667 0.03 0.03
0 0.7416666666666667 0.9866666666666667 0.03 0.02666666666666667
0 0.9566666666666667 0.53 0.03 0.02666666666666667
0 0.785 0.5433333333333333 0.03 0.023333333333333334
0 0.11166666666666666 0.985 0.03 0.02666666666666667
0 0.485 0.6016666666666667 0.025 0.02666666666666667
0 0.88 0.53 0.02666666666666667 0.023333333333333334
0 0.86 0.535 0.02666666666666667 0.02666666666666667
0 0.77 0.505 0.03 0.02666666666666667
0 0.7383333333333333 0.5333333333333333 0.02666666666666667 0.03166666666666667
0 0.07666666666666666 0.155 0.023333333333333334 0.02
0 0.455 0.145 0.023333333333333334 0.025
0 0.22666666666666666 0.20833333333333334 0.028333333333333332 0.03
0 0.33666666666666667 0.09166666666666666 0.02666666666666667 0.02666666666666667
0 0.06 0.22166666666666668 0.03166666666666667 0.03166666666666667
0 0.6916666666666667 0.25833333333333336 0.02 0.023333333333333334
0 0.05 0.04 0.023333333333333334 0.023333333333333334
0 0.8316666666666667 0.42 0.02 0.02
0 0.39666666666666667 0.4583333333333333 0.03 0.023333333333333334
0 0.7433333333333333 0.46166666666666667 0.02666666666666667 0.03
0 0.04833333333333333 0.18666666666666668 0.02666666666666667 0.02666666666666667
0 0.805 0.5033333333333333 0.02666666666666667 0.02666666666666667
0 0.92 0.49166666666666664 0.023333333333333334 0.02666666666666667
0 0.31333333333333335 0.385 0.025 0.03166666666666667
0 0.043333333333333335 0.285 0.02666666666666667 0.03
0 0.43666666666666665 0.3433333333333333 0.03166666666666667 0.028333333333333332
0 0.665 0.7833333333333333 0.021666666666666667 0.035