0 0.8283333333333334 0.25666666666666665 0.025 0.028333333333333332
0 0.14333333333333334 0.008333333333333333 0.02666666666666667 0.016666666666666666
0 0.09833333333333333 0.011666666666666667 0.03 0.023333333333333334
0 0.21 0.32666666666666666 0.02 0.023333333333333334
0 0.325 0.43 0.03 0.028333333333333332
0 0.11333333333333333 0.4816666666666667 0.02 0.02
0 0.10833333333333334 0.44666666666666666 0.02 0.023333333333333334
0 0.08833333333333333 0.495 0.023333333333333334 0.02
0 0.15333333333333332 0.555 0.023333333333333334 0.023333333333333334
0 0.195 0.5966666666666667 0.023333333333333334 0.02
0 0.20166666666666666 0.8133333333333334 0.023333333333333334 0.03
0 0.2783333333333333 0.8583333333333333 0.02 0.02666666666666667
0 0.295 0.8466666666666667 0.025 0.028333333333333332
0 0.14666666666666667 0.6866666666666666 0.025 0.023333333333333334
0 0.07166666666666667 0.8866666666666667 0.025 0.023333333333333334
0 0.235 0.8133333333333334 0.023333333333333334 0.023333333333333334
0 0.13666666666666666 0.5366666666666666 0.023333333333333334 0.023333333333333334
0 0.05333333333333334 0.03666666666666667 0.025 0.025
0 0.14666666666666667 0.035 0.028333333333333332 0.028333333333333332
0 0.73 0.55 0.023333333333333334 0.028333333333333332
0 0.07166666666666667 0.7266666666666667 0.02666666666666667 0.03