0 0.49333333333333335 0.09 0.023333333333333334 0.023333333333333334
0 0.9616666666666667 0.7916666666666666 0.03333333333333333 0.03
0 0.7266666666666667 0.051666666666666666 0.025 0.02666666666666667
0 0.7116666666666667 0.14833333333333334 0.023333333333333334 0.023333333333333334
0 0.7333333333333333 0.19333333333333333 0.02666666666666667 0.02666666666666667
0 0.685 0.018333333333333333 0.023333333333333334 0.02666666666666667
0 0.6866666666666666 0.043333333333333335 0.02666666666666667 0.02
0 0.715 0.09 0.023333333333333334 0.023333333333333334
0 0.6516666666666666 0.11166666666666666 0.03 0.03
0 0.8183333333333334 0.041666666666666664 0.02666666666666667 0.02666666666666667
0 0.7283333333333334 0.2633333333333333 0.02666666666666667 0.023333333333333334
0 0.8433333333333334 0.006666666666666667 0.02666666666666667 0.013333333333333334