0 0.2633333333333333 0.12833333333333333 0.023333333333333334 0.02
0 0.2966666666666667 0.13833333333333334 0.023333333333333334 0.023333333333333334
0 0.07666666666666666 0.08 0.02666666666666667 0.02666666666666667
0 0.25833333333333336 0.043333333333333335 0.023333333333333334 0.023333333333333334
0 0.44333333333333336 0.22666666666666666 0.023333333333333334 0.023333333333333334
0 0.425 0.22666666666666666 0.016666666666666666 0.02
0 0.10166666666666667 0.74 0.03 0.03
0 0.13333333333333333 0.76 0.025 0.028333333333333332
0 0.15666666666666668 0.7633333333333333 0.02 0.03
0 0.14833333333333334 0.8083333333333333 0.02666666666666667 0.02666666666666667
0 0.075 0.825 0.025 0.02666666666666667
0 0.4116666666666667 0.8683333333333333 0.02666666666666667 0.02666666666666667
0 0.07 0.875 0.02666666666666667 0.03
0 0.20666666666666667 0.8716666666666667 0.023333333333333334 0.03333333333333333
0 0.12 0.885 0.025 0.03
0 0.056666666666666664 0.9316666666666666 0.02666666666666667 0.02666666666666667
0 0.22666666666666666 0.9666666666666667 0.023333333333333334 0.03
0 0.4216666666666667 0.8966666666666666 0.02666666666666667 0.03
0 0.2683333333333333 0.8633333333333333 0.03 0.03
0 0.445 0.9 0.023333333333333334 0.02
0 0.6433333333333333 0.09166666666666666 0.02666666666666667 0.03
0 0.6433333333333333 0.135 0.02666666666666667 0.02666666666666667
0 0.8216666666666667 0.20666666666666667 0.02666666666666667 0.023333333333333334
0 0.8483333333333334 0.215 0.02 0.02666666666666667
0 0.8683333333333333 0.25 0.03 0.02666666666666667
0 0.8333333333333334 0.26666666666666666 0.02666666666666667 0.02666666666666667
0 0.6733333333333333 0.33 0.023333333333333334 0.02666666666666667
0 0.9233333333333333 0.69 0.023333333333333334 0.02
0 0.9266666666666666 0.7333333333333333 0.02666666666666667 0.03
0 0.9416666666666667 0.785 0.023333333333333334 0.02666666666666667
0 0.6066666666666667 0.9466666666666667 0.02666666666666667 0.023333333333333334
0 0.6916666666666667 0.9583333333333334 0.02666666666666667 0.03
0 0.8333333333333334 0.8233333333333334 0.02666666666666667 0.03
0 0.9683333333333334 0.8233333333333334 0.02666666666666667 0.02666666666666667
0 0.5183333333333333 0.15833333333333333 0.023333333333333334 0.023333333333333334
0 0.3566666666666667 0.94 0.02666666666666667 0.02666666666666667