0 0.021666666666666667 0.49833333333333335 0.023333333333333334 0.023333333333333334
0 0.45166666666666666 0.44333333333333336 0.03166666666666667 0.02666666666666667
0 0.155 0.3566666666666667 0.02 0.02
0 0.14666666666666667 0.21666666666666667 0.03666666666666667 0.03166666666666667
0 0.07333333333333333 0.3416666666666667 0.025 0.028333333333333332
0 0.05333333333333334 0.3433333333333333 0.028333333333333332 0.03833333333333333
0 0.09833333333333333 0.33166666666666667 0.03 0.02666666666666667
0 0.21666666666666667 0.2916666666666667 0.023333333333333334 0.023333333333333334
0 0.29333333333333333 0.25166666666666665 0.02 0.023333333333333334
0 0.27166666666666667 0.25666666666666665 0.023333333333333334 0.02666666666666667
0 0.31666666666666665 0.29 0.023333333333333334 0.02666666666666667
0 0.23333333333333334 0.22666666666666666 0.02 0.023333333333333334
0 0.25166666666666665 0.4 0.02666666666666667 0.028333333333333332
0 0.08166666666666667 0.3983333333333333 0.028333333333333332 0.03
0 0.26166666666666666 0.18333333333333332 0.02666666666666667 0.02666666666666667
0 0.021666666666666667 0.355 0.03 0.03
0 0.44166666666666665 0.6933333333333334 0.03 0.03
0 0.285 0.6516666666666666 0.02666666666666667 0.02666666666666667
0 0.41 0.275 0.02666666666666667 0.03
0 0.22666666666666666 0.20666666666666667 0.02666666666666667 0.02
0 0.30833333333333335 0.17666666666666667 0.02 0.02
0 0.315 0.20333333333333334 0.023333333333333334 0.023333333333333334
0 0.31666666666666665 0.25166666666666665 0.023333333333333334 0.03
0 0.9433333333333334 0.16166666666666665 0.028333333333333332 0.02666666666666667
0 0.835 0.24 0.023333333333333334 0.02666666666666667
0 0.7216666666666667 0.16833333333333333 0.023333333333333334 0.02666666666666667
0 0.7816666666666666 0.18333333333333332 0.028333333333333332 0.03333333333333333
0 0.7766666666666666 0.11833333333333333 0.02666666666666667 0.02666666666666667
0 0.7533333333333333 0.12166666666666667 0.023333333333333334 0.02
0 0.7383333333333333 0.10166666666666667 0.02666666666666667 0.02666666666666667
0 0.62 0.08666666666666667 0.023333333333333334 0.02666666666666667
0 0.6633333333333333 0.52 0.023333333333333334 0.02666666666666667
0 0.6416666666666667 0.28833333333333333 0.02666666666666667 0.02666666666666667
0 0.9416666666666667 0.31833333333333336 0.023333333333333334 0.02666666666666667
0 0.9433333333333334 0.23166666666666666 0.023333333333333334 0.03
0 0.8516666666666667 0.09666666666666666 0.02666666666666667 0.028333333333333332
0 0.6833333333333333 0.055 0.021666666666666667 0.02
0 0.7666666666666667 0.245 0.02666666666666667 0.02666666666666667
0 0.8833333333333333 0.07166666666666667 0.023333333333333334 0.023333333333333334
0 0.5966666666666667 0.055 0.02666666666666667 0.02666666666666667
0 0.9583333333333334 0.3883333333333333 0.02666666666666667 0.02666666666666667
0 0.9666666666666667 0.31666666666666665 0.023333333333333334 0.023333333333333334
0 0.8633333333333333 0.43166666666666664 0.02666666666666667 0.02666666666666667
0 0.8 0.11 0.02666666666666667 0.02666666666666667
0 0.91 0.11166666666666666 0.023333333333333334 0.02
0 0.66 0.09166666666666666 0.023333333333333334 0.02666666666666667
0 0.9533333333333334 0.29833333333333334 0.02 0.02666666666666667
0 0.31666666666666665 0.25166666666666665 0.023333333333333334 0.03
0 0.5783333333333334 0.15333333333333332 0.028333333333333332 0.03