0 0.11 0.9866666666666667 0.02666666666666667 0.02666666666666667
0 0.185 0.555 0.02666666666666667 0.03333333333333333
0 0.335 0.55 0.025 0.023333333333333334
0 0.21333333333333335 0.61 0.025 0.023333333333333334
0 0.18 0.3883333333333333 0.023333333333333334 0.02666666666666667
0 0.39 0.19 0.03 0.02666666666666667
0 0.18333333333333332 0.04833333333333333 0.03 0.03
0 0.26166666666666666 0.11 0.03 0.03
0 0.32 0.013333333333333334 0.03 0.02666666666666667
0 0.9133333333333333 0.7833333333333333 0.02666666666666667 0.023333333333333334
0 0.7416666666666667 0.7183333333333334 0.03 0.023333333333333334
0 0.775 0.9266666666666666 0.023333333333333334 0.03
0 0.8233333333333334 0.95 0.02666666666666667 0.023333333333333334
0 0.7616666666666667 0.9383333333333334 0.02666666666666667 0.02
0 0.8833333333333333 0.8383333333333334 0.02666666666666667 0.02
0 0.9166666666666666 0.845 0.03 0.023333333333333334
0 0.76 0.5516666666666666 0.02666666666666667 0.023333333333333334
0 0.905 0.985 0.023333333333333334 0.023333333333333334
0 0.8133333333333334 0.9266666666666666 0.023333333333333334 0.02666666666666667
0 0.9916666666666667 0.625 0.016666666666666666 0.025
0 0.94 0.805 0.025 0.028333333333333332
0 0.25166666666666665 0.9283333333333333 0.03 0.03
0 0.06166666666666667 0.805 0.02 0.021666666666666667