0 0.63 0.465 0.03 0.02666666666666667
0 0.6216666666666667 0.20833333333333334 0.03 0.023333333333333334
0 0.6816666666666666 0.1 0.03 0.02666666666666667
0 0.5833333333333334 0.8633333333333333 0.02 0.023333333333333334
0 0.6616666666666666 0.8333333333333334 0.03 0.02
0 0.6533333333333333 0.8133333333333334 0.023333333333333334 0.023333333333333334
0 0.57 0.81 0.02666666666666667 0.023333333333333334
0 0.695 0.7933333333333333 0.023333333333333334 0.02
0 0.725 0.7766666666666666 0.03 0.03
0 0.195 0.06333333333333334 0.02666666666666667 0.023333333333333334
0 0.37166666666666665 0.03666666666666667 0.023333333333333334 0.03
0 0.42 0.08833333333333333 0.02666666666666667 0.03
0 0.15833333333333333 0.36833333333333335 0.02666666666666667 0.02666666666666667
0 0.12666666666666668 0.12333333333333334 0.02666666666666667 0.023333333333333334
0 0.49166666666666664 0.15166666666666667 0.023333333333333334 0.023333333333333334
0 0.48833333333333334 0.028333333333333332 0.03 0.03
0 0.41333333333333333 0.8083333333333333 0.02666666666666667 0.023333333333333334