0 0.785 0.42333333333333334 0.025 0.03
0 0.6716666666666666 0.42333333333333334 0.021666666666666667 0.02666666666666667
0 0.6433333333333333 0.4033333333333333 0.02666666666666667 0.03333333333333333
0 0.8233333333333334 0.17166666666666666 0.02666666666666667 0.02666666666666667
0 0.8316666666666667 0.24833333333333332 0.02 0.02666666666666667
0 0.63 0.4583333333333333 0.03 0.02666666666666667
0 0.5466666666666666 0.4166666666666667 0.02 0.02666666666666667
0 0.9833333333333333 0.013333333333333334 0.03 0.02666666666666667
0 0.8233333333333334 0.006666666666666667 0.023333333333333334 0.013333333333333334
0 0.72 0.03166666666666667 0.02666666666666667 0.03
0 0.8433333333333334 0.18333333333333332 0.023333333333333334 0.023333333333333334
0 0.5716666666666667 0.3333333333333333 0.023333333333333334 0.023333333333333334
0 0.58 0.055 0.03 0.03
0 0.7 0.54 0.02666666666666667 0.03
0 0.8616666666666667 0.5516666666666666 0.03 0.02666666666666667
0 0.8933333333333333 0.5883333333333334 0.03 0.02666666666666667
0 0.895 0.5316666666666666 0.023333333333333334 0.02
0 0.595 0.7716666666666666 0.03166666666666667 0.025
0 0.7566666666666667 0.53 0.02 0.023333333333333334
0 0.06666666666666667 0.5366666666666666 0.02666666666666667 0.02666666666666667
0 0.9766666666666667 0.6016666666666667 0.02666666666666667 0.02666666666666667
0 0.3416666666666667 0.21666666666666667 0.03 0.02666666666666667
0 0.4683333333333333 0.4083333333333333 0.03 0.023333333333333334
0 0.4533333333333333 0.24333333333333335 0.02666666666666667 0.02
0 0.4666666666666667 0.33166666666666667 0.03 0.023333333333333334
0 0.015 0.3416666666666667 0.023333333333333334 0.016666666666666666
0 0.3983333333333333 0.17833333333333334 0.023333333333333334 0.023333333333333334
0 0.485 0.035 0.023333333333333334 0.02
0 0.5283333333333333 0.41833333333333333 0.02 0.02666666666666667
0 0.5 0.30666666666666664 0.023333333333333334 0.023333333333333334
0 0.5066666666666667 0.025 0.023333333333333334 0.023333333333333334
0 0.6616666666666666 0.49833333333333335 0.023333333333333334 0.023333333333333334
0 0.6416666666666667 0.49333333333333335 0.02 0.02666666666666667
0 0.8066666666666666 0.4866666666666667 0.02 0.02666666666666667
0 0.8216666666666667 0.19833333333333333 0.02 0.021666666666666667
0 0.725 0.9116666666666666 0.02666666666666667 0.028333333333333332
0 0.85 0.64 0.023333333333333334 0.03166666666666667