0 0.8533333333333334 0.395 0.023333333333333334 0.02666666666666667
0 0.9 0.4266666666666667 0.02666666666666667 0.023333333333333334
0 0.7916666666666666 0.23166666666666666 0.02666666666666667 0.02666666666666667
0 0.5516666666666666 0.03666666666666667 0.03 0.025
0 0.92 0.46166666666666667 0.02 0.02666666666666667
0 0.9633333333333334 0.5533333333333333 0.03 0.023333333333333334
0 0.9233333333333333 0.5016666666666667 0.023333333333333334 0.023333333333333334
0 0.9216666666666666 0.5716666666666667 0.02 0.023333333333333334
0 0.03833333333333333 0.13833333333333334 0.02666666666666667 0.03
0 0.15666666666666668 0.5783333333333334 0.03 0.03
0 0.4683333333333333 0.5716666666666667 0.03 0.03
0 0.37 0.485 0.02666666666666667 0.035