0 0.21166666666666667 0.56 0.03 0.02
0 0.30333333333333334 0.5933333333333334 0.02 0.02
0 0.43666666666666665 0.75 0.023333333333333334 0.023333333333333334
0 0.43666666666666665 0.725 0.02 0.023333333333333334
0 0.3283333333333333 0.7333333333333333 0.02666666666666667 0.023333333333333334
0 0.185 0.7516666666666667 0.02666666666666667 0.02666666666666667
0 0.20333333333333334 0.53 0.023333333333333334 0.02
0 0.43166666666666664 0.6133333333333333 0.023333333333333334 0.02666666666666667
0 0.30666666666666664 0.7116666666666667 0.02666666666666667 0.02666666666666667
0 0.415 0.6266666666666667 0.023333333333333334 0.023333333333333334
0 0.5566666666666666 0.5966666666666667 0.02666666666666667 0.03
0 0.5033333333333333 0.6516666666666666 0.02666666666666667 0.02666666666666667
0 0.5783333333333334 0.5283333333333333 0.023333333333333334 0.023333333333333334
0 0.8733333333333333 0.585 0.03166666666666667 0.03833333333333333
0 0.13166666666666665 0.25 0.04 0.03
0 0.10333333333333333 0.2783333333333333 0.02666666666666667 0.03
0 0.03166666666666667 0.28 0.023333333333333334 0.02666666666666667
0 0.058333333333333334 0.29833333333333334 0.02666666666666667 0.03333333333333333
0 0.075 0.3333333333333333 0.03166666666666667 0.03666666666666667
0 0.135 0.11666666666666667 0.03 0.02666666666666667
0 0.27166666666666667 0.03833333333333333 0.02666666666666667 0.023333333333333334
0 0.235 0.11166666666666666 0.023333333333333334 0.03
0 0.24833333333333332 0.10333333333333333 0.023333333333333334 0.02666666666666667
0 0.2733333333333333 0.13833333333333334 0.023333333333333334 0.02666666666666667
0 0.29333333333333333 0.165 0.023333333333333334 0.02666666666666667
0 0.47 0.175 0.03 0.03
0 0.47833333333333333 0.245 0.03 0.03
0 0.26166666666666666 0.41 0.02 0.03
0 0.25 0.44333333333333336 0.03 0.02666666666666667
0 0.46 0.49 0.023333333333333334 0.02666666666666667
0 0.365 0.4533333333333333 0.02666666666666667 0.03
0 0.24 0.041666666666666664 0.02666666666666667 0.02666666666666667
0 0.32 0.4266666666666667 0.02 0.02
0 0.5716666666666667 0.15333333333333332 0.023333333333333334 0.02
0 0.5166666666666667 0.14666666666666667 0.02 0.02666666666666667
0 0.595 0.12 0.02666666666666667 0.02666666666666667
0 0.5883333333333334 0.5116666666666667 0.023333333333333334 0.023333333333333334
0 0.9283333333333333 0.25166666666666665 0.02666666666666667 0.03
0 0.5866666666666667 0.455 0.023333333333333334 0.02666666666666667
0 0.62 0.32 0.03333333333333333 0.03333333333333333
0 0.6016666666666667 0.38666666666666666 0.02666666666666667 0.02666666666666667
0 0.6366666666666667 0.04833333333333333 0.02666666666666667 0.023333333333333334
0 0.595 0.03 0.02666666666666667 0.023333333333333334
0 0.5683333333333334 0.4033333333333333 0.023333333333333334 0.023333333333333334
0 0.635 0.36333333333333334 0.02666666666666667 0.023333333333333334
0 0.62 0.06333333333333334 0.02666666666666667 0.02666666666666667
0 0.7183333333333334 0.36333333333333334 0.023333333333333334 0.023333333333333334