0 0.6516666666666666 0.6733333333333333 0.03333333333333333 0.02666666666666667
0 0.9533333333333334 0.14666666666666667 0.02 0.02
0 0.685 0.7566666666666667 0.023333333333333334 0.023333333333333334
0 0.14333333333333334 0.6066666666666667 0.02666666666666667 0.03
0 0.14333333333333334 0.65 0.02666666666666667 0.02666666666666667
0 0.32 0.7216666666666667 0.02666666666666667 0.023333333333333334
0 0.34833333333333333 0.73 0.02 0.02666666666666667
0 0.37166666666666665 0.77 0.021666666666666667 0.025
0 0.3333333333333333 0.7816666666666666 0.02666666666666667 0.02666666666666667
0 0.17333333333333334 0.845 0.02666666666666667 0.02666666666666667
0 0.016666666666666666 0.6733333333333333 0.023333333333333334 0.023333333333333334
0 0.3233333333333333 0.14 0.023333333333333334 0.02666666666666667
0 0.13833333333333334 0.17333333333333334 0.02 0.02
0 0.16833333333333333 0.255 0.02666666666666667 0.02
0 0.245 0.37833333333333335 0.03 0.023333333333333334
0 0.27 0.49333333333333335 0.025 0.021666666666666667
0 0.41333333333333333 0.19833333333333333 0.02666666666666667 0.03
0 0.4533333333333333 0.03166666666666667 0.02 0.02
0 0.29833333333333334 0.47 0.02666666666666667 0.023333333333333334
0 0.14833333333333334 0.12666666666666668 0.02666666666666667 0.02666666666666667
0 0.3416666666666667 0.17166666666666666 0.02666666666666667 0.02666666666666667