0 0.245 0.5783333333333334 0.021666666666666667 0.023333333333333334
0 0.21833333333333332 0.5533333333333333 0.023333333333333334 0.025
0 0.5633333333333334 0.16666666666666666 0.023333333333333334 0.023333333333333334
0 0.83 0.06 0.02666666666666667 0.023333333333333334
0 0.535 0.21666666666666667 0.023333333333333334 0.023333333333333334
0 0.295 0.53 0.023333333333333334 0.02666666666666667
0 0.6 0.545 0.03 0.028333333333333332
0 0.5783333333333334 0.5616666666666666 0.03166666666666667 0.02666666666666667
0 0.61 0.515 0.03166666666666667 0.028333333333333332
0 0.38166666666666665 0.595 0.028333333333333332 0.02666666666666667
0 0.45166666666666666 0.03333333333333333 0.018333333333333333 0.02