0 0.6083333333333333 0.6683333333333333 0.03 0.023333333333333334
0 0.5483333333333333 0.7033333333333334 0.03 0.03
0 0.595 0.5983333333333334 0.02 0.023333333333333334
0 0.575 0.5866666666666667 0.02666666666666667 0.03
0 0.6033333333333334 0.7166666666666667 0.02 0.02
0 0.5883333333333334 0.7416666666666667 0.023333333333333334 0.023333333333333334
0 0.5866666666666667 0.8366666666666667 0.023333333333333334 0.02666666666666667
0 0.6133333333333333 0.74 0.023333333333333334 0.023333333333333334
0 0.615 0.8183333333333334 0.023333333333333334 0.02666666666666667
0 0.6166666666666667 0.8466666666666667 0.03333333333333333 0.023333333333333334
0 0.4166666666666667 0.315 0.03333333333333333 0.02666666666666667
0 0.7466666666666667 0.21333333333333335 0.025 0.02666666666666667
0 0.815 0.19833333333333333 0.018333333333333333 0.02
0 0.9166666666666666 0.28833333333333333 0.02666666666666667 0.03166666666666667
0 0.895 0.29 0.02 0.02
0 0.385 0.37166666666666665 0.03 0.02666666666666667
0 0.48 0.42333333333333334 0.03 0.03
0 0.5233333333333333 0.42333333333333334 0.02 0.023333333333333334
0 0.5533333333333333 0.45 0.02666666666666667 0.02666666666666667
0 0.4583333333333333 0.3883333333333333 0.023333333333333334 0.02
0 0.21333333333333335 0.4533333333333333 0.02 0.02
0 0.20333333333333334 0.35333333333333333 0.02 0.023333333333333334
0 0.6583333333333333 0.465 0.03166666666666667 0.023333333333333334
0 0.955 0.3383333333333333 0.02 0.023333333333333334
0 0.7983333333333333 0.43166666666666664 0.02666666666666667 0.023333333333333334
0 0.7316666666666667 0.3883333333333333 0.028333333333333332 0.021666666666666667
0 0.8216666666666667 0.25166666666666665 0.02 0.023333333333333334
0 0.47 0.08833333333333333 0.021666666666666667 0.021666666666666667
0 0.74 0.35333333333333333 0.02666666666666667 0.02
0 0.9633333333333334 0.295 0.02 0.023333333333333334
0 0.49666666666666665 0.47833333333333333 0.03333333333333333 0.03
0 0.54 0.48333333333333334 0.02666666666666667 0.02666666666666667
0 0.7016666666666667 0.21666666666666667 0.023333333333333334 0.02666666666666667
0 0.6316666666666667 0.14333333333333334 0.028333333333333332 0.023333333333333334
0 0.8283333333333334 0.2816666666666667 0.02 0.023333333333333334
0 0.9266666666666666 0.39 0.023333333333333334 0.023333333333333334
0 0.41333333333333333 0.28833333333333333 0.03 0.023333333333333334
0 0.765 0.29833333333333334 0.02666666666666667 0.02666666666666667
0 0.7233333333333334 0.03666666666666667 0.023333333333333334 0.023333333333333334
0 0.6716666666666666 0.13166666666666665 0.025 0.023333333333333334
0 0.9116666666666666 0.25833333333333336 0.023333333333333334 0.023333333333333334
0 0.33 0.16666666666666666 0.023333333333333334 0.023333333333333334
0 0.21 0.9083333333333333 0.03 0.03
0 0.5133333333333333 0.5883333333333334 0.03333333333333333 0.03
0 0.5333333333333333 0.8033333333333333 0.02666666666666667 0.023333333333333334
0 0.06166666666666667 0.855 0.023333333333333334 0.023333333333333334
0 0.06166666666666667 0.8333333333333334 0.03 0.02
0 0.49333333333333335 0.6416666666666667 0.02666666666666667 0.02666666666666667
0 0.52 0.6566666666666666 0.03 0.023333333333333334
0 0.4716666666666667 0.5883333333333334 0.023333333333333334 0.023333333333333334
0 0.13333333333333333 0.89 0.02666666666666667 0.02666666666666667
0 0.5266666666666666 0.7033333333333334 0.03 0.03
0 0.48833333333333334 0.695 0.02666666666666667 0.02666666666666667
0 0.515 0.7433333333333333 0.02666666666666667 0.02666666666666667
0 0.5166666666666667 0.5466666666666666 0.02666666666666667 0.02666666666666667
0 0.5516666666666666 0.5116666666666667 0.035 0.03333333333333333
0 0.23333333333333334 0.425 0.023333333333333334 0.021666666666666667
0 0.24666666666666667 0.37333333333333335 0.018333333333333333 0.023333333333333334
0 0.48 0.52 0.025 0.023333333333333334
0 0.7483333333333333 0.6216666666666667 0.02666666666666667 0.023333333333333334