0 0.30833333333333335 0.75 0.02666666666666667 0.03
0 0.33166666666666667 0.6733333333333333 0.02666666666666667 0.023333333333333334
0 0.18666666666666668 0.8783333333333333 0.02666666666666667 0.02666666666666667
0 0.16166666666666665 0.9 0.02666666666666667 0.02666666666666667
0 0.4 0.96 0.023333333333333334 0.02666666666666667
0 0.31333333333333335 0.8933333333333333 0.02666666666666667 0.02666666666666667
0 0.03166666666666667 0.9383333333333334 0.023333333333333334 0.023333333333333334
0 0.03833333333333333 0.9133333333333333 0.03 0.023333333333333334
0 0.37 0.8616666666666667 0.023333333333333334 0.023333333333333334
0 0.3383333333333333 0.9116666666666666 0.023333333333333334 0.023333333333333334
0 0.10666666666666667 0.9833333333333333 0.02 0.02
0 0.12 0.9766666666666667 0.02 0.023333333333333334
0 0.215 0.9333333333333333 0.023333333333333334 0.02666666666666667
0 0.15833333333333333 0.9233333333333333 0.02 0.03
0 0.4483333333333333 0.6733333333333333 0.02666666666666667 0.023333333333333334
0 0.4816666666666667 0.6916666666666667 0.02 0.023333333333333334
0 0.24666666666666667 0.6316666666666667 0.03 0.03
0 0.25833333333333336 0.9266666666666666 0.02666666666666667 0.02666666666666667
0 0.18833333333333332 0.945 0.02666666666666667 0.02
0 0.35833333333333334 0.6883333333333334 0.023333333333333334 0.02
0 0.4216666666666667 0.89 0.02666666666666667 0.02666666666666667
0 0.45666666666666667 0.8866666666666667 0.03 0.03
0 0.3016666666666667 0.9283333333333333 0.02666666666666667 0.02666666666666667
0 0.4666666666666667 0.5733333333333334 0.023333333333333334 0.023333333333333334
0 0.4716666666666667 0.6616666666666666 0.02666666666666667 0.02666666666666667
0 0.49166666666666664 0.72 0.02666666666666667 0.023333333333333334
0 0.2966666666666667 0.765 0.02 0.018333333333333333
0 0.5183333333333333 0.6533333333333333 0.02 0.02666666666666667
0 0.5266666666666666 0.6766666666666666 0.02 0.023333333333333334
0 0.6433333333333333 0.9416666666666667 0.02 0.02