0 0.345 0.5366666666666666 0.02 0.023333333333333334
0 0.32666666666666666 0.5466666666666666 0.02 0.02666666666666667
0 0.3933333333333333 0.5583333333333333 0.02 0.02666666666666667
0 0.43666666666666665 0.6033333333333334 0.025 0.03
0 0.4683333333333333 0.5816666666666667 0.025 0.03166666666666667
0 0.06 0.87 0.03333333333333333 0.02
0 0.11666666666666667 0.8666666666666667 0.02666666666666667 0.023333333333333334
0 0.18666666666666668 0.8283333333333334 0.023333333333333334 0.023333333333333334
0 0.19833333333333333 0.6383333333333333 0.02666666666666667 0.02666666666666667
0 0.47333333333333333 0.6533333333333333 0.02666666666666667 0.02666666666666667
0 0.14333333333333334 0.8783333333333333 0.023333333333333334 0.023333333333333334
0 0.325 0.8983333333333333 0.03 0.02666666666666667
0 0.5983333333333334 0.6333333333333333 0.02 0.023333333333333334
0 0.7466666666666667 0.5316666666666666 0.03 0.023333333333333334
0 0.8116666666666666 0.7616666666666667 0.03 0.02
0 0.8183333333333334 0.775 0.03333333333333333 0.02
0 0.8633333333333333 0.7816666666666666 0.03 0.023333333333333334
0 0.845 0.7533333333333333 0.02666666666666667 0.02
0 0.7833333333333333 0.82 0.03 0.03333333333333333
0 0.8066666666666666 0.9633333333333334 0.03 0.02666666666666667
0 0.5983333333333334 0.9616666666666667 0.02 0.02
0 0.6366666666666667 0.9683333333333334 0.02 0.02
0 0.6166666666666667 0.875 0.02666666666666667 0.02
0 0.8133333333333334 0.9383333333333334 0.02 0.03
0 0.9116666666666666 0.8733333333333333 0.023333333333333334 0.02
0 0.88 0.8916666666666667 0.02 0.02
0 0.55 0.5533333333333333 0.023333333333333334 0.02666666666666667
0 0.645 0.69 0.03 0.023333333333333334
0 0.63 0.7183333333333334 0.03 0.03
0 0.53 0.7016666666666667 0.023333333333333334 0.023333333333333334
0 0.75 0.625 0.03 0.03
0 0.7483333333333333 0.7716666666666666 0.02666666666666667 0.02
0 0.6866666666666666 0.7066666666666667 0.023333333333333334 0.02
0 0.7733333333333333 0.6883333333333334 0.023333333333333334 0.02
0 0.5666666666666667 0.685 0.023333333333333334 0.03
0 0.7816666666666666 0.7766666666666666 0.02666666666666667 0.02666666666666667
0 0.68 0.6566666666666666 0.03 0.02666666666666667
0 0.605 0.6466666666666666 0.02666666666666667 0.02666666666666667
0 0.7783333333333333 0.6466666666666666 0.03 0.03
0 0.056666666666666664 0.3466666666666667 0.02 0.023333333333333334
0 0.31833333333333336 0.25 0.02666666666666667 0.02
0 0.38166666666666665 0.26666666666666666 0.023333333333333334 0.02666666666666667
0 0.3433333333333333 0.008333333333333333 0.02 0.016666666666666666
0 0.4483333333333333 0.08 0.03 0.02666666666666667
0 0.43666666666666665 0.10166666666666667 0.02666666666666667 0.03
0 0.42333333333333334 0.08 0.03 0.03
0 0.4166666666666667 0.058333333333333334 0.02666666666666667 0.023333333333333334
0 0.44 0.056666666666666664 0.023333333333333334 0.02
0 0.38666666666666666 0.18166666666666667 0.03 0.02666666666666667
0 0.39666666666666667 0.20833333333333334 0.03 0.03
0 0.4683333333333333 0.11 0.023333333333333334 0.023333333333333334
0 0.33666666666666667 0.15 0.02666666666666667 0.02666666666666667
0 0.4116666666666667 0.285 0.023333333333333334 0.023333333333333334
0 0.49833333333333335 0.09666666666666666 0.023333333333333334 0.02666666666666667
0 0.43833333333333335 0.45166666666666666 0.023333333333333334 0.021666666666666667
0 0.22333333333333333 0.34833333333333333 0.023333333333333334 0.023333333333333334
0 0.20333333333333334 0.33166666666666667 0.02666666666666667 0.02666666666666667
0 0.3 0.2816666666666667 0.02 0.02
0 0.26166666666666666 0.295 0.023333333333333334 0.023333333333333334
0 0.15 0.34833333333333333 0.023333333333333334 0.023333333333333334
0 0.3466666666666667 0.34 0.023333333333333334 0.023333333333333334
0 0.5783333333333334 0.20333333333333334 0.025 0.023333333333333334
0 0.6783333333333333 0.365 0.02666666666666667 0.023333333333333334
0 0.5483333333333333 0.445 0.03 0.03166666666666667
0 0.6166666666666667 0.4766666666666667 0.03 0.03166666666666667
0 0.6416666666666667 0.425 0.03 0.023333333333333334
0 0.7016666666666667 0.4483333333333333 0.02666666666666667 0.03
0 0.115 0.5366666666666666 0.023333333333333334 0.03333333333333333
0 0.16833333333333333 0.5116666666666667 0.02 0.023333333333333334
0 0.23 0.5133333333333333 0.023333333333333334 0.023333333333333334
0 0.33 0.5 0.023333333333333334 0.023333333333333334
0 0.36 0.48833333333333334 0.023333333333333334 0.023333333333333334
0 0.008333333333333333 0.5033333333333333 0.016666666666666666 0.03333333333333333
0 0.3383333333333333 0.36333333333333334 0.03333333333333333 0.021666666666666667
0 0.52 0.6683333333333333 0.02 0.03166666666666667
0 0.5433333333333333 0.10833333333333334 0.02666666666666667 0.028333333333333332
0 0.39 0.035 0.02666666666666667 0.03333333333333333