0 0.2733333333333333 0.008333333333333333 0.02666666666666667 0.016666666666666666
0 0.31833333333333336 0.02666666666666667 0.023333333333333334 0.023333333333333334
0 0.275 0.08166666666666667 0.028333333333333332 0.028333333333333332
0 0.32 0.09666666666666666 0.03 0.023333333333333334
0 0.43333333333333335 0.17833333333333334 0.02 0.02666666666666667
0 0.056666666666666664 0.2783333333333333 0.03 0.02666666666666667
0 0.21666666666666667 0.29 0.02666666666666667 0.02666666666666667
0 0.03833333333333333 0.10333333333333333 0.023333333333333334 0.02
0 0.07166666666666667 0.02666666666666667 0.03 0.03
0 0.48 0.3016666666666667 0.02 0.02666666666666667
0 0.31 0.05 0.03 0.03
0 0.3233333333333333 0.06833333333333333 0.04 0.023333333333333334
0 0.7183333333333334 0.5116666666666667 0.03 0.02666666666666667
0 0.72 0.5483333333333333 0.023333333333333334 0.02
0 0.7616666666666667 0.7433333333333333 0.03 0.03
0 0.7616666666666667 0.6783333333333333 0.03 0.02666666666666667
0 0.6883333333333334 0.7116666666666667 0.03 0.023333333333333334
0 0.7283333333333334 0.7133333333333334 0.023333333333333334 0.02666666666666667
0 0.8016666666666666 0.725 0.03333333333333333 0.03
0 0.7933333333333333 0.76 0.02666666666666667 0.02
0 0.8083333333333333 0.8416666666666667 0.02666666666666667 0.03
0 0.8416666666666667 0.8016666666666666 0.03 0.023333333333333334
0 0.8183333333333334 0.8883333333333333 0.03 0.02666666666666667
0 0.8533333333333334 0.695 0.023333333333333334 0.02
0 0.8233333333333334 0.5633333333333334 0.02666666666666667 0.02
0 0.9333333333333333 0.7483333333333333 0.02666666666666667 0.02666666666666667
0 0.8433333333333334 0.6633333333333333 0.02 0.03
0 0.9366666666666666 0.56 0.02666666666666667 0.02666666666666667
0 0.7933333333333333 0.57 0.02666666666666667 0.02666666666666667
0 0.8083333333333333 0.9283333333333333 0.02666666666666667 0.023333333333333334
0 0.8233333333333334 0.3983333333333333 0.03 0.02666666666666667
0 0.7833333333333333 0.38666666666666666 0.03 0.02666666666666667
0 0.7666666666666667 0.42333333333333334 0.03 0.023333333333333334
0 0.5866666666666667 0.45166666666666666 0.03 0.02666666666666667
0 0.765 0.48333333333333334 0.02666666666666667 0.02
0 0.76 0.4666666666666667 0.03 0.023333333333333334
0 0.5483333333333333 0.33666666666666667 0.03 0.03
0 0.5416666666666666 0.3 0.02666666666666667 0.023333333333333334
0 0.6583333333333333 0.29 0.023333333333333334 0.023333333333333334
0 0.6066666666666667 0.10833333333333334 0.03 0.03
0 0.5466666666666666 0.1 0.03 0.023333333333333334
0 0.55 0.17666666666666667 0.03166666666666667 0.028333333333333332
0 0.5483333333333333 0.035 0.02666666666666667 0.03
0 0.06666666666666667 0.7116666666666667 0.03333333333333333 0.03
0 0.11333333333333333 0.7433333333333333 0.02666666666666667 0.02666666666666667
0 0.12666666666666668 0.7116666666666667 0.02666666666666667 0.02
0 0.6433333333333333 0.24833333333333332 0.03333333333333333 0.03166666666666667
0 0.8816666666666667 0.49 0.021666666666666667 0.023333333333333334
0 0.6083333333333333 0.285 0.028333333333333332 0.02666666666666667