0 0.405 0.06666666666666667 0.023333333333333334 0.023333333333333334
0 0.42333333333333334 0.08833333333333333 0.02 0.023333333333333334
0 0.31333333333333335 0.8983333333333333 0.02666666666666667 0.02
0 0.395 0.42333333333333334 0.02 0.02
0 0.33 0.4483333333333333 0.02666666666666667 0.023333333333333334
0 0.38333333333333336 0.4033333333333333 0.02 0.02
0 0.44 0.3333333333333333 0.02 0.023333333333333334
0 0.455 0.37666666666666665 0.02 0.016666666666666666
0 0.4216666666666667 0.5516666666666666 0.02 0.02
0 0.4266666666666667 0.25333333333333335 0.03 0.023333333333333334
0 0.3883333333333333 0.21166666666666667 0.02 0.023333333333333334
0 0.4066666666666667 0.04666666666666667 0.023333333333333334 0.023333333333333334
0 0.25166666666666665 0.13166666666666665 0.02 0.02
0 0.20166666666666666 0.13333333333333333 0.02 0.02
0 0.615 0.6983333333333334 0.03833333333333333 0.03333333333333333
0 0.75 0.41333333333333333 0.028333333333333332 0.03
0 0.8633333333333333 0.10166666666666667 0.03 0.03
0 0.7216666666666667 0.04666666666666667 0.02666666666666667 0.023333333333333334
0 0.7033333333333334 0.028333333333333332 0.02 0.023333333333333334
0 0.9083333333333333 0.023333333333333334 0.02 0.02
0 0.985 0.6066666666666667 0.02 0.023333333333333334
0 0.9833333333333333 0.845 0.02 0.02666666666666667
0 0.5683333333333334 0.16 0.03 0.02
0 0.5333333333333333 0.14833333333333334 0.02 0.023333333333333334
0 0.7316666666666667 0.021666666666666667 0.02666666666666667 0.02
0 0.83 0.015 0.02 0.023333333333333334
0 0.9 0.075 0.023333333333333334 0.02
0 0.635 0.6733333333333333 0.03 0.03
0 0.47 0.03 0.03 0.03
0 0.29833333333333334 0.25666666666666665 0.02666666666666667 0.023333333333333334