0 0.6083333333333333 0.9066666666666666 0.02666666666666667 0.02666666666666667
0 0.47333333333333333 0.445 0.02666666666666667 0.02666666666666667
0 0.425 0.2633333333333333 0.02666666666666667 0.023333333333333334
0 0.47833333333333333 0.4683333333333333 0.02666666666666667 0.02666666666666667
0 0.45166666666666666 0.24333333333333335 0.02666666666666667 0.023333333333333334
0 0.5133333333333333 0.465 0.02666666666666667 0.02666666666666667
0 0.465 0.6533333333333333 0.023333333333333334 0.023333333333333334
0 0.37 0.8316666666666667 0.02666666666666667 0.023333333333333334
0 0.455 0.575 0.03 0.03
0 0.295 0.775 0.02666666666666667 0.02666666666666667
0 0.31833333333333336 0.725 0.02666666666666667 0.02666666666666667
0 0.435 0.985 0.02666666666666667 0.02666666666666667
0 0.29833333333333334 0.8216666666666667 0.03 0.03
0 0.455 0.8783333333333333 0.03 0.03
0 0.35333333333333333 0.7833333333333333 0.02666666666666667 0.023333333333333334
0 0.2833333333333333 0.805 0.02666666666666667 0.02666666666666667
0 0.45166666666666666 0.5283333333333333 0.023333333333333334 0.023333333333333334
0 0.42333333333333334 0.6933333333333334 0.023333333333333334 0.023333333333333334
0 0.31 0.6316666666666667 0.02666666666666667 0.02666666666666667
0 0.36666666666666664 0.7333333333333333 0.023333333333333334 0.023333333333333334
0 0.43666666666666665 0.8166666666666667 0.02666666666666667 0.02666666666666667
0 0.435 0.495 0.02666666666666667 0.02666666666666667
0 0.3466666666666667 0.8166666666666667 0.023333333333333334 0.023333333333333334
0 0.3883333333333333 0.7566666666666667 0.021666666666666667 0.023333333333333334
0 0.38666666666666666 0.6316666666666667 0.023333333333333334 0.023333333333333334
0 0.45 0.7266666666666667 0.02666666666666667 0.02666666666666667
0 0.39666666666666667 0.6666666666666666 0.023333333333333334 0.023333333333333334
0 0.44666666666666666 0.6116666666666667 0.03 0.03666666666666667
0 0.5616666666666666 0.49833333333333335 0.02666666666666667 0.023333333333333334
0 0.5266666666666666 0.5416666666666666 0.02666666666666667 0.02666666666666667
0 0.49666666666666665 0.6033333333333334 0.03 0.03