0 0.44166666666666665 0.20333333333333334 0.02666666666666667 0.023333333333333334
0 0.435 0.9283333333333333 0.02666666666666667 0.023333333333333334
0 0.29833333333333334 0.7566666666666667 0.03 0.03333333333333333
0 0.415 0.8083333333333333 0.03 0.03
0 0.365 0.8066666666666666 0.023333333333333334 0.023333333333333334
0 0.43666666666666665 0.8816666666666667 0.023333333333333334 0.023333333333333334
0 0.44 0.6916666666666667 0.023333333333333334 0.023333333333333334
0 0.32666666666666666 0.885 0.023333333333333334 0.023333333333333334
0 0.31166666666666665 0.86 0.02666666666666667 0.02666666666666667
0 0.805 0.5866666666666667 0.03333333333333333 0.02666666666666667
0 0.8733333333333333 0.8583333333333333 0.02666666666666667 0.03
0 0.8733333333333333 0.9066666666666666 0.02666666666666667 0.02666666666666667
0 0.6683333333333333 0.9283333333333333 0.02666666666666667 0.02666666666666667
0 0.7116666666666667 0.9266666666666666 0.02666666666666667 0.023333333333333334
0 0.7316666666666667 0.9383333333333334 0.02666666666666667 0.02
0 0.71 0.8916666666666667 0.02666666666666667 0.02
0 0.5883333333333334 0.8833333333333333 0.02666666666666667 0.02666666666666667
0 0.8383333333333334 0.885 0.02666666666666667 0.02666666666666667
0 0.8166666666666667 0.6833333333333333 0.03 0.02666666666666667
0 0.84 0.5266666666666666 0.03 0.03
0 0.9 0.6333333333333333 0.02666666666666667 0.02666666666666667
0 0.9533333333333334 0.6583333333333333 0.03 0.03
0 0.8366666666666667 0.5566666666666666 0.02666666666666667 0.02666666666666667
0 0.835 0.6466666666666666 0.03 0.02666666666666667
0 0.57 0.7733333333333333 0.02666666666666667 0.023333333333333334
0 0.9116666666666666 0.7516666666666667 0.02666666666666667 0.023333333333333334
0 0.89 0.6416666666666667 0.02666666666666667 0.02666666666666667
0 0.6383333333333333 0.9016666666666666 0.02666666666666667 0.02666666666666667
0 0.9633333333333334 0.7066666666666667 0.023333333333333334 0.023333333333333334
0 0.9216666666666666 0.5533333333333333 0.03 0.03
0 0.7083333333333334 0.9566666666666667 0.02666666666666667 0.023333333333333334
0 0.9066666666666666 0.7183333333333334 0.02666666666666667 0.02666666666666667
0 0.9166666666666666 0.5766666666666667 0.023333333333333334 0.023333333333333334
0 0.8983333333333333 0.8833333333333333 0.02666666666666667 0.02666666666666667
0 0.8183333333333334 0.5333333333333333 0.02666666666666667 0.02666666666666667
0 0.5766666666666667 0.31333333333333335 0.03 0.03
0 0.6166666666666667 0.23 0.023333333333333334 0.03
0 0.6716666666666666 0.25333333333333335 0.02666666666666667 0.023333333333333334
0 0.6266666666666667 0.19 0.03 0.02666666666666667
0 0.6183333333333333 0.21166666666666667 0.023333333333333334 0.02666666666666667
0 0.7066666666666667 0.2833333333333333 0.03 0.03
0 0.7683333333333333 0.2916666666666667 0.023333333333333334 0.023333333333333334
0 0.7933333333333333 0.09833333333333333 0.03 0.03
0 0.8766666666666667 0.15666666666666668 0.03333333333333333 0.02666666666666667
0 0.9033333333333333 0.16166666666666665 0.03 0.03
0 0.8666666666666667 0.33166666666666667 0.03 0.023333333333333334
0 0.6916666666666667 0.395 0.02 0.023333333333333334
0 0.6266666666666667 0.19166666666666668 0.03 0.03
0 0.915 0.22833333333333333 0.02666666666666667 0.02666666666666667
0 0.81 0.21333333333333335 0.03 0.02666666666666667
0 0.9316666666666666 0.20333333333333334 0.02666666666666667 0.02666666666666667
0 0.9166666666666666 0.25833333333333336 0.023333333333333334 0.023333333333333334
0 0.9416666666666667 0.17333333333333334 0.03 0.03
0 0.8116666666666666 0.105 0.03 0.02666666666666667
0 0.9433333333333334 0.4816666666666667 0.02666666666666667 0.02666666666666667
0 0.6766666666666666 0.8066666666666666 0.03166666666666667 0.03