0 0.47833333333333333 0.31 0.02 0.023333333333333334
0 0.09666666666666666 0.19833333333333333 0.023333333333333334 0.023333333333333334
0 0.485 0.3566666666666667 0.02666666666666667 0.02666666666666667
0 0.47333333333333333 0.11333333333333333 0.02 0.023333333333333334
0 0.4683333333333333 0.345 0.02 0.02666666666666667
0 0.6416666666666667 0.38166666666666665 0.03 0.02666666666666667
0 0.5466666666666666 0.4216666666666667 0.03 0.023333333333333334
0 0.5866666666666667 0.37 0.03 0.03
0 0.8916666666666667 0.24333333333333335 0.02666666666666667 0.02666666666666667
0 0.8166666666666667 0.4033333333333333 0.023333333333333334 0.023333333333333334
0 0.8916666666666667 0.3883333333333333 0.02 0.02
0 0.5966666666666667 0.15666666666666668 0.02666666666666667 0.02666666666666667
0 0.6683333333333333 0.11333333333333333 0.023333333333333334 0.02666666666666667
0 0.6833333333333333 0.06166666666666667 0.02666666666666667 0.03
0 0.9083333333333333 0.08666666666666667 0.03333333333333333 0.03333333333333333
0 0.9133333333333333 0.26166666666666666 0.03 0.02666666666666667
0 0.6233333333333333 0.3466666666666667 0.025 0.025
0 0.6183333333333333 0.37166666666666665 0.023333333333333334 0.02
0 0.98 0.225 0.02 0.02
0 0.9816666666666667 0.44666666666666666 0.023333333333333334 0.02
0 0.9716666666666667 0.19833333333333333 0.02 0.02
0 0.7016666666666667 0.028333333333333332 0.02 0.02
0 0.8466666666666667 0.2733333333333333 0.02 0.02
0 0.7116666666666667 0.4766666666666667 0.02 0.03
0 0.8116666666666666 0.4716666666666667 0.02 0.023333333333333334
0 0.9516666666666667 0.29833333333333334 0.02 0.03
0 0.6916666666666667 0.20833333333333334 0.02666666666666667 0.03
0 0.7716666666666666 0.48 0.028333333333333332 0.03
0 0.5166666666666667 0.4266666666666667 0.023333333333333334 0.02666666666666667
0 0.5283333333333333 0.41 0.02 0.023333333333333334
0 0.5233333333333333 0.34833333333333333 0.023333333333333334 0.02
0 0.5083333333333333 0.35333333333333333 0.02 0.03
0 0.08666666666666667 0.9866666666666667 0.02666666666666667 0.02666666666666667
0 0.06666666666666667 0.9516666666666667 0.023333333333333334 0.02666666666666667
0 0.94 0.575 0.03 0.03
0 0.051666666666666666 0.975 0.023333333333333334 0.03
0 0.05 0.8616666666666667 0.02 0.02
0 0.13333333333333333 0.89 0.025 0.025
0 0.345 0.6366666666666667 0.02666666666666667 0.02666666666666667
0 0.14 0.9466666666666667 0.02 0.023333333333333334
0 0.12166666666666667 0.8433333333333334 0.03 0.02666666666666667
0 0.845 0.5216666666666666 0.02 0.03
0 0.9166666666666666 0.5216666666666666 0.02 0.02666666666666667
0 0.023333333333333334 0.9716666666666667 0.02666666666666667 0.03
0 0.545 0.505 0.02666666666666667 0.023333333333333334
0 0.6633333333333333 0.5 0.025 0.025
0 0.95 0.49166666666666664 0.023333333333333334 0.025
0 0.9 0.12 0.02666666666666667 0.023333333333333334
0 0.4583333333333333 0.17333333333333334 0.02666666666666667 0.03
0 0.9266666666666666 0.495 0.023333333333333334 0.02666666666666667
0 0.6983333333333334 0.5 0.02666666666666667 0.023333333333333334
0 0.35833333333333334 0.8116666666666666 0.021666666666666667 0.021666666666666667
0 0.4583333333333333 0.12333333333333334 0.023333333333333334 0.025
0 0.6333333333333333 0.20666666666666667 0.023333333333333334 0.028333333333333332
0 0.6533333333333333 0.3466666666666667 0.02 0.023333333333333334