0 0.051666666666666666 0.7283333333333334 0.03 0.02666666666666667
0 0.21833333333333332 0.7033333333333334 0.03 0.023333333333333334
0 0.16666666666666666 0.945 0.03333333333333333 0.03
0 0.13833333333333334 0.6433333333333333 0.03 0.023333333333333334
0 0.14333333333333334 0.5983333333333334 0.02666666666666667 0.02666666666666667
0 0.20333333333333334 0.5383333333333333 0.02666666666666667 0.023333333333333334
0 0.03666666666666667 0.5583333333333333 0.023333333333333334 0.02666666666666667
0 0.056666666666666664 0.5483333333333333 0.02 0.023333333333333334
0 0.11166666666666666 0.7366666666666667 0.03 0.023333333333333334
0 0.025 0.6966666666666667 0.03 0.03
0 0.08166666666666667 0.5983333333333334 0.02666666666666667 0.02666666666666667
0 0.12333333333333334 0.67 0.023333333333333334 0.023333333333333334
0 0.13666666666666666 0.765 0.02 0.02666666666666667
0 0.31166666666666665 0.8716666666666667 0.023333333333333334 0.023333333333333334
0 0.34833333333333333 0.5283333333333333 0.02 0.023333333333333334
0 0.12666666666666668 0.9733333333333334 0.023333333333333334 0.02
0 0.008333333333333333 0.5416666666666666 0.016666666666666666 0.02
0 0.07333333333333333 0.7166666666666667 0.03 0.02666666666666667
0 0.29333333333333333 0.6766666666666666 0.03 0.02666666666666667
0 0.18 0.69 0.02666666666666667 0.02
0 0.21833333333333332 0.98 0.03 0.02666666666666667
0 0.2 0.9116666666666666 0.03 0.023333333333333334
0 0.32166666666666666 0.5516666666666666 0.023333333333333334 0.023333333333333334
0 0.2633333333333333 0.9016666666666666 0.023333333333333334 0.023333333333333334
0 0.16333333333333333 0.7383333333333333 0.02666666666666667 0.02666666666666667
0 0.13333333333333333 0.55 0.023333333333333334 0.023333333333333334
0 0.115 0.8133333333333334 0.023333333333333334 0.02
0 0.13333333333333333 0.795 0.023333333333333334 0.02
0 0.15333333333333332 0.81 0.023333333333333334 0.02
0 0.21666666666666667 0.7333333333333333 0.023333333333333334 0.02
0 0.04666666666666667 0.5333333333333333 0.023333333333333334 0.02
0 0.07166666666666667 0.5583333333333333 0.02 0.016666666666666666
0 0.105 0.595 0.02666666666666667 0.02666666666666667
0 0.92 0.6816666666666666 0.03 0.02666666666666667
0 0.9283333333333333 0.7433333333333333 0.02666666666666667 0.02666666666666667
0 0.5816666666666667 0.8883333333333333 0.023333333333333334 0.023333333333333334
0 0.6283333333333333 0.5783333333333334 0.023333333333333334 0.023333333333333334
0 0.9733333333333334 0.6033333333333334 0.023333333333333334 0.023333333333333334
0 0.9783333333333334 0.5866666666666667 0.02 0.02
0 0.63 0.95 0.03 0.023333333333333334
0 0.8733333333333333 0.235 0.03 0.023333333333333334
0 0.9566666666666667 0.17666666666666667 0.02666666666666667 0.02666666666666667
0 0.6166666666666667 0.31666666666666665 0.02666666666666667 0.023333333333333334
0 0.8716666666666667 0.16166666666666665 0.03 0.03
0 0.8466666666666667 0.235 0.02666666666666667 0.02666666666666667
0 0.8683333333333333 0.011666666666666667 0.03 0.023333333333333334
0 0.8033333333333333 0.045 0.023333333333333334 0.02666666666666667
0 0.885 0.12833333333333333 0.023333333333333334 0.023333333333333334
0 0.8083333333333333 0.06333333333333334 0.023333333333333334 0.023333333333333334
0 0.82 0.016666666666666666 0.023333333333333334 0.023333333333333334
0 0.7616666666666667 0.09333333333333334 0.02666666666666667 0.02666666666666667
0 0.8133333333333334 0.11666666666666667 0.02666666666666667 0.02
0 0.825 0.135 0.023333333333333334 0.016666666666666666
0 0.11333333333333333 0.47333333333333333 0.02666666666666667 0.02
0 0.07666666666666666 0.39666666666666667 0.023333333333333334 0.023333333333333334
0 0.09333333333333334 0.445 0.023333333333333334 0.02
0 0.15333333333333332 0.45666666666666667 0.02666666666666667 0.02
0 0.22166666666666668 0.465 0.02 0.02666666666666667
0 0.3283333333333333 0.4666666666666667 0.023333333333333334 0.02
0 0.16666666666666666 0.13666666666666666 0.023333333333333334 0.02
0 0.08166666666666667 0.31666666666666665 0.02666666666666667 0.023333333333333334
0 0.20333333333333334 0.44166666666666665 0.02666666666666667 0.02666666666666667
0 0.165 0.37333333333333335 0.02666666666666667 0.02666666666666667
0 0.16666666666666666 0.42 0.023333333333333334 0.023333333333333334
0 0.11333333333333333 0.24166666666666667 0.023333333333333334 0.023333333333333334
0 0.08 0.38166666666666665 0.02666666666666667 0.02666666666666667
0 0.25833333333333336 0.285 0.02666666666666667 0.02666666666666667
0 0.2833333333333333 0.30666666666666664 0.023333333333333334 0.02666666666666667
0 0.22166666666666668 0.21166666666666667 0.02666666666666667 0.02666666666666667
0 0.22333333333333333 0.24333333333333335 0.023333333333333334 0.023333333333333334
0 0.19333333333333333 0.13333333333333333 0.023333333333333334 0.02
0 0.043333333333333335 0.43333333333333335 0.023333333333333334 0.02666666666666667
0 0.03666666666666667 0.45166666666666666 0.02666666666666667 0.023333333333333334
0 0.15166666666666667 0.19666666666666666 0.023333333333333334 0.02
0 0.18 0.19166666666666668 0.02666666666666667 0.023333333333333334
0 0.175 0.21166666666666667 0.02666666666666667 0.023333333333333334
0 0.2816666666666667 0.22666666666666666 0.02666666666666667 0.02666666666666667
0 0.255 0.23333333333333334 0.016666666666666666 0.02
0 0.09833333333333333 0.35 0.023333333333333334 0.02666666666666667
0 0.14166666666666666 0.33666666666666667 0.02 0.02666666666666667
0 0.10833333333333334 0.38166666666666665 0.023333333333333334 0.023333333333333334
0 0.058333333333333334 0.4666666666666667 0.023333333333333334 0.023333333333333334
0 0.3883333333333333 0.445 0.02 0.023333333333333334
0 0.13333333333333333 0.5033333333333333 0.023333333333333334 0.023333333333333334
0 0.165 0.5033333333333333 0.023333333333333334 0.02
0 0.19666666666666666 0.49666666666666665 0.023333333333333334 0.023333333333333334
0 0.31833333333333336 0.515 0.02666666666666667 0.023333333333333334
0 0.01 0.19833333333333333 0.02 0.023333333333333334
0 0.01 0.33666666666666667 0.02 0.03
0 0.008333333333333333 0.09666666666666666 0.016666666666666666 0.023333333333333334
0 0.26 0.52 0.02 0.023333333333333334
0 0.605 0.545 0.025 0.021666666666666667
0 0.058333333333333334 0.9383333333333334 0.03 0.025