0 0.715 0.04 0.023333333333333334 0.02666666666666667
0 0.8566666666666667 0.36333333333333334 0.02666666666666667 0.03
0 0.535 0.465 0.021666666666666667 0.023333333333333334
0 0.55 0.5083333333333333 0.025 0.023333333333333334
0 0.5416666666666666 0.7866666666666666 0.02666666666666667 0.02666666666666667
0 0.8133333333333334 0.5066666666666667 0.021666666666666667 0.023333333333333334
0 0.75 0.8216666666666667 0.02666666666666667 0.02666666666666667
0 0.705 0.7233333333333334 0.02666666666666667 0.03
0 0.6883333333333334 0.8366666666666667 0.03 0.03
0 0.94 0.5716666666666667 0.02 0.02
0 0.9566666666666667 0.565 0.023333333333333334 0.028333333333333332
0 0.73 0.67 0.02666666666666667 0.03
0 0.78 0.6116666666666667 0.025 0.023333333333333334
0 0.555 0.7166666666666667 0.02666666666666667 0.02666666666666667
0 0.9416666666666667 0.62 0.023333333333333334 0.023333333333333334
0 0.9333333333333333 0.5366666666666666 0.023333333333333334 0.023333333333333334
0 0.5366666666666666 0.22166666666666668 0.023333333333333334 0.023333333333333334
0 0.6016666666666667 0.28833333333333333 0.02666666666666667 0.02666666666666667
0 0.755 0.605 0.021666666666666667 0.023333333333333334
0 0.9183333333333333 0.66 0.02666666666666667 0.02666666666666667
0 0.9133333333333333 0.5583333333333333 0.02 0.03
0 0.895 0.5666666666666667 0.02 0.02666666666666667
0 0.81 0.705 0.023333333333333334 0.028333333333333332
0 0.8616666666666667 0.3016666666666667 0.02 0.023333333333333334
0 0.305 0.7983333333333333 0.03 0.03
0 0.4483333333333333 0.8083333333333333 0.02666666666666667 0.02666666666666667
0 0.445 0.745 0.023333333333333334 0.03
0 0.5166666666666667 0.76 0.025 0.02666666666666667
0 0.21166666666666667 0.7116666666666667 0.025 0.02
0 0.22833333333333333 0.7766666666666666 0.023333333333333334 0.02
0 0.23 0.8966666666666666 0.02666666666666667 0.03
0 0.18166666666666667 0.64 0.02 0.023333333333333334
0 0.21333333333333335 0.5766666666666667 0.023333333333333334 0.023333333333333334
0 0.3333333333333333 0.5483333333333333 0.023333333333333334 0.023333333333333334
0 0.41833333333333333 0.595 0.023333333333333334 0.02
0 0.24333333333333335 0.5583333333333333 0.03 0.03
0 0.47333333333333333 0.7566666666666667 0.023333333333333334 0.023333333333333334
0 0.21833333333333332 0.6683333333333333 0.023333333333333334 0.02
0 0.30833333333333335 0.8766666666666667 0.02666666666666667 0.023333333333333334
0 0.32166666666666666 0.5183333333333333 0.028333333333333332 0.03
0 0.4066666666666667 0.48333333333333334 0.023333333333333334 0.02666666666666667
0 0.26166666666666666 0.495 0.03 0.035
0 0.3 0.49 0.03 0.02666666666666667
0 0.4033333333333333 0.19666666666666666 0.02 0.02666666666666667
0 0.05 0.08833333333333333 0.02666666666666667 0.03166666666666667
0 0.49 0.5166666666666667 0.023333333333333334 0.02
0 0.18 0.445 0.03 0.028333333333333332
0 0.4583333333333333 0.43333333333333335 0.025 0.03
0 0.45 0.2866666666666667 0.023333333333333334 0.023333333333333334
0 0.17833333333333334 0.4033333333333333 0.03 0.03
0 0.27166666666666667 0.22666666666666666 0.028333333333333332 0.02666666666666667
0 0.09666666666666666 0.245 0.02666666666666667 0.023333333333333334
0 0.21333333333333335 0.3616666666666667 0.02666666666666667 0.02666666666666667
0 0.09666666666666666 0.12 0.023333333333333334 0.02666666666666667
0 0.33166666666666667 0.21666666666666667 0.02666666666666667 0.02666666666666667
0 0.3566666666666667 0.22833333333333333 0.025 0.02666666666666667
0 0.06666666666666667 0.25 0.028333333333333332 0.025
0 0.018333333333333333 0.19833333333333333 0.023333333333333334 0.02666666666666667
0 0.016666666666666666 0.225 0.028333333333333332 0.03
0 0.02666666666666667 0.17666666666666667 0.03 0.02666666666666667
0 0.48333333333333334 0.58 0.02 0.025