0 0.5166666666666667 0.925 0.02666666666666667 0.02666666666666667
0 0.6483333333333333 0.965 0.02666666666666667 0.02666666666666667
0 0.665 0.6583333333333333 0.023333333333333334 0.02
0 0.5833333333333334 0.55 0.03 0.02666666666666667
0 0.6133333333333333 0.7266666666666667 0.02666666666666667 0.023333333333333334
0 0.10333333333333333 0.47333333333333333 0.03 0.02666666666666667
0 0.10166666666666667 0.6566666666666666 0.02666666666666667 0.02666666666666667
0 0.125 0.5316666666666666 0.025 0.021666666666666667
0 0.028333333333333332 0.6616666666666666 0.03 0.02666666666666667
0 0.4866666666666667 0.9266666666666666 0.02666666666666667 0.02666666666666667
0 0.125 0.5683333333333334 0.02666666666666667 0.02666666666666667
0 0.045 0.7333333333333333 0.023333333333333334 0.023333333333333334
0 0.5516666666666666 0.9683333333333334 0.023333333333333334 0.02
0 0.5683333333333334 0.6166666666666667 0.023333333333333334 0.02666666666666667
0 0.75 0.7016666666666667 0.02 0.02666666666666667
0 0.775 0.225 0.023333333333333334 0.028333333333333332
0 0.8566666666666667 0.75 0.021666666666666667 0.025