0 0.76 0.07 0.025 0.025
0 0.9016666666666666 0.345 0.02 0.023333333333333334
0 0.7466666666666667 0.035 0.02666666666666667 0.03
0 0.7916666666666666 0.3566666666666667 0.02666666666666667 0.02666666666666667
0 0.9533333333333334 0.3383333333333333 0.023333333333333334 0.023333333333333334
0 0.7683333333333333 0.3566666666666667 0.023333333333333334 0.02666666666666667
0 0.9183333333333333 0.3433333333333333 0.02 0.023333333333333334
0 0.9516666666666667 0.32166666666666666 0.023333333333333334 0.02666666666666667
0 0.45 0.2866666666666667 0.028333333333333332 0.03333333333333333
0 0.285 0.4666666666666667 0.023333333333333334 0.02
0 0.485 0.37333333333333335 0.03 0.03
0 0.30333333333333334 0.485 0.02666666666666667 0.023333333333333334
0 0.14166666666666666 0.485 0.023333333333333334 0.02
0 0.505 0.12833333333333333 0.03 0.028333333333333332
0 0.02 0.08333333333333333 0.02666666666666667 0.023333333333333334
0 0.5583333333333333 0.6266666666666667 0.03 0.03
0 0.27 0.6016666666666667 0.023333333333333334 0.023333333333333334
0 0.31666666666666665 0.5583333333333333 0.025 0.023333333333333334
0 0.09833333333333333 0.5666666666666667 0.02666666666666667 0.023333333333333334
0 0.21833333333333332 0.515 0.03 0.03
0 0.28 0.505 0.025 0.025
0 0.29833333333333334 0.53 0.023333333333333334 0.025
0 0.03666666666666667 0.985 0.023333333333333334 0.023333333333333334
0 0.155 0.9433333333333334 0.025 0.03
0 0.9733333333333334 0.8366666666666667 0.023333333333333334 0.03
0 0.45666666666666667 0.6933333333333334 0.03 0.03333333333333333
0 0.7283333333333334 0.065 0.023333333333333334 0.028333333333333332
0 0.27166666666666667 0.56 0.021666666666666667 0.021666666666666667
0 0.20666666666666667 0.69 0.021666666666666667 0.025
0 0.57 0.24833333333333332 0.025 0.03166666666666667
0 0.75 0.41833333333333333 0.03 0.03166666666666667