0 0.375 0.42333333333333334 0.02666666666666667 0.023333333333333334
0 0.435 0.3433333333333333 0.02666666666666667 0.02666666666666667
0 0.39166666666666666 0.28 0.02 0.02
0 0.37166666666666665 0.2633333333333333 0.023333333333333334 0.02
0 0.35833333333333334 0.21166666666666667 0.028333333333333332 0.025
0 0.42 0.33 0.025 0.025
0 0.5233333333333333 0.155 0.03333333333333333 0.03
0 0.265 0.48333333333333334 0.03 0.03166666666666667
0 0.395 0.26666666666666666 0.02 0.02
0 0.48 0.9266666666666666 0.02 0.023333333333333334
0 0.5316666666666666 0.7283333333333334 0.023333333333333334 0.02
0 0.4483333333333333 0.6683333333333333 0.023333333333333334 0.02666666666666667
0 0.43166666666666664 0.66 0.02 0.02
0 0.48833333333333334 0.66 0.028333333333333332 0.028333333333333332
0 0.42333333333333334 0.5783333333333334 0.02666666666666667 0.023333333333333334
0 0.4633333333333333 0.5583333333333333 0.023333333333333334 0.023333333333333334
0 0.5133333333333333 0.8433333333333334 0.02666666666666667 0.023333333333333334
0 0.5316666666666666 0.935 0.02666666666666667 0.021666666666666667
0 0.5016666666666667 0.9366666666666666 0.02666666666666667 0.021666666666666667
0 0.6716666666666666 0.9333333333333333 0.023333333333333334 0.02666666666666667
0 0.5666666666666667 0.6966666666666667 0.03 0.03
0 0.6383333333333333 0.9483333333333334 0.02 0.023333333333333334
0 0.5983333333333334 0.9233333333333333 0.03 0.03
0 0.5633333333333334 0.9366666666666666 0.023333333333333334 0.023333333333333334
0 0.6416666666666667 0.9616666666666667 0.03 0.02666666666666667
0 0.55 0.6916666666666667 0.023333333333333334 0.023333333333333334