0 0.7316666666666667 0.9066666666666666 0.03 0.02666666666666667
0 0.6866666666666666 0.8716666666666667 0.023333333333333334 0.02
0 0.575 0.7933333333333333 0.021666666666666667 0.02666666666666667
0 0.5766666666666667 0.7466666666666667 0.023333333333333334 0.02666666666666667
0 0.6133333333333333 0.7883333333333333 0.02 0.023333333333333334
0 0.7866666666666666 0.8583333333333333 0.021666666666666667 0.02666666666666667
0 0.8766666666666667 0.8883333333333333 0.02 0.02
0 0.905 0.8666666666666667 0.023333333333333334 0.02
0 0.5633333333333334 0.5933333333333334 0.023333333333333334 0.02666666666666667
0 0.715 0.8733333333333333 0.02666666666666667 0.02
0 0.7633333333333333 0.9383333333333334 0.02666666666666667 0.02666666666666667
0 0.625 0.8016666666666666 0.02666666666666667 0.023333333333333334
0 0.13166666666666665 0.7933333333333333 0.023333333333333334 0.02
0 0.13166666666666665 0.8766666666666667 0.02 0.02
0 0.24 0.8983333333333333 0.023333333333333334 0.023333333333333334
0 0.14666666666666667 0.8516666666666667 0.03 0.02666666666666667
0 0.16333333333333333 0.805 0.023333333333333334 0.023333333333333334
0 0.14833333333333334 0.77 0.02 0.02
0 0.41 0.7533333333333333 0.02666666666666667 0.021666666666666667
0 0.08666666666666667 0.7716666666666666 0.023333333333333334 0.02666666666666667
0 0.38666666666666666 0.9183333333333333 0.02666666666666667 0.023333333333333334
0 0.45166666666666666 0.865 0.025 0.023333333333333334
0 0.445 0.8116666666666666 0.023333333333333334 0.023333333333333334
0 0.34833333333333333 0.805 0.021666666666666667 0.023333333333333334
0 0.4116666666666667 0.7283333333333334 0.02666666666666667 0.02666666666666667
0 0.95 0.11 0.02666666666666667 0.03
0 0.9233333333333333 0.14 0.02 0.023333333333333334
0 0.7616666666666667 0.3233333333333333 0.023333333333333334 0.02666666666666667
0 0.9833333333333333 0.125 0.02666666666666667 0.023333333333333334
0 0.825 0.05333333333333334 0.03 0.03
0 0.27666666666666667 0.195 0.03 0.023333333333333334
0 0.06 0.3233333333333333 0.02666666666666667 0.02666666666666667
0 0.06 0.2866666666666667 0.023333333333333334 0.03
0 0.03333333333333333 0.295 0.03 0.03
0 0.02666666666666667 0.8933333333333333 0.02 0.02
0 0.5033333333333333 0.8016666666666666 0.021666666666666667 0.025
0 0.34 0.7183333333333334 0.02 0.025
0 0.14833333333333334 0.7266666666666667 0.023333333333333334 0.023333333333333334