0 0.2 0.935 0.02 0.023333333333333334
0 0.24833333333333332 0.945 0.02 0.023333333333333334
0 0.13666666666666666 0.965 0.023333333333333334 0.023333333333333334
0 0.7666666666666667 0.9216666666666666 0.03 0.02
0 0.7766666666666666 0.98 0.03 0.02
0 0.7016666666666667 0.6666666666666666 0.02666666666666667 0.02666666666666667
0 0.8533333333333334 0.7233333333333334 0.02666666666666667 0.02666666666666667
0 0.9183333333333333 0.8833333333333333 0.02666666666666667 0.023333333333333334
0 0.7316666666666667 0.7083333333333334 0.02666666666666667 0.02666666666666667
0 0.6683333333333333 0.6233333333333333 0.02666666666666667 0.02666666666666667
0 0.7283333333333334 0.625 0.03 0.03
0 0.7633333333333333 0.6766666666666666 0.02666666666666667 0.02666666666666667
0 0.7933333333333333 0.8833333333333333 0.023333333333333334 0.023333333333333334
0 0.7216666666666667 0.675 0.023333333333333334 0.02666666666666667
0 0.7233333333333334 0.7366666666666667 0.02666666666666667 0.02666666666666667
0 0.8016666666666666 0.9583333333333334 0.02 0.02
0 0.10166666666666667 0.14666666666666667 0.02666666666666667 0.023333333333333334
0 0.1 0.24333333333333335 0.02666666666666667 0.025
0 0.18 0.23666666666666666 0.02666666666666667 0.02
0 0.10666666666666667 0.185 0.025 0.02666666666666667
0 0.235 0.3333333333333333 0.023333333333333334 0.023333333333333334
0 0.23166666666666666 0.45 0.02 0.023333333333333334
0 0.08333333333333333 0.17166666666666666 0.023333333333333334 0.02666666666666667
0 0.04 0.23166666666666666 0.02 0.023333333333333334
0 0.11666666666666667 0.44 0.023333333333333334 0.02666666666666667
0 0.20833333333333334 0.22833333333333333 0.02 0.02
0 0.4216666666666667 0.43166666666666664 0.03 0.02666666666666667
0 0.39166666666666666 0.4066666666666667 0.023333333333333334 0.021666666666666667
0 0.07166666666666667 0.09666666666666666 0.03 0.03
0 0.25166666666666665 0.22166666666666668 0.023333333333333334 0.023333333333333334
0 0.15 0.36833333333333335 0.02666666666666667 0.02666666666666667
0 0.2916666666666667 0.46 0.03 0.02666666666666667
0 0.47333333333333333 0.14333333333333334 0.02666666666666667 0.02666666666666667
0 0.14 0.21666666666666667 0.023333333333333334 0.023333333333333334
0 0.2966666666666667 0.2816666666666667 0.023333333333333334 0.023333333333333334
0 0.7516666666666667 0.06666666666666667 0.02666666666666667 0.02
0 0.8216666666666667 0.04666666666666667 0.02666666666666667 0.03
0 0.7833333333333333 0.056666666666666664 0.03 0.023333333333333334
0 0.975 0.045 0.025 0.028333333333333332
0 0.9683333333333334 0.20833333333333334 0.03 0.023333333333333334
0 0.62 0.11666666666666667 0.02666666666666667 0.023333333333333334
0 0.9433333333333334 0.2866666666666667 0.03 0.023333333333333334
0 0.9016666666666666 0.24666666666666667 0.02666666666666667 0.02
0 0.9033333333333333 0.2633333333333333 0.02666666666666667 0.023333333333333334
0 0.8816666666666667 0.3466666666666667 0.023333333333333334 0.02666666666666667
0 0.8366666666666667 0.31166666666666665 0.02666666666666667 0.03
0 0.9733333333333334 0.07333333333333333 0.02 0.02
0 0.83 0.06833333333333333 0.023333333333333334 0.023333333333333334
0 0.5433333333333333 0.30333333333333334 0.03 0.02666666666666667
0 0.9316666666666666 0.19166666666666668 0.023333333333333334 0.023333333333333334
0 0.9683333333333334 0.12833333333333333 0.023333333333333334 0.023333333333333334
0 0.7583333333333333 0.09333333333333334 0.023333333333333334 0.023333333333333334
0 0.54 0.32166666666666666 0.023333333333333334 0.023333333333333334
0 0.8616666666666667 0.09166666666666666 0.023333333333333334 0.023333333333333334
0 0.8616666666666667 0.06166666666666667 0.02666666666666667 0.02666666666666667
0 0.57 0.5066666666666667 0.02666666666666667 0.02666666666666667
0 0.5133333333333333 0.6916666666666667 0.02666666666666667 0.028333333333333332
0 0.9016666666666666 0.045 0.03333333333333333 0.03