0 0.2683333333333333 0.9666666666666667 0.03 0.02
0 0.495 0.43833333333333335 0.03 0.023333333333333334
0 0.09 0.92 0.03 0.03
0 0.47333333333333333 0.8966666666666666 0.03 0.03
0 0.16833333333333333 0.9066666666666666 0.02666666666666667 0.02666666666666667
0 0.26 0.8016666666666666 0.02666666666666667 0.02666666666666667
0 0.55 0.9716666666666667 0.03 0.03
0 0.5316666666666666 0.6383333333333333 0.03 0.03
0 0.6483333333333333 0.6233333333333333 0.02 0.02
0 0.5666666666666667 0.575 0.03 0.03
0 0.82 0.2833333333333333 0.028333333333333332 0.03166666666666667
0 0.7966666666666666 0.275 0.023333333333333334 0.03
0 0.9283333333333333 0.31666666666666665 0.03 0.03
0 0.9616666666666667 0.27666666666666667 0.02 0.023333333333333334
0 0.7783333333333333 0.315 0.03 0.03
0 0.5016666666666667 0.6516666666666666 0.02666666666666667 0.02666666666666667
0 0.09166666666666666 0.37166666666666665 0.03666666666666667 0.03333333333333333