0 0.645 0.285 0.023333333333333334 0.02
0 0.8983333333333333 0.25166666666666665 0.023333333333333334 0.02666666666666667
0 0.84 0.25333333333333335 0.023333333333333334 0.02666666666666667
0 0.925 0.29 0.023333333333333334 0.023333333333333334
0 0.6866666666666666 0.14 0.03 0.02666666666666667
0 0.7533333333333333 0.2683333333333333 0.02 0.02
0 0.9716666666666667 0.34 0.02666666666666667 0.023333333333333334
0 0.6133333333333333 0.2866666666666667 0.023333333333333334 0.023333333333333334
0 0.8933333333333333 0.22 0.023333333333333334 0.023333333333333334
0 0.8566666666666667 0.30333333333333334 0.02666666666666667 0.025
0 0.6233333333333333 0.13166666666666665 0.03 0.028333333333333332
0 0.7066666666666667 0.27666666666666667 0.03 0.03333333333333333
0 0.465 0.135 0.03 0.02666666666666667
0 0.295 0.05333333333333334 0.03 0.02666666666666667
0 0.47833333333333333 0.08666666666666667 0.02666666666666667 0.02666666666666667