0 0.08 0.5916666666666667 0.03 0.02
0 0.10333333333333333 0.7583333333333333 0.02666666666666667 0.02
0 0.12833333333333333 0.53 0.023333333333333334 0.023333333333333334
0 0.07833333333333334 0.44333333333333336 0.02 0.023333333333333334
0 0.07666666666666666 0.4666666666666667 0.023333333333333334 0.02
0 0.08833333333333333 0.53 0.02666666666666667 0.016666666666666666
0 0.15166666666666667 0.8116666666666666 0.02666666666666667 0.023333333333333334
0 0.4483333333333333 0.9366666666666666 0.02666666666666667 0.023333333333333334
0 0.07333333333333333 0.6533333333333333 0.023333333333333334 0.02
0 0.13166666666666665 0.9266666666666666 0.03 0.023333333333333334
0 0.08333333333333333 0.20333333333333334 0.03 0.023333333333333334
0 0.12833333333333333 0.7983333333333333 0.02 0.02
0 0.13166666666666665 0.8816666666666667 0.023333333333333334 0.02
0 0.018333333333333333 0.20833333333333334 0.02666666666666667 0.02666666666666667
0 0.15833333333333333 0.21166666666666667 0.03 0.02666666666666667
0 0.14833333333333334 0.6716666666666666 0.03 0.023333333333333334
0 0.18833333333333332 0.595 0.02666666666666667 0.03
0 0.18166666666666667 0.375 0.02666666666666667 0.023333333333333334
0 0.12666666666666668 0.3883333333333333 0.023333333333333334 0.03
0 0.016666666666666666 0.36333333333333334 0.03 0.03
0 0.105 0.23833333333333334 0.02 0.02
0 0.04833333333333333 0.22833333333333333 0.023333333333333334 0.02
0 0.4716666666666667 0.9666666666666667 0.02 0.016666666666666666
0 0.04 0.91 0.023333333333333334 0.02
0 0.07833333333333334 0.48833333333333334 0.02 0.02
0 0.041666666666666664 0.64 0.03 0.02
0 0.085 0.96 0.03 0.02
0 0.11666666666666667 0.21666666666666667 0.02666666666666667 0.02
0 0.11666666666666667 0.20166666666666666 0.03 0.02
0 0.04833333333333333 0.15333333333333332 0.023333333333333334 0.023333333333333334
0 0.445 0.655 0.025 0.028333333333333332
0 0.29833333333333334 0.4583333333333333 0.03 0.03
0 0.10166666666666667 0.34833333333333333 0.023333333333333334 0.03
0 0.1 0.4066666666666667 0.02666666666666667 0.023333333333333334
0 0.09666666666666666 0.825 0.023333333333333334 0.023333333333333334
0 0.16166666666666665 0.39166666666666666 0.02666666666666667 0.023333333333333334
0 0.19166666666666668 0.75 0.02666666666666667 0.02666666666666667
0 0.03166666666666667 0.31166666666666665 0.02 0.02
0 0.17166666666666666 0.245 0.02666666666666667 0.023333333333333334
0 0.03166666666666667 0.33666666666666667 0.02 0.02
0 0.15333333333333332 0.41333333333333333 0.023333333333333334 0.023333333333333334
0 0.2816666666666667 0.5 0.02 0.023333333333333334
0 0.30833333333333335 0.4766666666666667 0.02 0.02666666666666667
0 0.19166666666666668 0.20166666666666666 0.02 0.023333333333333334
0 0.085 0.975 0.02666666666666667 0.02
0 0.13833333333333334 0.9783333333333334 0.02 0.02
0 0.9433333333333334 0.34 0.023333333333333334 0.02666666666666667
0 0.7483333333333333 0.305 0.02 0.02
0 0.07166666666666667 0.011666666666666667 0.02666666666666667 0.023333333333333334
0 0.5083333333333333 0.4633333333333333 0.03 0.023333333333333334
0 0.935 0.82 0.023333333333333334 0.02666666666666667
0 0.8666666666666667 0.7116666666666667 0.023333333333333334 0.023333333333333334
0 0.8483333333333334 0.815 0.02 0.02
0 0.9416666666666667 0.7866666666666666 0.02666666666666667 0.023333333333333334
0 0.10833333333333334 0.705 0.02666666666666667 0.025
0 0.02666666666666667 0.8366666666666667 0.03333333333333333 0.03166666666666667
0 0.06333333333333334 0.02666666666666667 0.03 0.02