0 0.2 0.8966666666666666 0.03 0.03
0 0.13666666666666666 0.94 0.03 0.03
0 0.02 0.76 0.023333333333333334 0.02666666666666667
0 0.021666666666666667 0.7233333333333334 0.03 0.03
0 0.3983333333333333 0.023333333333333334 0.02666666666666667 0.02666666666666667
0 0.12 0.06333333333333334 0.023333333333333334 0.023333333333333334
0 0.05333333333333334 0.006666666666666667 0.02666666666666667 0.013333333333333334
0 0.03 0.01 0.02 0.02
0 0.815 0.2683333333333333 0.023333333333333334 0.03
0 0.021666666666666667 0.21333333333333335 0.02666666666666667 0.023333333333333334
0 0.011666666666666667 0.37833333333333335 0.023333333333333334 0.02
0 0.02666666666666667 0.6883333333333334 0.02666666666666667 0.02666666666666667
0 0.03 0.54 0.02666666666666667 0.02666666666666667
0 0.058333333333333334 0.5216666666666666 0.025 0.03
0 0.041666666666666664 0.13833333333333334 0.02666666666666667 0.023333333333333334
0 0.8316666666666667 0.09333333333333334 0.025 0.02
0 0.99 0.19833333333333333 0.02 0.023333333333333334