0 0.25333333333333335 0.18166666666666667 0.03 0.023333333333333334
0 0.27 0.12333333333333334 0.023333333333333334 0.023333333333333334
0 0.25333333333333335 0.056666666666666664 0.028333333333333332 0.03
0 0.16333333333333333 0.4583333333333333 0.02 0.02
0 0.065 0.09166666666666666 0.03 0.03
0 0.021666666666666667 0.33 0.03 0.02666666666666667
0 0.2733333333333333 0.46 0.02666666666666667 0.023333333333333334
0 0.31833333333333336 0.20333333333333334 0.023333333333333334 0.02666666666666667
0 0.28833333333333333 0.145 0.02666666666666667 0.02666666666666667
0 0.043333333333333335 0.31 0.023333333333333334 0.023333333333333334
0 0.14333333333333334 0.575 0.023333333333333334 0.02
0 0.10333333333333333 0.5466666666666666 0.03 0.023333333333333334
0 0.20666666666666667 0.5383333333333333 0.03 0.03
0 0.095 0.5766666666666667 0.02666666666666667 0.02666666666666667
0 0.21166666666666667 0.6916666666666667 0.02666666666666667 0.02666666666666667
0 0.15 0.5633333333333334 0.02666666666666667 0.02666666666666667
0 0.20333333333333334 0.013333333333333334 0.03666666666666667 0.02666666666666667
0 0.9 0.7266666666666667 0.03 0.02666666666666667
0 0.22333333333333333 0.06333333333333334 0.02666666666666667 0.028333333333333332
0 0.085 0.6516666666666666 0.025 0.03