0 0.585 0.14 0.02666666666666667 0.02666666666666667
0 0.5666666666666667 0.11666666666666667 0.03 0.03
0 0.5783333333333334 0.08333333333333333 0.02666666666666667 0.02
0 0.7066666666666667 0.03666666666666667 0.023333333333333334 0.02666666666666667
0 0.7483333333333333 0.06166666666666667 0.02 0.02
0 0.7016666666666667 0.31833333333333336 0.02666666666666667 0.02666666666666667
0 0.6416666666666667 0.35 0.03 0.03
0 0.6883333333333334 0.3433333333333333 0.023333333333333334 0.023333333333333334
0 0.7066666666666667 0.4266666666666667 0.023333333333333334 0.02
0 0.5383333333333333 0.21333333333333335 0.02666666666666667 0.02
0 0.7483333333333333 0.9666666666666667 0.03166666666666667 0.03
0 0.6783333333333333 0.5216666666666666 0.023333333333333334 0.02666666666666667
0 0.6766666666666666 0.5416666666666666 0.023333333333333334 0.023333333333333334
0 0.5866666666666667 0.7833333333333333 0.023333333333333334 0.02666666666666667
0 0.6333333333333333 0.7916666666666666 0.02666666666666667 0.023333333333333334
0 0.6783333333333333 0.7933333333333333 0.023333333333333334 0.02666666666666667
0 0.7383333333333333 0.8683333333333333 0.03 0.02666666666666667
0 0.55 0.17166666666666666 0.03 0.02666666666666667
0 0.615 0.29833333333333334 0.02666666666666667 0.02666666666666667
0 0.5616666666666666 0.41333333333333333 0.023333333333333334 0.023333333333333334
0 0.5933333333333334 0.33666666666666667 0.03 0.02666666666666667
0 0.7716666666666666 0.8616666666666667 0.02666666666666667 0.02666666666666667
0 0.7383333333333333 0.9266666666666666 0.023333333333333334 0.023333333333333334
0 0.8933333333333333 0.06833333333333333 0.02666666666666667 0.02666666666666667
0 0.82 0.7816666666666666 0.02666666666666667 0.02666666666666667
0 0.6466666666666666 0.31333333333333335 0.02666666666666667 0.02666666666666667
0 0.565 0.5383333333333333 0.03 0.03
0 0.5983333333333334 0.43833333333333335 0.023333333333333334 0.023333333333333334
0 0.6816666666666666 0.9016666666666666 0.02666666666666667 0.023333333333333334
0 0.64 0.23333333333333334 0.02666666666666667 0.02666666666666667
0 0.6616666666666666 0.4816666666666667 0.023333333333333334 0.023333333333333334
0 0.7666666666666667 0.9433333333333334 0.023333333333333334 0.023333333333333334
0 0.5883333333333334 0.19666666666666666 0.02666666666666667 0.02666666666666667
0 0.7133333333333334 0.35333333333333333 0.02666666666666667 0.023333333333333334
0 0.72 0.915 0.02666666666666667 0.023333333333333334
0 0.5983333333333334 0.98 0.02 0.02
0 0.7333333333333333 0.3566666666666667 0.02666666666666667 0.02666666666666667
0 0.31666666666666665 0.041666666666666664 0.03 0.02666666666666667
0 0.345 0.058333333333333334 0.023333333333333334 0.02666666666666667
0 0.35833333333333334 0.021666666666666667 0.02666666666666667 0.02666666666666667
0 0.3383333333333333 0.005 0.02666666666666667 0.01
0 0.41 0.005 0.02666666666666667 0.01
0 0.4066666666666667 0.07 0.02666666666666667 0.023333333333333334
0 0.38166666666666665 0.10666666666666667 0.02 0.023333333333333334
0 0.43666666666666665 0.09833333333333333 0.023333333333333334 0.02
0 0.4766666666666667 0.10166666666666667 0.03333333333333333 0.03
0 0.4766666666666667 0.013333333333333334 0.02 0.023333333333333334
0 0.4666666666666667 0.145 0.02666666666666667 0.023333333333333334
0 0.49333333333333335 0.13666666666666666 0.023333333333333334 0.02
0 0.5216666666666666 0.14666666666666667 0.02666666666666667 0.023333333333333334
0 0.49333333333333335 0.051666666666666666 0.02 0.02
0 0.5183333333333333 0.06166666666666667 0.023333333333333334 0.023333333333333334
0 0.47833333333333333 0.23833333333333334 0.02 0.02
0 0.16666666666666666 0.22666666666666666 0.02666666666666667 0.02666666666666667
0 0.15666666666666668 0.24166666666666667 0.02666666666666667 0.02666666666666667
0 0.018333333333333333 0.39166666666666666 0.02666666666666667 0.02666666666666667
0 0.2683333333333333 0.3933333333333333 0.023333333333333334 0.02
0 0.285 0.37833333333333335 0.03333333333333333 0.02666666666666667
0 0.2866666666666667 0.43666666666666665 0.023333333333333334 0.023333333333333334
0 0.1 0.72 0.03 0.02666666666666667
0 0.08666666666666667 0.7466666666666667 0.028333333333333332 0.025
0 0.21833333333333332 0.6883333333333334 0.023333333333333334 0.023333333333333334
0 0.24333333333333335 0.6433333333333333 0.02666666666666667 0.02
0 0.2833333333333333 0.6866666666666666 0.03 0.02666666666666667
0 0.3466666666666667 0.75 0.03 0.02666666666666667
0 0.18166666666666667 0.81 0.02666666666666667 0.02666666666666667
0 0.3933333333333333 0.8316666666666667 0.02666666666666667 0.025
0 0.4483333333333333 0.88 0.023333333333333334 0.03
0 0.43166666666666664 0.19833333333333333 0.03 0.03
0 0.15833333333333333 0.6783333333333333 0.03 0.03
0 0.03666666666666667 0.8416666666666667 0.03 0.03
0 0.495 0.9266666666666666 0.03 0.02666666666666667
0 0.36833333333333335 0.9716666666666667 0.02666666666666667 0.023333333333333334
0 0.15833333333333333 0.7116666666666667 0.023333333333333334 0.023333333333333334
0 0.22333333333333333 0.7183333333333334 0.023333333333333334 0.023333333333333334
0 0.028333333333333332 0.44166666666666665 0.03166666666666667 0.02666666666666667
0 0.15166666666666667 0.7766666666666666 0.03 0.03
0 0.11333333333333333 0.8616666666666667 0.023333333333333334 0.023333333333333334
0 0.24666666666666667 0.6766666666666666 0.025 0.03
0 0.5216666666666666 0.24833333333333332 0.02666666666666667 0.02666666666666667
0 0.04 0.7666666666666667 0.03 0.03
0 0.4166666666666667 0.76 0.023333333333333334 0.023333333333333334
0 0.056666666666666664 0.8033333333333333 0.02666666666666667 0.023333333333333334
0 0.31166666666666665 0.41833333333333333 0.023333333333333334 0.023333333333333334
0 0.04 0.385 0.02666666666666667 0.023333333333333334
0 0.09666666666666666 0.47333333333333333 0.03166666666666667 0.023333333333333334
0 0.15333333333333332 0.735 0.023333333333333334 0.023333333333333334