0 0.61 0.33 0.02666666666666667 0.02666666666666667
0 0.6933333333333334 0.16333333333333333 0.023333333333333334 0.02666666666666667
0 0.635 0.4066666666666667 0.02666666666666667 0.023333333333333334
0 0.375 0.5783333333333334 0.03 0.03
0 0.41333333333333333 0.5133333333333333 0.023333333333333334 0.02
0 0.26 0.565 0.02666666666666667 0.025
0 0.34833333333333333 0.6183333333333333 0.02666666666666667 0.03
0 0.44333333333333336 0.6033333333333334 0.02666666666666667 0.02666666666666667
0 0.47 0.55 0.023333333333333334 0.03
0 0.3433333333333333 0.73 0.02666666666666667 0.02666666666666667
0 0.24 0.7166666666666667 0.02666666666666667 0.03
0 0.41333333333333333 0.6283333333333333 0.02666666666666667 0.02666666666666667
0 0.21666666666666667 0.915 0.028333333333333332 0.02666666666666667
0 0.46166666666666667 0.5866666666666667 0.02 0.02
0 0.25666666666666665 0.6583333333333333 0.02666666666666667 0.02666666666666667
0 0.6016666666666667 0.5516666666666666 0.03 0.03
0 0.41 0.28 0.03333333333333333 0.028333333333333332
0 0.23666666666666666 0.21 0.028333333333333332 0.02666666666666667
0 0.265 0.42 0.028333333333333332 0.02666666666666667
0 0.31666666666666665 0.44166666666666665 0.02666666666666667 0.023333333333333334
0 0.25333333333333335 0.43333333333333335 0.023333333333333334 0.02
0 0.485 0.11833333333333333 0.02666666666666667 0.02666666666666667
0 0.25666666666666665 0.05 0.02666666666666667 0.02666666666666667
0 0.3983333333333333 0.4766666666666667 0.023333333333333334 0.023333333333333334
0 0.305 0.41833333333333333 0.023333333333333334 0.02666666666666667
0 0.49666666666666665 0.43166666666666664 0.02 0.023333333333333334
0 0.505 0.5566666666666666 0.03 0.03
0 0.5116666666666667 0.6866666666666666 0.023333333333333334 0.025
0 0.43333333333333335 0.29833333333333334 0.023333333333333334 0.025
0 0.23833333333333334 0.7766666666666666 0.02666666666666667 0.03
0 0.75 0.7483333333333333 0.03 0.03333333333333333