0 0.5583333333333333 0.645 0.03 0.023333333333333334
0 0.8066666666666666 0.9733333333333334 0.023333333333333334 0.023333333333333334
0 0.26666666666666666 0.058333333333333334 0.02666666666666667 0.023333333333333334
0 0.585 0.12166666666666667 0.025 0.023333333333333334
0 0.76 0.3516666666666667 0.03 0.03
0 0.8083333333333333 0.24 0.023333333333333334 0.023333333333333334
0 0.5516666666666666 0.08833333333333333 0.025 0.023333333333333334
0 0.975 0.29 0.021666666666666667 0.028333333333333332
0 0.47 0.27666666666666667 0.028333333333333332 0.025
0 0.79 0.2816666666666667 0.02666666666666667 0.028333333333333332
0 0.39666666666666667 0.023333333333333334 0.023333333333333334 0.03