0 0.30833333333333335 0.72 0.03 0.02666666666666667
0 0.30333333333333334 0.6416666666666667 0.02 0.02666666666666667
0 0.2683333333333333 0.6416666666666667 0.03333333333333333 0.03
0 0.3016666666666667 0.56 0.02666666666666667 0.02666666666666667
0 0.12333333333333334 0.555 0.03 0.02666666666666667
0 0.49333333333333335 0.665 0.02666666666666667 0.03
0 0.2816666666666667 0.7916666666666666 0.02666666666666667 0.03
0 0.345 0.8266666666666667 0.02 0.02666666666666667
0 0.835 0.8916666666666667 0.02 0.02666666666666667
0 0.085 0.3233333333333333 0.02666666666666667 0.02666666666666667
0 0.055 0.3383333333333333 0.023333333333333334 0.02
0 0.06 0.49333333333333335 0.023333333333333334 0.023333333333333334
0 0.9116666666666666 0.155 0.03166666666666667 0.028333333333333332
0 0.985 0.305 0.03 0.03
0 0.08666666666666667 0.5133333333333333 0.03 0.02
0 0.06166666666666667 0.5166666666666667 0.02666666666666667 0.02666666666666667
0 0.335 0.015 0.02666666666666667 0.02
0 0.02666666666666667 0.305 0.021666666666666667 0.023333333333333334
0 0.6383333333333333 0.8783333333333333 0.025 0.025
0 0.16333333333333333 0.5833333333333334 0.028333333333333332 0.03
0 0.11333333333333333 0.49333333333333335 0.025 0.025
0 0.12 0.6016666666666667 0.02666666666666667 0.02666666666666667