0 0.335 0.041666666666666664 0.03333333333333333 0.025
0 0.375 0.15 0.03 0.02
0 0.3983333333333333 0.10333333333333333 0.02666666666666667 0.02
0 0.3016666666666667 0.07166666666666667 0.02666666666666667 0.02666666666666667
0 0.30666666666666664 0.09666666666666666 0.023333333333333334 0.025
0 0.36666666666666664 0.33166666666666667 0.03 0.02666666666666667
0 0.34833333333333333 0.245 0.02666666666666667 0.023333333333333334
0 0.37166666666666665 0.30333333333333334 0.03 0.03
0 0.395 0.23666666666666666 0.03 0.02666666666666667
0 0.8033333333333333 0.29333333333333333 0.021666666666666667 0.023333333333333334
0 0.6933333333333334 0.34 0.02666666666666667 0.023333333333333334
0 0.6266666666666667 0.3566666666666667 0.023333333333333334 0.023333333333333334
0 0.9866666666666667 0.43166666666666664 0.021666666666666667 0.02666666666666667
0 0.6433333333333333 0.37333333333333335 0.025 0.023333333333333334
0 0.5683333333333334 0.335 0.023333333333333334 0.025
0 0.645 0.15666666666666668 0.023333333333333334 0.02
0 0.7483333333333333 0.27166666666666667 0.023333333333333334 0.02
0 0.8683333333333333 0.4666666666666667 0.021666666666666667 0.023333333333333334
0 0.85 0.13666666666666666 0.02 0.02
0 0.8983333333333333 0.13666666666666666 0.023333333333333334 0.023333333333333334
0 0.9366666666666666 0.16 0.023333333333333334 0.02
0 0.9133333333333333 0.21666666666666667 0.023333333333333334 0.02
0 0.7383333333333333 0.30833333333333335 0.023333333333333334 0.023333333333333334
0 0.6233333333333333 0.41333333333333333 0.023333333333333334 0.023333333333333334
0 0.6033333333333334 0.09833333333333333 0.02666666666666667 0.02666666666666667
0 0.7133333333333334 0.35833333333333334 0.02666666666666667 0.02666666666666667
0 0.7166666666666667 0.30333333333333334 0.023333333333333334 0.023333333333333334
0 0.9583333333333334 0.38333333333333336 0.023333333333333334 0.023333333333333334
0 0.5583333333333333 0.375 0.023333333333333334 0.023333333333333334
0 0.6466666666666666 0.455 0.03 0.03
0 0.7483333333333333 0.24833333333333332 0.02666666666666667 0.02666666666666667
0 0.6583333333333333 0.245 0.023333333333333334 0.023333333333333334
0 0.7266666666666667 0.08666666666666667 0.023333333333333334 0.023333333333333334
0 0.685 0.2916666666666667 0.023333333333333334 0.023333333333333334
0 0.8533333333333334 0.315 0.02666666666666667 0.02
0 0.9016666666666666 0.18 0.023333333333333334 0.023333333333333334
0 0.6566666666666666 0.41833333333333333 0.02666666666666667 0.02666666666666667
0 0.9066666666666666 0.3516666666666667 0.02666666666666667 0.023333333333333334
0 0.8783333333333333 0.18666666666666668 0.02666666666666667 0.023333333333333334
0 0.835 0.15833333333333333 0.023333333333333334 0.023333333333333334
0 0.8283333333333334 0.19666666666666666 0.02666666666666667 0.02666666666666667
0 0.83 0.17833333333333334 0.023333333333333334 0.023333333333333334
0 0.8933333333333333 0.425 0.02666666666666667 0.03666666666666667
0 0.36666666666666664 0.985 0.02666666666666667 0.023333333333333334
0 0.9583333333333334 0.565 0.02 0.02
0 0.7116666666666667 0.51 0.02666666666666667 0.025
0 0.8866666666666667 0.6616666666666666 0.03 0.023333333333333334
0 0.8883333333333333 0.4766666666666667 0.023333333333333334 0.02
0 0.7516666666666667 0.8316666666666667 0.03 0.023333333333333334
0 0.95 0.6183333333333333 0.02666666666666667 0.03
0 0.7116666666666667 0.49 0.025 0.02
0 0.6666666666666666 0.485 0.023333333333333334 0.02
0 0.8833333333333333 0.86 0.03666666666666667 0.03666666666666667
0 0.8216666666666667 0.76 0.02666666666666667 0.02666666666666667
0 0.84 0.7833333333333333 0.02666666666666667 0.02666666666666667
0 0.8783333333333333 0.6283333333333333 0.02666666666666667 0.02666666666666667
0 0.8416666666666667 0.6216666666666667 0.02666666666666667 0.02666666666666667
0 0.8466666666666667 0.6433333333333333 0.02666666666666667 0.02666666666666667
0 0.9866666666666667 0.51 0.023333333333333334 0.023333333333333334
0 0.9483333333333334 0.53 0.02666666666666667 0.02666666666666667
0 0.9383333333333334 0.49 0.023333333333333334 0.023333333333333334
0 0.9866666666666667 0.29833333333333334 0.02 0.02
0 0.8916666666666667 0.6966666666666667 0.023333333333333334 0.02