0 0.8083333333333333 0.7583333333333333 0.023333333333333334 0.02
0 0.8216666666666667 0.8516666666666667 0.02666666666666667 0.02
0 0.95 0.7333333333333333 0.023333333333333334 0.02
0 0.9566666666666667 0.6133333333333333 0.02666666666666667 0.02
0 0.6983333333333334 0.83 0.023333333333333334 0.023333333333333334
0 0.68 0.7283333333333334 0.03 0.02666666666666667
0 0.7516666666666667 0.815 0.023333333333333334 0.023333333333333334
0 0.8933333333333333 0.9183333333333333 0.023333333333333334 0.02666666666666667
0 0.7116666666666667 0.7866666666666666 0.023333333333333334 0.023333333333333334
0 0.8266666666666667 0.91 0.023333333333333334 0.02
0 0.735 0.63 0.03 0.03
0 0.73 0.8916666666666667 0.03 0.03
0 0.7283333333333334 0.7316666666666667 0.02666666666666667 0.02666666666666667
0 0.6816666666666666 0.8883333333333333 0.02666666666666667 0.02666666666666667
0 0.9083333333333333 0.5333333333333333 0.02666666666666667 0.023333333333333334
0 0.6183333333333333 0.6966666666666667 0.02666666666666667 0.02666666666666667
0 0.7566666666666667 0.7483333333333333 0.02666666666666667 0.02666666666666667
0 0.9783333333333334 0.5466666666666666 0.02666666666666667 0.02666666666666667
0 0.8516666666666667 0.8083333333333333 0.023333333333333334 0.023333333333333334
0 0.7533333333333333 0.9616666666666667 0.02666666666666667 0.02666666666666667
0 0.9583333333333334 0.6616666666666666 0.023333333333333334 0.023333333333333334
0 0.7833333333333333 0.7883333333333333 0.02666666666666667 0.02666666666666667
0 0.595 0.825 0.023333333333333334 0.023333333333333334
0 0.6733333333333333 0.695 0.023333333333333334 0.023333333333333334
0 0.9083333333333333 0.865 0.023333333333333334 0.023333333333333334
0 0.8816666666666667 0.8016666666666666 0.023333333333333334 0.023333333333333334
0 0.6683333333333333 0.7516666666666667 0.023333333333333334 0.023333333333333334
0 0.6333333333333333 0.755 0.023333333333333334 0.023333333333333334
0 0.9133333333333333 0.8116666666666666 0.023333333333333334 0.023333333333333334
0 0.7483333333333333 0.8516666666666667 0.02666666666666667 0.023333333333333334
0 0.63 0.5666666666666667 0.03 0.023333333333333334
0 0.6966666666666667 0.7016666666666667 0.02 0.03
0 0.7566666666666667 0.9183333333333333 0.02666666666666667 0.023333333333333334
0 0.9766666666666667 0.725 0.03 0.023333333333333334
0 0.6283333333333333 0.7783333333333333 0.023333333333333334 0.02666666666666667
0 0.09833333333333333 0.5916666666666667 0.02666666666666667 0.023333333333333334
0 0.505 0.9766666666666667 0.02666666666666667 0.02
0 0.5233333333333333 0.8383333333333334 0.023333333333333334 0.023333333333333334
0 0.07166666666666667 0.7683333333333333 0.02666666666666667 0.023333333333333334
0 0.1 0.8416666666666667 0.03 0.03
0 0.7333333333333333 0.14166666666666666 0.02666666666666667 0.02666666666666667
0 0.7283333333333334 0.3883333333333333 0.02666666666666667 0.02666666666666667
0 0.6666666666666666 0.3566666666666667 0.02666666666666667 0.023333333333333334
0 0.7216666666666667 0.08166666666666667 0.02666666666666667 0.02666666666666667
0 0.8683333333333333 0.155 0.023333333333333334 0.023333333333333334
0 0.5716666666666667 0.38166666666666665 0.023333333333333334 0.023333333333333334
0 0.7133333333333334 0.04833333333333333 0.023333333333333334 0.02
0 0.6516666666666666 0.19333333333333333 0.023333333333333334 0.02666666666666667
0 0.5383333333333333 0.041666666666666664 0.023333333333333334 0.023333333333333334
0 0.5933333333333334 0.22166666666666668 0.02666666666666667 0.023333333333333334
0 0.93 0.18333333333333332 0.023333333333333334 0.023333333333333334
0 0.9016666666666666 0.13833333333333334 0.02666666666666667 0.02666666666666667
0 0.7433333333333333 0.11666666666666667 0.023333333333333334 0.023333333333333334
0 0.5433333333333333 0.315 0.02666666666666667 0.02666666666666667
0 0.55 0.40166666666666667 0.02 0.02
0 0.15333333333333332 0.255 0.03 0.02666666666666667
0 0.5216666666666666 0.10833333333333334 0.02666666666666667 0.02666666666666667
0 0.4533333333333333 0.43166666666666664 0.023333333333333334 0.023333333333333334
0 0.21666666666666667 0.021666666666666667 0.02666666666666667 0.023333333333333334
0 0.26166666666666666 0.49 0.023333333333333334 0.023333333333333334
0 0.34 0.4533333333333333 0.023333333333333334 0.023333333333333334
0 0.37833333333333335 0.04833333333333333 0.023333333333333334 0.023333333333333334
0 0.17833333333333334 0.18 0.02666666666666667 0.023333333333333334
0 0.12166666666666667 0.30333333333333334 0.023333333333333334 0.023333333333333334
0 0.775 0.5516666666666666 0.021666666666666667 0.02
0 0.5633333333333334 0.25166666666666665 0.025 0.023333333333333334
0 0.6233333333333333 0.06833333333333333 0.02 0.023333333333333334
0 0.8466666666666667 0.9116666666666666 0.018333333333333333 0.02666666666666667
0 0.84 0.8683333333333333 0.02 0.023333333333333334
0 0.785 0.43 0.02 0.025