0 0.011666666666666667 0.93 0.023333333333333334 0.02666666666666667
0 0.14166666666666666 0.9783333333333334 0.02666666666666667 0.02666666666666667
0 0.45166666666666666 0.83 0.02 0.023333333333333334
0 0.07833333333333334 0.5633333333333334 0.03 0.02666666666666667
0 0.105 0.7333333333333333 0.02666666666666667 0.023333333333333334
0 0.04666666666666667 0.9766666666666667 0.023333333333333334 0.02
0 0.058333333333333334 0.6216666666666667 0.023333333333333334 0.02666666666666667
0 0.5666666666666667 0.9233333333333333 0.02666666666666667 0.023333333333333334
0 0.9366666666666666 0.5416666666666666 0.03 0.02666666666666667
0 0.545 0.8883333333333333 0.023333333333333334 0.023333333333333334
0 0.545 0.8633333333333333 0.023333333333333334 0.023333333333333334
0 0.555 0.06166666666666667 0.021666666666666667 0.02
0 0.59 0.37833333333333335 0.02666666666666667 0.023333333333333334
0 0.5233333333333333 0.3433333333333333 0.023333333333333334 0.023333333333333334
0 0.3466666666666667 0.7566666666666667 0.023333333333333334 0.02666666666666667