0 0.9816666666666667 0.9066666666666666 0.03 0.03
0 0.075 0.8866666666666667 0.025 0.025
0 0.05 0.78 0.02666666666666667 0.023333333333333334
0 0.18333333333333332 0.6466666666666666 0.023333333333333334 0.02666666666666667
0 0.3 0.7133333333333334 0.02666666666666667 0.02666666666666667
0 0.12 0.8133333333333334 0.02666666666666667 0.023333333333333334
0 0.12666666666666668 0.8466666666666667 0.02666666666666667 0.028333333333333332
0 0.48 0.6383333333333333 0.02666666666666667 0.02666666666666667
0 0.355 0.9333333333333333 0.03 0.02666666666666667
0 0.09833333333333333 0.5133333333333333 0.02666666666666667 0.02666666666666667
0 0.31166666666666665 0.945 0.02666666666666667 0.023333333333333334
0 0.14333333333333334 0.8633333333333333 0.02 0.023333333333333334
0 0.03333333333333333 0.8533333333333334 0.028333333333333332 0.025