0 0.2816666666666667 0.165 0.03 0.02666666666666667
0 0.22666666666666666 0.3466666666666667 0.023333333333333334 0.02
0 0.25833333333333336 0.45166666666666666 0.03 0.02666666666666667
0 0.25 0.4033333333333333 0.023333333333333334 0.023333333333333334
0 0.7716666666666666 0.38666666666666666 0.03 0.03
0 0.12833333333333333 0.5466666666666666 0.02 0.02
0 0.043333333333333335 0.9633333333333334 0.023333333333333334 0.02666666666666667
0 0.16333333333333333 0.8466666666666667 0.02666666666666667 0.023333333333333334
0 0.205 0.88 0.03 0.02666666666666667
0 0.36333333333333334 0.93 0.02666666666666667 0.023333333333333334
0 0.5 0.905 0.023333333333333334 0.023333333333333334
0 0.4766666666666667 0.8983333333333333 0.025 0.023333333333333334
0 0.6483333333333333 0.8116666666666666 0.023333333333333334 0.023333333333333334
0 0.5066666666666667 0.7583333333333333 0.02666666666666667 0.02666666666666667
0 0.5083333333333333 0.8016666666666666 0.03 0.03
0 0.3933333333333333 0.8316666666666667 0.02 0.02
0 0.5316666666666666 0.8266666666666667 0.02666666666666667 0.023333333333333334
0 0.325 0.8883333333333333 0.02 0.02
0 0.44 0.89 0.023333333333333334 0.02666666666666667
0 0.3016666666666667 0.6533333333333333 0.03 0.03
0 0.14 0.7666666666666667 0.03 0.03
0 0.09833333333333333 0.5516666666666666 0.02666666666666667 0.02666666666666667
0 0.055 0.5666666666666667 0.03 0.02666666666666667
0 0.59 0.8516666666666667 0.023333333333333334 0.023333333333333334
0 0.20333333333333334 0.8333333333333334 0.02666666666666667 0.02666666666666667
0 0.69 0.82 0.023333333333333334 0.023333333333333334
0 0.2833333333333333 0.5583333333333333 0.023333333333333334 0.023333333333333334
0 0.17166666666666666 0.6633333333333333 0.03 0.03
0 0.725 0.98 0.02666666666666667 0.021666666666666667
0 0.5916666666666667 0.7466666666666667 0.03 0.03
0 0.545 0.8466666666666667 0.023333333333333334 0.023333333333333334
0 0.18833333333333332 0.7033333333333334 0.023333333333333334 0.023333333333333334
0 0.175 0.9516666666666667 0.023333333333333334 0.023333333333333334
0 0.3466666666666667 0.8433333333333334 0.02666666666666667 0.02666666666666667
0 0.22666666666666666 0.9633333333333334 0.023333333333333334 0.02
0 0.34833333333333333 0.8933333333333333 0.02 0.02
0 0.4766666666666667 0.8583333333333333 0.023333333333333334 0.023333333333333334
0 0.5566666666666666 0.7683333333333333 0.023333333333333334 0.02666666666666667
0 0.5316666666666666 0.7916666666666666 0.023333333333333334 0.03
0 0.5516666666666666 0.7933333333333333 0.023333333333333334 0.03
0 0.105 0.5133333333333333 0.03333333333333333 0.023333333333333334