0 0.755 0.62 0.03666666666666667 0.023333333333333334
0 0.83 0.3433333333333333 0.03 0.02666666666666667
0 0.78 0.2916666666666667 0.02666666666666667 0.03
0 0.7866666666666666 0.225 0.023333333333333334 0.02666666666666667
0 0.7016666666666667 0.41833333333333333 0.03 0.02666666666666667
0 0.6416666666666667 0.43833333333333335 0.02666666666666667 0.02
0 0.6716666666666666 0.5716666666666667 0.03333333333333333 0.03
0 0.8566666666666667 0.15166666666666667 0.021666666666666667 0.02
0 0.8016666666666666 0.43333333333333335 0.02666666666666667 0.023333333333333334
0 0.605 0.8466666666666667 0.02666666666666667 0.023333333333333334
0 0.8083333333333333 0.18166666666666667 0.02666666666666667 0.023333333333333334
0 0.6483333333333333 0.9116666666666666 0.02666666666666667 0.02666666666666667
0 0.87 0.74 0.03 0.02666666666666667
0 0.8733333333333333 0.2866666666666667 0.02666666666666667 0.02666666666666667
0 0.795 0.4683333333333333 0.02666666666666667 0.02666666666666667
0 0.6616666666666666 0.46166666666666667 0.023333333333333334 0.02