0 0.44333333333333336 0.85 0.023333333333333334 0.02666666666666667
0 0.46166666666666667 0.7416666666666667 0.023333333333333334 0.02666666666666667
0 0.5566666666666666 0.8066666666666666 0.02666666666666667 0.03
0 0.5566666666666666 0.7783333333333333 0.03 0.03166666666666667
0 0.5833333333333334 0.9416666666666667 0.02666666666666667 0.03
0 0.7266666666666667 0.9533333333333334 0.02 0.02666666666666667
0 0.8683333333333333 0.895 0.03 0.02666666666666667
0 0.6266666666666667 0.8483333333333334 0.023333333333333334 0.02666666666666667
0 0.6333333333333333 0.83 0.02 0.023333333333333334
0 0.8 0.8966666666666666 0.02 0.023333333333333334
0 0.84 0.8916666666666667 0.028333333333333332 0.028333333333333332
0 0.6433333333333333 0.9633333333333334 0.02666666666666667 0.02666666666666667
0 0.18 0.22666666666666666 0.02 0.023333333333333334
0 0.021666666666666667 0.9583333333333334 0.03 0.021666666666666667
0 0.011666666666666667 0.28833333333333333 0.023333333333333334 0.02666666666666667
0 0.4816666666666667 0.6966666666666667 0.021666666666666667 0.03
0 0.23333333333333334 0.125 0.023333333333333334 0.02666666666666667
0 0.31 0.13 0.02666666666666667 0.028333333333333332