0 0.86 0.615 0.02 0.023333333333333334
0 0.7033333333333334 0.5833333333333334 0.02666666666666667 0.023333333333333334
0 0.58 0.5466666666666666 0.02666666666666667 0.023333333333333334
0 0.6583333333333333 0.6166666666666667 0.02666666666666667 0.023333333333333334
0 0.5866666666666667 0.7016666666666667 0.02666666666666667 0.02666666666666667
0 0.9016666666666666 0.9183333333333333 0.02666666666666667 0.023333333333333334
0 0.96 0.5516666666666666 0.023333333333333334 0.023333333333333334
0 0.6983333333333334 0.7483333333333333 0.023333333333333334 0.023333333333333334
0 0.55 0.6116666666666667 0.02666666666666667 0.02666666666666667
0 0.6316666666666667 0.605 0.02 0.023333333333333334
0 0.225 0.645 0.02666666666666667 0.03
0 0.15666666666666668 0.7316666666666667 0.023333333333333334 0.023333333333333334
0 0.04833333333333333 0.7666666666666667 0.02666666666666667 0.023333333333333334
0 0.35333333333333333 0.76 0.02666666666666667 0.023333333333333334
0 0.37333333333333335 0.9116666666666666 0.03666666666666667 0.03333333333333333
0 0.365 0.81 0.02666666666666667 0.02666666666666667
0 0.23833333333333334 0.78 0.023333333333333334 0.023333333333333334
0 0.205 0.7466666666666667 0.02 0.023333333333333334
0 0.10666666666666667 0.40166666666666667 0.02 0.03
0 0.20166666666666666 0.9716666666666667 0.03 0.023333333333333334
0 0.25 0.9366666666666666 0.02666666666666667 0.023333333333333334
0 0.21 0.925 0.02666666666666667 0.02
0 0.24666666666666667 0.84 0.023333333333333334 0.02
0 0.26 0.8233333333333334 0.02 0.02
0 0.19666666666666666 0.69 0.02666666666666667 0.023333333333333334
0 0.165 0.43 0.03 0.023333333333333334
0 0.14333333333333334 0.6 0.02 0.02
0 0.38166666666666665 0.8316666666666667 0.03 0.03
0 0.37333333333333335 0.85 0.02666666666666667 0.023333333333333334
0 0.415 0.9683333333333334 0.03 0.03
0 0.49 0.10666666666666667 0.02666666666666667 0.02666666666666667
0 0.33 0.98 0.02 0.02666666666666667
0 0.07666666666666666 0.5116666666666667 0.023333333333333334 0.023333333333333334
0 0.39 0.9483333333333334 0.02666666666666667 0.02
0 0.21833333333333332 0.9533333333333334 0.02666666666666667 0.02
0 0.305 0.8183333333333334 0.03 0.02
0 0.39666666666666667 0.5933333333333334 0.02666666666666667 0.02666666666666667
0 0.35333333333333333 0.595 0.02666666666666667 0.02666666666666667
0 0.21333333333333335 0.6066666666666667 0.02666666666666667 0.02666666666666667
0 0.19333333333333333 0.7883333333333333 0.02666666666666667 0.023333333333333334
0 0.3383333333333333 0.5333333333333333 0.023333333333333334 0.023333333333333334
0 0.21666666666666667 0.43666666666666665 0.02666666666666667 0.02666666666666667
0 0.23333333333333334 0.925 0.02666666666666667 0.023333333333333334
0 0.09166666666666666 0.5983333333333334 0.023333333333333334 0.02666666666666667
0 0.2916666666666667 0.5983333333333334 0.02 0.02
0 0.2866666666666667 0.5783333333333334 0.02 0.023333333333333334
0 0.115 0.5783333333333334 0.02 0.023333333333333334
0 0.31833333333333336 0.5716666666666667 0.02 0.02
0 0.35333333333333333 0.9733333333333334 0.02 0.02
0 0.31666666666666665 0.95 0.02666666666666667 0.02
0 0.3616666666666667 0.9383333333333334 0.023333333333333334 0.02
0 0.021666666666666667 0.7166666666666667 0.02 0.023333333333333334
0 0.9 0.6116666666666667 0.021666666666666667 0.023333333333333334
0 0.7583333333333333 0.735 0.023333333333333334 0.018333333333333333
0 0.76 0.72 0.018333333333333333 0.015