0 0.3383333333333333 0.9616666666666667 0.02666666666666667 0.02666666666666667
0 0.43666666666666665 0.9766666666666667 0.023333333333333334 0.02666666666666667
0 0.26666666666666666 0.8666666666666667 0.023333333333333334 0.02
0 0.47833333333333333 0.9083333333333333 0.02666666666666667 0.02666666666666667
0 0.48333333333333334 0.6533333333333333 0.02666666666666667 0.02666666666666667
0 0.435 0.555 0.02666666666666667 0.023333333333333334
0 0.37833333333333335 0.5883333333333334 0.02666666666666667 0.023333333333333334
0 0.36666666666666664 0.785 0.02666666666666667 0.02666666666666667
0 0.43333333333333335 0.8433333333333334 0.02666666666666667 0.023333333333333334
0 0.345 0.7116666666666667 0.02666666666666667 0.02666666666666667
0 0.3383333333333333 0.5816666666666667 0.023333333333333334 0.023333333333333334
0 0.2683333333333333 0.9333333333333333 0.023333333333333334 0.02
0 0.45166666666666666 0.9083333333333333 0.023333333333333334 0.03
0 0.31666666666666665 0.9066666666666666 0.03 0.02666666666666667
0 0.42333333333333334 0.9083333333333333 0.02666666666666667 0.02666666666666667
0 0.41833333333333333 0.9333333333333333 0.02666666666666667 0.02666666666666667
0 0.44666666666666666 0.9583333333333334 0.02666666666666667 0.02666666666666667
0 0.6016666666666667 0.735 0.03 0.02666666666666667
0 0.77 0.7916666666666666 0.03 0.025
0 0.625 0.7166666666666667 0.03 0.023333333333333334
0 0.9133333333333333 0.64 0.02666666666666667 0.02
0 0.64 0.92 0.02666666666666667 0.02666666666666667
0 0.6883333333333334 0.67 0.023333333333333334 0.023333333333333334
0 0.6833333333333333 0.63 0.023333333333333334 0.02
0 0.71 0.82 0.03 0.023333333333333334
0 0.57 0.9733333333333334 0.02666666666666667 0.023333333333333334
0 0.8333333333333334 0.725 0.02666666666666667 0.02666666666666667
0 0.6083333333333333 0.7566666666666667 0.023333333333333334 0.023333333333333334
0 0.82 0.6666666666666666 0.023333333333333334 0.023333333333333334
0 0.8116666666666666 0.745 0.02666666666666667 0.023333333333333334
0 0.6266666666666667 0.7566666666666667 0.02 0.02666666666666667
0 0.02666666666666667 0.4266666666666667 0.023333333333333334 0.023333333333333334
0 0.06666666666666667 0.175 0.02666666666666667 0.023333333333333334
0 0.405 0.043333333333333335 0.023333333333333334 0.023333333333333334
0 0.04833333333333333 0.435 0.02666666666666667 0.023333333333333334
0 0.2866666666666667 0.023333333333333334 0.023333333333333334 0.023333333333333334
0 0.38333333333333336 0.06833333333333333 0.023333333333333334 0.023333333333333334
0 0.17 0.15833333333333333 0.023333333333333334 0.023333333333333334
0 0.205 0.165 0.02666666666666667 0.023333333333333334
0 0.04666666666666667 0.15833333333333333 0.02666666666666667 0.02666666666666667
0 0.19333333333333333 0.09666666666666666 0.021666666666666667 0.028333333333333332
0 0.028333333333333332 0.20666666666666667 0.028333333333333332 0.028333333333333332
0 0.48333333333333334 0.565 0.021666666666666667 0.03
0 0.35 0.8166666666666667 0.025 0.021666666666666667
0 0.2633333333333333 0.9516666666666667 0.023333333333333334 0.02