0 0.195 0.25333333333333335 0.023333333333333334 0.023333333333333334
0 0.12666666666666668 0.25666666666666665 0.028333333333333332 0.03
0 0.13 0.275 0.028333333333333332 0.02666666666666667
0 0.21166666666666667 0.35833333333333334 0.02666666666666667 0.02
0 0.3566666666666667 0.18666666666666668 0.028333333333333332 0.023333333333333334
0 0.43166666666666664 0.23166666666666666 0.03666666666666667 0.03666666666666667
0 0.058333333333333334 0.31166666666666665 0.02666666666666667 0.02666666666666667
0 0.10833333333333334 0.335 0.02 0.023333333333333334
0 0.6083333333333333 0.10666666666666667 0.023333333333333334 0.02666666666666667
0 0.625 0.13666666666666666 0.02666666666666667 0.023333333333333334
0 0.8 0.30833333333333335 0.03166666666666667 0.03166666666666667
0 0.6816666666666666 0.22833333333333333 0.03333333333333333 0.03833333333333333
0 0.66 0.2783333333333333 0.02666666666666667 0.03333333333333333
0 0.535 0.24166666666666667 0.023333333333333334 0.023333333333333334
0 0.5516666666666666 0.20666666666666667 0.023333333333333334 0.023333333333333334
0 0.5866666666666667 0.18166666666666667 0.02666666666666667 0.02666666666666667
0 0.5016666666666667 0.31166666666666665 0.02666666666666667 0.02666666666666667
0 0.5483333333333333 0.30833333333333335 0.035 0.03166666666666667
0 0.49833333333333335 0.225 0.023333333333333334 0.03666666666666667
0 0.6316666666666667 0.905 0.03 0.035
0 0.013333333333333334 0.7066666666666667 0.023333333333333334 0.02666666666666667