0 0.5816666666666667 0.31333333333333335 0.03 0.02666666666666667
0 0.39166666666666666 0.6433333333333333 0.023333333333333334 0.023333333333333334
0 0.41 0.6366666666666667 0.02666666666666667 0.023333333333333334
0 0.02666666666666667 0.6616666666666666 0.02 0.02666666666666667
0 0.21833333333333332 0.03 0.02666666666666667 0.02666666666666667
0 0.335 0.013333333333333334 0.02666666666666667 0.023333333333333334
0 0.405 0.08 0.02666666666666667 0.03
0 0.31333333333333335 0.15833333333333333 0.03666666666666667 0.03
0 0.38666666666666666 0.13 0.03 0.02666666666666667
0 0.43833333333333335 0.07666666666666666 0.023333333333333334 0.023333333333333334
0 0.4033333333333333 0.21666666666666667 0.02666666666666667 0.02666666666666667
0 0.23833333333333334 0.10833333333333334 0.03 0.03
0 0.155 0.31 0.02666666666666667 0.02666666666666667
0 0.27166666666666667 0.31833333333333336 0.02666666666666667 0.023333333333333334
0 0.5266666666666666 0.42 0.02666666666666667 0.023333333333333334