0 0.27166666666666667 0.5566666666666666 0.02 0.02
0 0.33166666666666667 0.6166666666666667 0.02 0.023333333333333334
0 0.32166666666666666 0.5266666666666666 0.023333333333333334 0.023333333333333334
0 0.3466666666666667 0.7466666666666667 0.02 0.023333333333333334
0 0.38666666666666666 0.6833333333333333 0.02666666666666667 0.02
0 0.30333333333333334 0.7416666666666667 0.023333333333333334 0.023333333333333334
0 0.35333333333333333 0.5383333333333333 0.02666666666666667 0.02666666666666667
0 0.5033333333333333 0.71 0.023333333333333334 0.023333333333333334
0 0.48333333333333334 0.69 0.02666666666666667 0.023333333333333334
0 0.31 0.6616666666666666 0.023333333333333334 0.023333333333333334
0 0.27166666666666667 0.6933333333333334 0.023333333333333334 0.023333333333333334
0 0.6933333333333334 0.29333333333333333 0.03 0.02666666666666667
0 0.7333333333333333 0.09166666666666666 0.023333333333333334 0.02666666666666667
0 0.6933333333333334 0.058333333333333334 0.02666666666666667 0.02
0 0.7516666666666667 0.10833333333333334 0.02 0.02
0 0.7783333333333333 0.12333333333333334 0.023333333333333334 0.02
0 0.7666666666666667 0.075 0.023333333333333334 0.02
0 0.835 0.09333333333333334 0.023333333333333334 0.02
0 0.8 0.16333333333333333 0.02 0.02
0 0.6983333333333334 0.23666666666666666 0.02 0.02
0 0.7233333333333334 0.24333333333333335 0.02 0.016666666666666666
0 0.82 0.01 0.03 0.02
0 0.66 0.14833333333333334 0.02666666666666667 0.023333333333333334
0 0.74 0.011666666666666667 0.03 0.023333333333333334
0 0.785 0.015 0.02 0.02666666666666667
0 0.30833333333333335 0.5083333333333333 0.02 0.016666666666666666
0 0.09833333333333333 0.445 0.023333333333333334 0.023333333333333334
0 0.225 0.4666666666666667 0.02 0.02
0 0.24333333333333335 0.43333333333333335 0.02666666666666667 0.02666666666666667