0 0.23833333333333334 0.46166666666666667 0.02 0.02666666666666667
0 0.215 0.45166666666666666 0.021666666666666667 0.021666666666666667
0 0.18333333333333332 0.455 0.03 0.02666666666666667
0 0.16333333333333333 0.39166666666666666 0.023333333333333334 0.02
0 0.26166666666666666 0.31833333333333336 0.02 0.02666666666666667
0 0.4 0.41333333333333333 0.023333333333333334 0.023333333333333334
0 0.035 0.39666666666666667 0.02666666666666667 0.02666666666666667
0 0.6166666666666667 0.38666666666666666 0.03333333333333333 0.03
0 0.5683333333333334 0.18333333333333332 0.023333333333333334 0.023333333333333334
0 0.68 0.2866666666666667 0.02666666666666667 0.023333333333333334
0 0.7433333333333333 0.3466666666666667 0.023333333333333334 0.02666666666666667
0 0.7133333333333334 0.3233333333333333 0.023333333333333334 0.023333333333333334
0 0.5783333333333334 0.235 0.02 0.02
0 0.62 0.5183333333333333 0.023333333333333334 0.03
0 0.635 0.6 0.023333333333333334 0.02666666666666667
0 0.6366666666666667 0.6283333333333333 0.02666666666666667 0.02
0 0.9266666666666666 0.6533333333333333 0.023333333333333334 0.02666666666666667
0 0.6366666666666667 0.5033333333333333 0.03 0.02
0 0.9333333333333333 0.6766666666666666 0.023333333333333334 0.02
0 0.5383333333333333 0.8966666666666666 0.03 0.03
0 0.955 0.57 0.02666666666666667 0.02666666666666667
0 0.5866666666666667 0.5283333333333333 0.02666666666666667 0.023333333333333334
0 0.013333333333333334 0.15333333333333332 0.02666666666666667 0.02666666666666667
0 0.058333333333333334 0.87 0.02666666666666667 0.02666666666666667
0 0.08166666666666667 0.8916666666666667 0.023333333333333334 0.02666666666666667
0 0.06333333333333334 0.6766666666666666 0.023333333333333334 0.02
0 0.1 0.6616666666666666 0.023333333333333334 0.023333333333333334
0 0.4666666666666667 0.7533333333333333 0.02666666666666667 0.03
0 0.01 0.8433333333333334 0.02 0.02
0 0.18166666666666667 0.485 0.03 0.023333333333333334
0 0.12333333333333334 0.6816666666666666 0.023333333333333334 0.02666666666666667
0 0.25333333333333335 0.8516666666666667 0.03 0.02666666666666667
0 0.018333333333333333 0.8783333333333333 0.023333333333333334 0.023333333333333334
0 0.6533333333333333 0.43 0.03333333333333333 0.03333333333333333
0 0.6683333333333333 0.03 0.035 0.03
0 0.6733333333333333 0.006666666666666667 0.04 0.013333333333333334
0 0.515 0.29333333333333333 0.023333333333333334 0.02666666666666667
0 0.22333333333333333 0.4716666666666667 0.018333333333333333 0.023333333333333334