0 0.8683333333333333 0.085 0.03 0.02666666666666667
0 0.8566666666666667 0.17 0.023333333333333334 0.023333333333333334
0 0.9833333333333333 0.38166666666666665 0.03333333333333333 0.03
0 0.9183333333333333 0.02666666666666667 0.02666666666666667 0.03
0 0.8983333333333333 0.006666666666666667 0.023333333333333334 0.013333333333333334
0 0.9833333333333333 0.09833333333333333 0.03 0.03
0 0.7966666666666666 0.16166666666666665 0.02 0.02
0 0.8116666666666666 0.16166666666666665 0.023333333333333334 0.02
0 0.7666666666666667 0.465 0.03166666666666667 0.03
0 0.9583333333333334 0.43333333333333335 0.02666666666666667 0.02666666666666667
0 0.195 0.19 0.023333333333333334 0.023333333333333334
0 0.19166666666666668 0.30333333333333334 0.028333333333333332 0.025
0 0.3233333333333333 0.3233333333333333 0.03333333333333333 0.02666666666666667
0 0.09166666666666666 0.4633333333333333 0.03333333333333333 0.03
0 0.13166666666666665 0.38 0.02666666666666667 0.02666666666666667
0 0.8283333333333334 0.3616666666666667 0.03 0.03
0 0.12833333333333333 0.355 0.02666666666666667 0.023333333333333334
0 0.08166666666666667 0.32666666666666666 0.023333333333333334 0.023333333333333334
0 0.8016666666666666 0.3883333333333333 0.02666666666666667 0.02666666666666667
0 0.9833333333333333 0.27166666666666667 0.02666666666666667 0.02666666666666667
0 0.435 0.3433333333333333 0.03 0.02666666666666667
0 0.715 0.455 0.023333333333333334 0.023333333333333334
0 0.06333333333333334 0.7383333333333333 0.03 0.02666666666666667
0 0.21833333333333332 0.555 0.02666666666666667 0.02666666666666667
0 0.27166666666666667 0.9766666666666667 0.02666666666666667 0.02666666666666667
0 0.19 0.6683333333333333 0.02666666666666667 0.023333333333333334
0 0.17333333333333334 0.49333333333333335 0.02666666666666667 0.02666666666666667
0 0.36 0.915 0.023333333333333334 0.023333333333333334
0 0.275 0.51 0.03 0.03
0 0.25 0.5433333333333333 0.02666666666666667 0.02666666666666667
0 0.9566666666666667 0.5933333333333334 0.03 0.023333333333333334
0 0.9533333333333334 0.6083333333333333 0.02666666666666667 0.02
0 0.7966666666666666 0.5 0.02 0.023333333333333334
0 0.9383333333333334 0.6733333333333333 0.03 0.02
0 0.975 0.7183333333333334 0.03 0.02666666666666667
0 0.8033333333333333 0.7966666666666666 0.03 0.02666666666666667
0 0.8116666666666666 0.7366666666666667 0.02666666666666667 0.03
0 0.8983333333333333 0.8883333333333333 0.023333333333333334 0.02666666666666667
0 0.8533333333333334 0.7816666666666666 0.03 0.023333333333333334
0 0.8666666666666667 0.8583333333333333 0.02666666666666667 0.02
0 0.9566666666666667 0.9083333333333333 0.03 0.02666666666666667
0 0.8633333333333333 0.955 0.02666666666666667 0.02
0 0.7533333333333333 0.9433333333333334 0.02666666666666667 0.023333333333333334
0 0.735 0.8883333333333333 0.023333333333333334 0.023333333333333334
0 0.8916666666666667 0.9583333333333334 0.02666666666666667 0.023333333333333334
0 0.9466666666666667 0.9566666666666667 0.02666666666666667 0.023333333333333334
0 0.7733333333333333 0.7466666666666667 0.023333333333333334 0.023333333333333334
0 0.675 0.6916666666666667 0.023333333333333334 0.023333333333333334
0 0.9666666666666667 0.835 0.02666666666666667 0.023333333333333334
0 0.9083333333333333 0.915 0.02666666666666667 0.02666666666666667
0 0.95 0.705 0.02666666666666667 0.02666666666666667
0 0.9233333333333333 0.8266666666666667 0.02666666666666667 0.023333333333333334
0 0.8533333333333334 0.9166666666666666 0.023333333333333334 0.023333333333333334
0 0.65 0.6083333333333333 0.023333333333333334 0.023333333333333334
0 0.8866666666666667 0.7933333333333333 0.023333333333333334 0.023333333333333334
0 0.7633333333333333 0.495 0.023333333333333334 0.02
0 0.9366666666666666 0.5466666666666666 0.023333333333333334 0.023333333333333334
0 0.9083333333333333 0.9816666666666667 0.023333333333333334 0.023333333333333334
0 0.99 0.34 0.018333333333333333 0.025
0 0.7466666666666667 0.7866666666666666 0.02666666666666667 0.023333333333333334
0 0.8616666666666667 0.8116666666666666 0.028333333333333332 0.028333333333333332
0 0.99 0.9533333333333334 0.02 0.028333333333333332