0 0.8183333333333334 0.5916666666666667 0.02666666666666667 0.03
0 0.9683333333333334 0.4216666666666667 0.025 0.025
0 0.6783333333333333 0.8216666666666667 0.023333333333333334 0.02
0 0.6316666666666667 0.6016666666666667 0.023333333333333334 0.02666666666666667
0 0.5166666666666667 0.5383333333333333 0.023333333333333334 0.02
0 0.9666666666666667 0.49666666666666665 0.023333333333333334 0.02666666666666667
0 0.7683333333333333 0.6066666666666667 0.03 0.02666666666666667
0 0.6633333333333333 0.9066666666666666 0.023333333333333334 0.02666666666666667
0 0.8633333333333333 0.5683333333333334 0.02 0.02
0 0.8716666666666667 0.6433333333333333 0.02666666666666667 0.023333333333333334
0 0.2 0.15 0.02 0.02
0 0.155 0.17666666666666667 0.02666666666666667 0.02666666666666667
0 0.8083333333333333 0.6416666666666667 0.023333333333333334 0.023333333333333334
0 0.79 0.7166666666666667 0.023333333333333334 0.023333333333333334
0 0.38166666666666665 0.7316666666666667 0.02666666666666667 0.02666666666666667
0 0.9383333333333334 0.21 0.02 0.02
0 0.9566666666666667 0.8683333333333333 0.02 0.023333333333333334
0 0.9616666666666667 0.8533333333333334 0.023333333333333334 0.02
0 0.5733333333333334 0.5683333333333334 0.025 0.03
0 0.65 0.54 0.025 0.03