0 0.06833333333333333 0.36333333333333334 0.02 0.023333333333333334
0 0.14666666666666667 0.3333333333333333 0.03 0.02
0 0.8066666666666666 0.035 0.02 0.03
0 0.13833333333333334 0.31333333333333335 0.023333333333333334 0.023333333333333334
0 0.21 0.27666666666666667 0.03 0.03
0 0.19833333333333333 0.7233333333333334 0.03 0.02666666666666667
0 0.8266666666666667 0.7733333333333333 0.023333333333333334 0.02666666666666667
0 0.8866666666666667 0.7516666666666667 0.023333333333333334 0.02
0 0.8366666666666667 0.735 0.023333333333333334 0.02
0 0.4583333333333333 0.915 0.02 0.023333333333333334
0 0.31166666666666665 0.6783333333333333 0.02666666666666667 0.03
0 0.2916666666666667 0.7083333333333334 0.02666666666666667 0.02666666666666667
0 0.07333333333333333 0.6633333333333333 0.03 0.03
0 0.805 0.7733333333333333 0.023333333333333334 0.02666666666666667
0 0.7716666666666666 0.7066666666666667 0.023333333333333334 0.02666666666666667
0 0.8366666666666667 0.9083333333333333 0.023333333333333334 0.023333333333333334
0 0.97 0.6366666666666667 0.023333333333333334 0.02666666666666667
0 0.33166666666666667 0.9083333333333333 0.02 0.023333333333333334
0 0.24333333333333335 0.7083333333333334 0.023333333333333334 0.02666666666666667
0 0.07166666666666667 0.6233333333333333 0.02666666666666667 0.035
0 0.49166666666666664 0.8616666666666667 0.025 0.023333333333333334