0 0.08166666666666667 0.5 0.03 0.02666666666666667
0 0.11833333333333333 0.6933333333333334 0.023333333333333334 0.023333333333333334
0 0.045 0.7666666666666667 0.023333333333333334 0.023333333333333334
0 0.10833333333333334 0.42833333333333334 0.023333333333333334 0.03
0 0.25 0.53 0.03 0.023333333333333334
0 0.29333333333333333 0.12 0.02666666666666667 0.025
0 0.37 0.15166666666666667 0.03 0.025
0 0.3983333333333333 0.7 0.028333333333333332 0.021666666666666667
0 0.26666666666666666 0.39166666666666666 0.03 0.03333333333333333
0 0.15333333333333332 0.58 0.03 0.03
0 0.6516666666666666 0.6233333333333333 0.02666666666666667 0.023333333333333334
0 0.6166666666666667 0.7983333333333333 0.023333333333333334 0.023333333333333334
0 0.785 0.9333333333333333 0.023333333333333334 0.023333333333333334
0 0.76 0.7766666666666666 0.025 0.028333333333333332
0 0.545 0.8083333333333333 0.023333333333333334 0.02666666666666667
0 0.9216666666666666 0.10666666666666667 0.028333333333333332 0.028333333333333332
0 0.32166666666666666 0.2966666666666667 0.028333333333333332 0.028333333333333332
0 0.16666666666666666 0.24166666666666667 0.02 0.023333333333333334