0 0.04666666666666667 0.455 0.023333333333333334 0.023333333333333334
0 0.4083333333333333 0.27666666666666667 0.02666666666666667 0.02666666666666667
0 0.10833333333333334 0.41 0.023333333333333334 0.03
0 0.4266666666666667 0.31 0.023333333333333334 0.02
0 0.4116666666666667 0.075 0.023333333333333334 0.02666666666666667
0 0.44166666666666665 0.285 0.023333333333333334 0.023333333333333334
0 0.14833333333333334 0.17 0.02666666666666667 0.02666666666666667
0 0.9083333333333333 0.03166666666666667 0.03 0.03
0 0.805 0.19666666666666666 0.03 0.02666666666666667
0 0.9683333333333334 0.14166666666666666 0.02666666666666667 0.02666666666666667
0 0.9716666666666667 0.4166666666666667 0.02 0.023333333333333334
0 0.9266666666666666 0.07 0.023333333333333334 0.023333333333333334
0 0.9483333333333334 0.23666666666666666 0.02666666666666667 0.023333333333333334
0 0.8666666666666667 0.2833333333333333 0.023333333333333334 0.023333333333333334
0 0.9633333333333334 0.25333333333333335 0.02666666666666667 0.02666666666666667
0 0.8466666666666667 0.25166666666666665 0.023333333333333334 0.023333333333333334
0 0.11833333333333333 0.7866666666666666 0.03 0.03
0 0.20833333333333334 0.8083333333333333 0.02666666666666667 0.02666666666666667
0 0.24333333333333335 0.9666666666666667 0.03 0.03
0 0.16 0.9483333333333334 0.03 0.023333333333333334
0 0.11333333333333333 0.9433333333333334 0.03 0.023333333333333334
0 0.155 0.9133333333333333 0.02 0.02
0 0.2683333333333333 0.7066666666666667 0.02666666666666667 0.02666666666666667
0 0.14333333333333334 0.7266666666666667 0.02666666666666667 0.02
0 0.22333333333333333 0.5983333333333334 0.03 0.02666666666666667
0 0.18666666666666668 0.765 0.02666666666666667 0.023333333333333334
0 0.25833333333333336 0.64 0.02666666666666667 0.02666666666666667
0 0.27166666666666667 0.5883333333333334 0.03 0.03
0 0.26666666666666666 0.8233333333333334 0.02 0.02
0 0.285 0.8166666666666667 0.02 0.02666666666666667
0 0.23166666666666666 0.8566666666666667 0.02666666666666667 0.023333333333333334
0 0.27666666666666667 0.9633333333333334 0.02 0.023333333333333334
0 0.11333333333333333 0.68 0.02666666666666667 0.02
0 0.21 0.7233333333333334 0.03 0.03
0 0.2866666666666667 0.92 0.02666666666666667 0.023333333333333334
0 0.15833333333333333 0.6516666666666666 0.023333333333333334 0.023333333333333334
0 0.20166666666666666 0.9016666666666666 0.023333333333333334 0.023333333333333334
0 0.17666666666666667 0.7266666666666667 0.03 0.03
0 0.13166666666666665 0.6033333333333334 0.023333333333333334 0.023333333333333334
0 0.245 0.5583333333333333 0.03 0.02666666666666667
0 0.8466666666666667 0.6 0.02666666666666667 0.02
0 0.5833333333333334 0.815 0.023333333333333334 0.023333333333333334
0 0.22166666666666668 0.47 0.023333333333333334 0.02666666666666667
0 0.23166666666666666 0.26666666666666666 0.02666666666666667 0.028333333333333332
0 0.16666666666666666 0.5583333333333333 0.028333333333333332 0.025
0 0.295 0.58 0.02666666666666667 0.025
0 0.30833333333333335 0.8333333333333334 0.025 0.021666666666666667