0 0.19 0.6233333333333333 0.02666666666666667 0.02666666666666667
0 0.085 0.735 0.023333333333333334 0.02666666666666667
0 0.24833333333333332 0.5416666666666666 0.03 0.03
0 0.28833333333333333 0.5833333333333334 0.02666666666666667 0.02666666666666667
0 0.11166666666666666 0.45166666666666666 0.03 0.02666666666666667
0 0.06 0.28833333333333333 0.023333333333333334 0.02666666666666667
0 0.4483333333333333 0.39166666666666666 0.03 0.02666666666666667
0 0.175 0.45166666666666666 0.03 0.03
0 0.47 0.4116666666666667 0.02666666666666667 0.02666666666666667
0 0.041666666666666664 0.29333333333333333 0.023333333333333334 0.023333333333333334
0 0.08166666666666667 0.27 0.03 0.03
0 0.06333333333333334 0.45166666666666666 0.023333333333333334 0.023333333333333334
0 0.056666666666666664 0.14 0.023333333333333334 0.023333333333333334
0 0.3016666666666667 0.15333333333333332 0.02666666666666667 0.02666666666666667
0 0.7516666666666667 0.095 0.023333333333333334 0.023333333333333334
0 0.7166666666666667 0.011666666666666667 0.03333333333333333 0.023333333333333334
0 0.6233333333333333 0.2916666666666667 0.02666666666666667 0.02666666666666667
0 0.7016666666666667 0.03666666666666667 0.023333333333333334 0.023333333333333334
0 0.4033333333333333 0.3566666666666667 0.03 0.028333333333333332
0 0.6016666666666667 0.18833333333333332 0.02 0.023333333333333334