0 0.81 0.7233333333333334 0.02666666666666667 0.02666666666666667
0 0.6283333333333333 0.7633333333333333 0.023333333333333334 0.023333333333333334
0 0.7566666666666667 0.71 0.02666666666666667 0.02666666666666667
0 0.125 0.5783333333333334 0.02666666666666667 0.02666666666666667
0 0.05 0.5816666666666667 0.03333333333333333 0.03
0 0.07833333333333334 0.62 0.03 0.03
0 0.24833333333333332 0.5783333333333334 0.023333333333333334 0.02666666666666667
0 0.21333333333333335 0.6516666666666666 0.02666666666666667 0.02666666666666667
0 0.2733333333333333 0.6533333333333333 0.03 0.03
0 0.22666666666666666 0.6866666666666666 0.023333333333333334 0.023333333333333334
0 0.2733333333333333 0.71 0.03 0.023333333333333334
0 0.22166666666666668 0.7083333333333334 0.03 0.023333333333333334
0 0.4533333333333333 0.8166666666666667 0.02666666666666667 0.025
0 0.21666666666666667 0.9716666666666667 0.03 0.02666666666666667
0 0.36 0.855 0.023333333333333334 0.023333333333333334
0 0.17166666666666666 0.57 0.023333333333333334 0.023333333333333334
0 0.42833333333333334 0.925 0.02666666666666667 0.02666666666666667
0 0.19333333333333333 0.8333333333333334 0.023333333333333334 0.023333333333333334
0 0.285 0.875 0.02666666666666667 0.02
0 0.10833333333333334 0.6766666666666666 0.03166666666666667 0.03
0 0.18166666666666667 0.7516666666666667 0.023333333333333334 0.02
0 0.16666666666666666 0.8516666666666667 0.023333333333333334 0.023333333333333334
0 0.31166666666666665 0.9383333333333334 0.023333333333333334 0.023333333333333334
0 0.2866666666666667 0.89 0.02666666666666667 0.023333333333333334
0 0.14 0.645 0.02 0.023333333333333334
0 0.19333333333333333 0.5333333333333333 0.02 0.02666666666666667
0 0.26 0.7366666666666667 0.03 0.02
0 0.38 0.87 0.023333333333333334 0.016666666666666666
0 0.5083333333333333 0.8783333333333333 0.023333333333333334 0.02666666666666667
0 0.19833333333333333 0.13 0.02666666666666667 0.02
0 0.23833333333333334 0.2966666666666667 0.02666666666666667 0.02666666666666667
0 0.06166666666666667 0.09166666666666666 0.02666666666666667 0.023333333333333334
0 0.05 0.245 0.028333333333333332 0.02666666666666667
0 0.06666666666666667 0.33166666666666667 0.02666666666666667 0.023333333333333334
0 0.12166666666666667 0.32666666666666666 0.023333333333333334 0.02
0 0.20666666666666667 0.43666666666666665 0.03 0.02666666666666667
0 0.475 0.015 0.03 0.02666666666666667
0 0.21166666666666667 0.25666666666666665 0.02666666666666667 0.02666666666666667
0 0.065 0.13666666666666666 0.02666666666666667 0.02666666666666667
0 0.11333333333333333 0.205 0.028333333333333332 0.03166666666666667
0 0.17 0.43 0.023333333333333334 0.023333333333333334
0 0.4 0.49166666666666664 0.03 0.023333333333333334
0 0.11166666666666666 0.31166666666666665 0.02 0.023333333333333334
0 0.4816666666666667 0.13166666666666665 0.025 0.021666666666666667
0 0.9466666666666667 0.29333333333333333 0.03333333333333333 0.03
0 0.9533333333333334 0.22833333333333333 0.03 0.02666666666666667
0 0.6783333333333333 0.15 0.03 0.02666666666666667
0 0.9416666666666667 0.14 0.03 0.023333333333333334
0 0.7383333333333333 0.3983333333333333 0.03 0.03
0 0.7833333333333333 0.415 0.02666666666666667 0.02
0 0.705 0.38666666666666666 0.02 0.02
0 0.67 0.30666666666666664 0.02666666666666667 0.02
0 0.6566666666666666 0.2733333333333333 0.02666666666666667 0.02666666666666667
0 0.8983333333333333 0.12833333333333333 0.023333333333333334 0.02
0 0.66 0.47833333333333333 0.023333333333333334 0.02
0 0.77 0.4633333333333333 0.02 0.02
0 0.675 0.475 0.023333333333333334 0.02
0 0.6916666666666667 0.45166666666666666 0.02 0.023333333333333334
0 0.7316666666666667 0.37666666666666665 0.02 0.023333333333333334
0 0.005 0.19333333333333333 0.01 0.023333333333333334
0 0.125 0.5766666666666667 0.02666666666666667 0.02666666666666667