0 0.61 0.28833333333333333 0.03 0.03
0 0.10166666666666667 0.15 0.03 0.03
0 0.135 0.075 0.028333333333333332 0.03666666666666667
0 0.4266666666666667 0.5916666666666667 0.02666666666666667 0.02666666666666667
0 0.03 0.19333333333333333 0.03333333333333333 0.04
0 0.61 0.16333333333333333 0.03 0.03
0 0.06833333333333333 0.9216666666666666 0.02666666666666667 0.023333333333333334
0 0.041666666666666664 0.8883333333333333 0.023333333333333334 0.03
0 0.6316666666666667 0.15333333333333332 0.02666666666666667 0.02666666666666667
0 0.545 0.06333333333333334 0.02666666666666667 0.023333333333333334
0 0.5783333333333334 0.028333333333333332 0.03333333333333333 0.03333333333333333
0 0.545 0.2783333333333333 0.02666666666666667 0.023333333333333334
0 0.33166666666666667 0.4716666666666667 0.02666666666666667 0.023333333333333334
0 0.5016666666666667 0.135 0.02666666666666667 0.02666666666666667
0 0.08833333333333333 0.095 0.03333333333333333 0.035
0 0.305 0.535 0.03 0.02666666666666667
0 0.02666666666666667 0.055 0.03 0.03
0 0.27166666666666667 0.895 0.03 0.03
0 0.5766666666666667 0.39 0.02666666666666667 0.02666666666666667
0 0.043333333333333335 0.6283333333333333 0.03 0.03
0 0.06666666666666667 0.17 0.02666666666666667 0.02666666666666667
0 0.18833333333333332 0.6733333333333333 0.02666666666666667 0.02666666666666667
0 0.525 0.075 0.02666666666666667 0.02666666666666667
0 0.5066666666666667 0.051666666666666666 0.03 0.03