0 0.06833333333333333 0.49166666666666664 0.02666666666666667 0.02666666666666667
0 0.29333333333333333 0.43333333333333335 0.023333333333333334 0.02666666666666667
0 0.31833333333333336 0.3983333333333333 0.02 0.02666666666666667
0 0.3466666666666667 0.39166666666666666 0.02666666666666667 0.023333333333333334
0 0.17333333333333334 0.775 0.03 0.03
0 0.3233333333333333 0.7433333333333333 0.02 0.03
0 0.2833333333333333 0.7566666666666667 0.023333333333333334 0.02666666666666667
0 0.36333333333333334 0.8766666666666667 0.02666666666666667 0.023333333333333334
0 0.35 0.845 0.02666666666666667 0.023333333333333334
0 0.4816666666666667 0.8966666666666666 0.023333333333333334 0.02666666666666667
0 0.395 0.5583333333333333 0.03 0.023333333333333334
0 0.405 0.78 0.02666666666666667 0.023333333333333334
0 0.385 0.9066666666666666 0.02666666666666667 0.02
0 0.43833333333333335 0.7783333333333333 0.02666666666666667 0.02
0 0.43833333333333335 0.7583333333333333 0.02 0.02
0 0.16333333333333333 0.6416666666666667 0.03 0.02666666666666667
0 0.07666666666666666 0.57 0.02666666666666667 0.02666666666666667
0 0.25166666666666665 0.6783333333333333 0.023333333333333334 0.02
0 0.22666666666666666 0.6883333333333334 0.023333333333333334 0.02
0 0.19666666666666666 0.6766666666666666 0.02 0.02
0 0.305 0.8833333333333333 0.02 0.02
0 0.39166666666666666 0.8883333333333333 0.02666666666666667 0.023333333333333334
0 0.46 0.7566666666666667 0.02 0.023333333333333334
0 0.2833333333333333 0.8766666666666667 0.02666666666666667 0.02666666666666667
0 0.245 0.7516666666666667 0.023333333333333334 0.023333333333333334
0 0.43333333333333335 0.8616666666666667 0.023333333333333334 0.023333333333333334
0 0.04666666666666667 0.16333333333333333 0.023333333333333334 0.023333333333333334
0 0.39666666666666667 0.3283333333333333 0.023333333333333334 0.023333333333333334
0 0.33666666666666667 0.5983333333333334 0.023333333333333334 0.023333333333333334
0 0.025 0.07 0.02666666666666667 0.02666666666666667
0 0.29833333333333334 0.7266666666666667 0.02666666666666667 0.02666666666666667
0 0.3933333333333333 0.47 0.02666666666666667 0.02666666666666667
0 0.40166666666666667 0.42333333333333334 0.02666666666666667 0.023333333333333334
0 0.25 0.7133333333333334 0.023333333333333334 0.02
0 0.09833333333333333 0.4816666666666667 0.023333333333333334 0.023333333333333334
0 0.4116666666666667 0.9316666666666666 0.023333333333333334 0.02
0 0.4766666666666667 0.9166666666666666 0.03 0.023333333333333334
0 0.405 0.8083333333333333 0.02666666666666667 0.023333333333333334
0 0.41 0.8316666666666667 0.03 0.023333333333333334
0 0.39666666666666667 0.3466666666666667 0.02666666666666667 0.02
0 0.21333333333333335 0.7816666666666666 0.03 0.023333333333333334
0 0.44 0.7283333333333334 0.023333333333333334 0.023333333333333334
0 0.16666666666666666 0.7 0.02666666666666667 0.03333333333333333
0 0.31666666666666665 0.5683333333333334 0.02666666666666667 0.02666666666666667
0 0.39666666666666667 0.5983333333333334 0.023333333333333334 0.02666666666666667
0 0.19833333333333333 0.7166666666666667 0.03 0.03333333333333333
0 0.37833333333333335 0.4266666666666667 0.02666666666666667 0.03
0 0.39666666666666667 0.8666666666666667 0.02666666666666667 0.03
0 0.3566666666666667 0.6016666666666667 0.02 0.03
0 0.47833333333333333 0.48833333333333334 0.03 0.03
0 0.47833333333333333 0.9333333333333333 0.023333333333333334 0.023333333333333334
0 0.42333333333333334 0.945 0.023333333333333334 0.023333333333333334
0 0.44666666666666666 0.9383333333333334 0.023333333333333334 0.03
0 0.4816666666666667 0.955 0.03333333333333333 0.02666666666666667
0 0.2633333333333333 0.5866666666666667 0.02666666666666667 0.02666666666666667
0 0.135 0.47333333333333333 0.02 0.023333333333333334
0 0.3616666666666667 0.48833333333333334 0.023333333333333334 0.02
0 0.18166666666666667 0.6366666666666667 0.023333333333333334 0.03
0 0.4583333333333333 0.775 0.023333333333333334 0.03
0 0.4033333333333333 0.6533333333333333 0.016666666666666666 0.023333333333333334
0 0.4683333333333333 0.8483333333333334 0.02666666666666667 0.023333333333333334
0 0.12333333333333334 0.5233333333333333 0.02 0.023333333333333334
0 0.9516666666666667 0.30333333333333334 0.02666666666666667 0.028333333333333332
0 0.935 0.24166666666666667 0.03 0.02666666666666667
0 0.54 0.6266666666666667 0.023333333333333334 0.023333333333333334
0 0.5233333333333333 0.6283333333333333 0.016666666666666666 0.023333333333333334
0 0.9216666666666666 0.63 0.02666666666666667 0.023333333333333334
0 0.97 0.33666666666666667 0.03 0.03
0 0.68 0.9033333333333333 0.02666666666666667 0.02666666666666667
0 0.6683333333333333 0.8433333333333334 0.023333333333333334 0.023333333333333334
0 0.5583333333333333 0.4866666666666667 0.023333333333333334 0.023333333333333334
0 0.55 0.5166666666666667 0.02666666666666667 0.023333333333333334
0 0.5683333333333334 0.38 0.03 0.03
0 0.615 0.6783333333333333 0.02 0.02
0 0.5616666666666666 0.6666666666666666 0.023333333333333334 0.023333333333333334
0 0.9766666666666667 0.6466666666666666 0.025 0.025
0 0.5516666666666666 0.9333333333333333 0.02666666666666667 0.02666666666666667
0 0.5316666666666666 0.9333333333333333 0.023333333333333334 0.023333333333333334
0 0.5316666666666666 0.9766666666666667 0.023333333333333334 0.02666666666666667
0 0.6383333333333333 0.6416666666666667 0.023333333333333334 0.023333333333333334
0 0.6033333333333334 0.5583333333333333 0.023333333333333334 0.023333333333333334
0 0.53 0.6533333333333333 0.03 0.03
0 0.5716666666666667 0.9816666666666667 0.023333333333333334 0.023333333333333334
0 0.5333333333333333 0.685 0.023333333333333334 0.023333333333333334
0 0.985 0.15166666666666667 0.03 0.03
0 0.92 0.66 0.025 0.023333333333333334
0 0.2833333333333333 0.81 0.02666666666666667 0.02666666666666667