0 0.24166666666666667 0.03833333333333333 0.02666666666666667 0.023333333333333334
0 0.42833333333333334 0.06166666666666667 0.03 0.023333333333333334
0 0.03666666666666667 0.18666666666666668 0.023333333333333334 0.03
0 0.21833333333333332 0.16 0.03333333333333333 0.03
0 0.195 0.21333333333333335 0.02666666666666667 0.02666666666666667
0 0.15333333333333332 0.31166666666666665 0.03 0.03
0 0.11166666666666666 0.3016666666666667 0.023333333333333334 0.02
0 0.16833333333333333 0.275 0.02 0.02666666666666667
0 0.205 0.31833333333333336 0.023333333333333334 0.02
0 0.275 0.43666666666666665 0.03 0.023333333333333334
0 0.18833333333333332 0.4716666666666667 0.03 0.023333333333333334
0 0.24833333333333332 0.47333333333333333 0.03 0.03
0 0.36333333333333334 0.14833333333333334 0.02666666666666667 0.02666666666666667
0 0.4266666666666667 0.15333333333333332 0.02666666666666667 0.02666666666666667
0 0.44166666666666665 0.27666666666666667 0.03 0.03
0 0.46166666666666667 0.20166666666666666 0.02666666666666667 0.023333333333333334
0 0.09166666666666666 0.21333333333333335 0.02666666666666667 0.02666666666666667
0 0.23 0.21166666666666667 0.03 0.03
0 0.23166666666666666 0.445 0.03 0.03
0 0.19333333333333333 0.2783333333333333 0.03 0.03
0 0.47333333333333333 0.26 0.023333333333333334 0.023333333333333334
0 0.42333333333333334 0.1 0.02666666666666667 0.02666666666666667
0 0.475 0.22666666666666666 0.023333333333333334 0.023333333333333334
0 0.10833333333333334 0.185 0.02666666666666667 0.02666666666666667
0 0.39666666666666667 0.11166666666666666 0.023333333333333334 0.023333333333333334
0 0.47 0.31833333333333336 0.03 0.03
0 0.31833333333333336 0.13166666666666665 0.023333333333333334 0.023333333333333334
0 0.5466666666666666 0.33666666666666667 0.023333333333333334 0.023333333333333334
0 0.5666666666666667 0.28 0.023333333333333334 0.02666666666666667
0 0.6466666666666666 0.06166666666666667 0.023333333333333334 0.02
0 0.5583333333333333 0.215 0.02666666666666667 0.023333333333333334
0 0.58 0.18333333333333332 0.03 0.023333333333333334
0 0.7283333333333334 0.2866666666666667 0.03 0.023333333333333334
0 0.7466666666666667 0.24333333333333335 0.023333333333333334 0.02
0 0.8 0.20166666666666666 0.03 0.02666666666666667
0 0.5383333333333333 0.30666666666666664 0.023333333333333334 0.02666666666666667
0 0.5683333333333334 0.03 0.02666666666666667 0.02666666666666667
0 0.9533333333333334 0.17333333333333334 0.02666666666666667 0.02666666666666667
0 0.6433333333333333 0.03333333333333333 0.023333333333333334 0.023333333333333334
0 0.8333333333333334 0.4683333333333333 0.023333333333333334 0.023333333333333334
0 0.7766666666666666 0.2866666666666667 0.02 0.02
0 0.73 0.315 0.03166666666666667 0.028333333333333332
0 0.8066666666666666 0.44333333333333336 0.023333333333333334 0.023333333333333334
0 0.6116666666666667 0.17166666666666666 0.02 0.02
0 0.6216666666666667 0.011666666666666667 0.02 0.02
0 0.5483333333333333 0.17333333333333334 0.023333333333333334 0.023333333333333334
0 0.6233333333333333 0.14166666666666666 0.02666666666666667 0.02666666666666667
0 0.3383333333333333 0.8083333333333333 0.03 0.023333333333333334
0 0.44 0.635 0.03 0.02666666666666667
0 0.4683333333333333 0.6416666666666667 0.023333333333333334 0.02666666666666667
0 0.49833333333333335 0.6983333333333334 0.035 0.03
0 0.4066666666666667 0.5583333333333333 0.023333333333333334 0.02
0 0.41 0.5866666666666667 0.02666666666666667 0.02
0 0.4116666666666667 0.6083333333333333 0.023333333333333334 0.023333333333333334
0 0.44333333333333336 0.5983333333333334 0.02666666666666667 0.023333333333333334
0 0.4266666666666667 0.62 0.02666666666666667 0.02666666666666667
0 0.3983333333333333 0.6283333333333333 0.03 0.03
0 0.14833333333333334 0.5466666666666666 0.02666666666666667 0.03
0 0.21833333333333332 0.55 0.03 0.03
0 0.4 0.6866666666666666 0.023333333333333334 0.023333333333333334
0 0.37 0.745 0.02666666666666667 0.023333333333333334
0 0.36833333333333335 0.5616666666666666 0.02666666666666667 0.023333333333333334
0 0.145 0.5816666666666667 0.02666666666666667 0.02666666666666667
0 0.265 0.7533333333333333 0.02666666666666667 0.02666666666666667
0 0.11666666666666667 0.6183333333333333 0.023333333333333334 0.02
0 0.3383333333333333 0.6316666666666667 0.03 0.03
0 0.4066666666666667 0.7666666666666667 0.02666666666666667 0.023333333333333334
0 0.07666666666666666 0.6083333333333333 0.023333333333333334 0.023333333333333334
0 0.11833333333333333 0.7133333333333334 0.023333333333333334 0.023333333333333334
0 0.3416666666666667 0.7166666666666667 0.02666666666666667 0.02666666666666667
0 0.5733333333333334 0.7516666666666667 0.03 0.02666666666666667
0 0.55 0.7883333333333333 0.03333333333333333 0.02666666666666667
0 0.5616666666666666 0.8533333333333334 0.03 0.03333333333333333
0 0.5316666666666666 0.8683333333333333 0.023333333333333334 0.03
0 0.6366666666666667 0.825 0.02666666666666667 0.03
0 0.6183333333333333 0.7983333333333333 0.02 0.02666666666666667
0 0.635 0.78 0.02666666666666667 0.02666666666666667
0 0.74 0.9366666666666666 0.03333333333333333 0.03
0 0.855 0.9283333333333333 0.03 0.02666666666666667
0 0.7933333333333333 0.88 0.03 0.023333333333333334
0 0.7016666666666667 0.8666666666666667 0.03 0.023333333333333334
0 0.8666666666666667 0.6616666666666666 0.03 0.03
0 0.6816666666666666 0.8216666666666667 0.02666666666666667 0.02666666666666667
0 0.8183333333333334 0.7866666666666666 0.03 0.02666666666666667
0 0.7466666666666667 0.85 0.03 0.03
0 0.7116666666666667 0.7933333333333333 0.02666666666666667 0.023333333333333334
0 0.7266666666666667 0.7666666666666667 0.023333333333333334 0.023333333333333334
0 0.9683333333333334 0.5366666666666666 0.023333333333333334 0.023333333333333334
0 0.7316666666666667 0.8166666666666667 0.03 0.03
0 0.01 0.056666666666666664 0.02 0.023333333333333334
0 0.81 0.9816666666666667 0.03 0.03
0 0.23666666666666666 0.006666666666666667 0.023333333333333334 0.013333333333333334