0 0.5666666666666667 0.15166666666666667 0.03 0.023333333333333334
0 0.6666666666666666 0.235 0.03 0.02
0 0.215 0.3016666666666667 0.03 0.03
0 0.7116666666666667 0.7566666666666667 0.02 0.02666666666666667
0 0.74 0.7616666666666667 0.023333333333333334 0.023333333333333334
0 0.73 0.7766666666666666 0.023333333333333334 0.02
0 0.7233333333333334 0.7983333333333333 0.023333333333333334 0.02
0 0.6916666666666667 0.77 0.023333333333333334 0.02666666666666667
0 0.015 0.395 0.02666666666666667 0.02666666666666667
0 0.7633333333333333 0.6733333333333333 0.023333333333333334 0.02
0 0.12166666666666667 0.7616666666666667 0.02 0.023333333333333334
0 0.03 0.9316666666666666 0.023333333333333334 0.03166666666666667
0 0.5966666666666667 0.08166666666666667 0.028333333333333332 0.025
0 0.535 0.11333333333333333 0.025 0.023333333333333334
0 0.6533333333333333 0.28 0.023333333333333334 0.028333333333333332