0 0.105 0.44166666666666665 0.025 0.02666666666666667
0 0.06 0.39166666666666666 0.02666666666666667 0.023333333333333334
0 0.14166666666666666 0.4033333333333333 0.023333333333333334 0.021666666666666667
0 0.2866666666666667 0.43 0.023333333333333334 0.023333333333333334
0 0.09833333333333333 0.40166666666666667 0.016666666666666666 0.023333333333333334
0 0.115 0.39166666666666666 0.02 0.023333333333333334
0 0.018333333333333333 0.465 0.02 0.023333333333333334
0 0.26166666666666666 0.41333333333333333 0.02 0.023333333333333334
0 0.3433333333333333 0.3983333333333333 0.023333333333333334 0.023333333333333334
0 0.05333333333333334 0.3516666666666667 0.02666666666666667 0.02666666666666667
0 0.19333333333333333 0.47 0.023333333333333334 0.025
0 0.2 0.45 0.02666666666666667 0.02666666666666667
0 0.2 0.425 0.023333333333333334 0.02
0 0.315 0.3983333333333333 0.023333333333333334 0.02
0 0.3283333333333333 0.425 0.02666666666666667 0.023333333333333334
0 0.7783333333333333 0.555 0.02 0.02
0 0.8383333333333334 0.6183333333333333 0.02 0.023333333333333334
0 0.8883333333333333 0.5583333333333333 0.02 0.02
0 0.8266666666666667 0.5216666666666666 0.02 0.02
0 0.8533333333333334 0.7383333333333333 0.02 0.023333333333333334
0 0.8916666666666667 0.6816666666666666 0.02666666666666667 0.02
0 0.8116666666666666 0.7333333333333333 0.023333333333333334 0.023333333333333334
0 0.8583333333333333 0.5266666666666666 0.02666666666666667 0.02666666666666667
0 0.8183333333333334 0.6533333333333333 0.023333333333333334 0.023333333333333334
0 0.7783333333333333 0.6866666666666666 0.023333333333333334 0.023333333333333334
0 0.7666666666666667 0.545 0.02 0.02
0 0.815 0.51 0.02 0.016666666666666666
0 0.6033333333333334 0.43 0.023333333333333334 0.023333333333333334
0 0.7283333333333334 0.46166666666666667 0.02 0.02
0 0.7466666666666667 0.4216666666666667 0.02666666666666667 0.02666666666666667
0 0.49833333333333335 0.37166666666666665 0.023333333333333334 0.023333333333333334
0 0.685 0.5 0.023333333333333334 0.023333333333333334
0 0.99 0.685 0.018333333333333333 0.021666666666666667
0 0.7766666666666666 0.4066666666666667 0.02 0.021666666666666667