0 0.7883333333333333 0.15666666666666668 0.03 0.02666666666666667
0 0.735 0.3383333333333333 0.023333333333333334 0.02
0 0.7666666666666667 0.44333333333333336 0.03 0.02666666666666667
0 0.7816666666666666 0.365 0.02666666666666667 0.02
0 0.7533333333333333 0.39 0.023333333333333334 0.023333333333333334
0 0.6366666666666667 0.5383333333333333 0.02 0.02
0 0.5516666666666666 0.955 0.023333333333333334 0.02666666666666667
0 0.6683333333333333 0.8366666666666667 0.02666666666666667 0.023333333333333334
0 0.7116666666666667 0.8683333333333333 0.02666666666666667 0.02
0 0.8666666666666667 0.9183333333333333 0.02666666666666667 0.023333333333333334
0 0.9816666666666667 0.8866666666666667 0.03 0.02666666666666667
0 0.9066666666666666 0.8283333333333334 0.02 0.02
0 0.8333333333333334 0.8816666666666667 0.02 0.02
0 0.95 0.8766666666666667 0.023333333333333334 0.02666666666666667
0 0.8083333333333333 0.6383333333333333 0.03 0.03
0 0.6433333333333333 0.755 0.03 0.03
0 0.6066666666666667 0.545 0.02666666666666667 0.02666666666666667
0 0.5633333333333334 0.5583333333333333 0.03 0.02666666666666667
0 0.7066666666666667 0.82 0.02666666666666667 0.02666666666666667
0 0.7916666666666666 0.5516666666666666 0.023333333333333334 0.023333333333333334
0 0.6783333333333333 0.6566666666666666 0.03 0.03
0 0.6883333333333334 0.6866666666666666 0.023333333333333334 0.023333333333333334
0 0.6833333333333333 0.945 0.023333333333333334 0.023333333333333334
0 0.855 0.8366666666666667 0.02666666666666667 0.02666666666666667
0 0.9833333333333333 0.85 0.023333333333333334 0.023333333333333334
0 0.6133333333333333 0.5066666666666667 0.03333333333333333 0.023333333333333334
0 0.5333333333333333 0.6866666666666666 0.02666666666666667 0.02
0 0.32166666666666666 0.5316666666666666 0.03 0.02666666666666667
0 0.2833333333333333 0.6833333333333333 0.02666666666666667 0.023333333333333334
0 0.31833333333333336 0.6666666666666666 0.03 0.02666666666666667
0 0.34833333333333333 0.5433333333333333 0.02666666666666667 0.02666666666666667
0 0.13833333333333334 0.8316666666666667 0.02666666666666667 0.02666666666666667
0 0.22166666666666668 0.9733333333333334 0.02666666666666667 0.02666666666666667
0 0.42833333333333334 0.6416666666666667 0.03 0.023333333333333334
0 0.07333333333333333 0.81 0.03 0.02666666666666667
0 0.10833333333333334 0.7833333333333333 0.02666666666666667 0.023333333333333334
0 0.25166666666666665 0.7433333333333333 0.02666666666666667 0.02666666666666667
0 0.295 0.6183333333333333 0.02666666666666667 0.02666666666666667
0 0.18166666666666667 0.6716666666666666 0.03333333333333333 0.03
0 0.47333333333333333 0.56 0.03 0.023333333333333334
0 0.2633333333333333 0.9183333333333333 0.023333333333333334 0.02
0 0.4266666666666667 0.7016666666666667 0.02 0.02666666666666667
0 0.30833333333333335 0.7266666666666667 0.02666666666666667 0.023333333333333334
0 0.17333333333333334 0.9033333333333333 0.02666666666666667 0.02666666666666667
0 0.2866666666666667 0.9866666666666667 0.02666666666666667 0.02666666666666667
0 0.3233333333333333 0.9666666666666667 0.03 0.03
0 0.4816666666666667 0.8933333333333333 0.03 0.03
0 0.46166666666666667 0.7266666666666667 0.02666666666666667 0.023333333333333334
0 0.2733333333333333 0.7633333333333333 0.03 0.03
0 0.4483333333333333 0.7416666666666667 0.02 0.023333333333333334
0 0.39166666666666666 0.32 0.02666666666666667 0.02666666666666667