0 0.6033333333333334 0.24833333333333332 0.02 0.02666666666666667
0 0.645 0.23333333333333334 0.02666666666666667 0.028333333333333332
0 0.685 0.23166666666666666 0.02 0.023333333333333334
0 0.7166666666666667 0.20833333333333334 0.02666666666666667 0.03
0 0.8166666666666667 0.38666666666666666 0.03 0.02666666666666667
0 0.7616666666666667 0.25166666666666665 0.02 0.02
0 0.915 0.33666666666666667 0.03 0.023333333333333334
0 0.89 0.4033333333333333 0.03 0.02666666666666667
0 0.98 0.4583333333333333 0.028333333333333332 0.028333333333333332
0 0.8233333333333334 0.31333333333333335 0.02 0.023333333333333334
0 0.8166666666666667 0.26666666666666666 0.023333333333333334 0.02666666666666667
0 0.5383333333333333 0.025 0.023333333333333334 0.02
0 0.59 0.145 0.023333333333333334 0.03
0 0.6516666666666666 0.11666666666666667 0.023333333333333334 0.023333333333333334
0 0.5983333333333334 0.03 0.02 0.02
0 0.64 0.20333333333333334 0.023333333333333334 0.02
0 0.8816666666666667 0.08166666666666667 0.02 0.03
0 0.8816666666666667 0.365 0.023333333333333334 0.02666666666666667
0 0.985 0.34833333333333333 0.02666666666666667 0.03
0 0.9633333333333334 0.285 0.02666666666666667 0.02666666666666667
0 0.705 0.86 0.02 0.02
0 0.605 0.82 0.02 0.023333333333333334
0 0.5683333333333334 0.8933333333333333 0.02666666666666667 0.023333333333333334
0 0.5466666666666666 0.8466666666666667 0.023333333333333334 0.02666666666666667
0 0.795 0.9266666666666666 0.023333333333333334 0.016666666666666666
0 0.7866666666666666 0.9383333333333334 0.023333333333333334 0.023333333333333334
0 0.91 0.7333333333333333 0.02 0.02
0 0.61 0.8583333333333333 0.03 0.02666666666666667
0 0.7066666666666667 0.8833333333333333 0.02 0.02
0 0.6716666666666666 0.9666666666666667 0.023333333333333334 0.02
0 0.5866666666666667 0.835 0.03 0.023333333333333334
0 0.55 0.8266666666666667 0.023333333333333334 0.02666666666666667
0 0.8383333333333334 0.845 0.025 0.021666666666666667
0 0.8166666666666667 0.5583333333333333 0.02666666666666667 0.02666666666666667
0 0.8133333333333334 0.5833333333333334 0.023333333333333334 0.023333333333333334
0 0.785 0.9683333333333334 0.02666666666666667 0.02666666666666667
0 0.895 0.6983333333333334 0.023333333333333334 0.03
0 0.4666666666666667 0.04666666666666667 0.03333333333333333 0.023333333333333334
0 0.405 0.68 0.02666666666666667 0.023333333333333334
0 0.32666666666666666 0.8183333333333334 0.03 0.023333333333333334
0 0.44333333333333336 0.6666666666666666 0.023333333333333334 0.023333333333333334
0 0.4116666666666667 0.8083333333333333 0.023333333333333334 0.023333333333333334
0 0.5033333333333333 0.6983333333333334 0.02666666666666667 0.03
0 0.705 0.99 0.023333333333333334 0.02
0 0.575 0.7966666666666666 0.02 0.023333333333333334
0 0.75 0.2916666666666667 0.023333333333333334 0.025
0 0.4766666666666667 0.735 0.02 0.02
0 0.37333333333333335 0.905 0.03 0.02666666666666667
0 0.535 0.04666666666666667 0.02 0.021666666666666667