0 0.4266666666666667 0.12166666666666667 0.03 0.025
0 0.37833333333333335 0.13833333333333334 0.02666666666666667 0.023333333333333334
0 0.4033333333333333 0.15333333333333332 0.03333333333333333 0.03
0 0.08166666666666667 0.18666666666666668 0.025 0.03333333333333333
0 0.22333333333333333 0.21 0.02666666666666667 0.03166666666666667
0 0.23333333333333334 0.35333333333333333 0.03 0.03
0 0.22666666666666666 0.03333333333333333 0.02666666666666667 0.023333333333333334
0 0.041666666666666664 0.165 0.023333333333333334 0.023333333333333334
0 0.12333333333333334 0.23833333333333334 0.023333333333333334 0.023333333333333334
0 0.4766666666666667 0.11666666666666667 0.02666666666666667 0.02666666666666667
0 0.12166666666666667 0.17666666666666667 0.023333333333333334 0.023333333333333334
0 0.11833333333333333 0.26 0.023333333333333334 0.023333333333333334
0 0.6516666666666666 0.285 0.02666666666666667 0.02666666666666667
0 0.5583333333333333 0.25333333333333335 0.03333333333333333 0.03666666666666667
0 0.7283333333333334 0.6716666666666666 0.03 0.03
0 0.49166666666666664 0.135 0.02 0.02666666666666667
0 0.5316666666666666 0.17833333333333334 0.03 0.02666666666666667
0 0.5266666666666666 0.14833333333333334 0.03 0.02666666666666667