0 0.10166666666666667 0.35333333333333333 0.02666666666666667 0.023333333333333334
0 0.19 0.41 0.02 0.023333333333333334
0 0.4533333333333333 0.41833333333333333 0.02666666666666667 0.02666666666666667
0 0.17333333333333334 0.43333333333333335 0.023333333333333334 0.023333333333333334
0 0.09833333333333333 0.44333333333333336 0.03 0.03
0 0.08666666666666667 0.4666666666666667 0.02666666666666667 0.03
0 0.08666666666666667 0.5033333333333333 0.03 0.03
0 0.49 0.37666666666666665 0.023333333333333334 0.02666666666666667
0 0.6033333333333334 0.23166666666666666 0.03 0.03
0 0.6333333333333333 0.24666666666666667 0.023333333333333334 0.023333333333333334
0 0.66 0.25666666666666665 0.02 0.03
0 0.6483333333333333 0.2916666666666667 0.02666666666666667 0.02666666666666667
0 0.5783333333333334 0.31333333333333335 0.023333333333333334 0.02
0 0.9116666666666666 0.35333333333333333 0.02666666666666667 0.02666666666666667
0 0.5766666666666667 0.36333333333333334 0.02666666666666667 0.03
0 0.7066666666666667 0.3566666666666667 0.023333333333333334 0.03333333333333333
0 0.62 0.36833333333333335 0.02 0.023333333333333334
0 0.5566666666666666 0.4166666666666667 0.02666666666666667 0.02666666666666667
0 0.5533333333333333 0.47833333333333333 0.02666666666666667 0.02666666666666667
0 0.9216666666666666 0.38166666666666665 0.02666666666666667 0.03
0 0.7666666666666667 0.35833333333333334 0.03 0.03
0 0.013333333333333334 0.38166666666666665 0.02666666666666667 0.03
0 0.016666666666666666 0.4633333333333333 0.02 0.02666666666666667
0 0.02666666666666667 0.435 0.02666666666666667 0.023333333333333334
0 0.855 0.425 0.023333333333333334 0.023333333333333334
0 0.47333333333333333 0.215 0.023333333333333334 0.02666666666666667