0 0.9183333333333333 0.3566666666666667 0.03 0.03
0 0.9066666666666666 0.2866666666666667 0.03 0.02
0 0.9633333333333334 0.35333333333333333 0.03 0.03
0 0.875 0.4483333333333333 0.02666666666666667 0.02666666666666667
0 0.9133333333333333 0.25833333333333336 0.03 0.02666666666666667
0 0.7233333333333334 0.6566666666666666 0.03 0.023333333333333334
0 0.605 0.8016666666666666 0.03333333333333333 0.03333333333333333
0 0.5516666666666666 0.7333333333333333 0.023333333333333334 0.03
0 0.75 0.7333333333333333 0.023333333333333334 0.023333333333333334
0 0.7766666666666666 0.7333333333333333 0.02 0.02666666666666667
0 0.6383333333333333 0.8366666666666667 0.03 0.03333333333333333
0 0.6466666666666666 0.8683333333333333 0.02 0.023333333333333334
0 0.6933333333333334 0.8683333333333333 0.03 0.03
0 0.68 0.83 0.023333333333333334 0.02666666666666667
0 0.5566666666666666 0.8633333333333333 0.02666666666666667 0.023333333333333334
0 0.5566666666666666 0.755 0.02666666666666667 0.023333333333333334
0 0.6283333333333333 0.7266666666666667 0.02 0.023333333333333334
0 0.9566666666666667 0.8066666666666666 0.03 0.02666666666666667
0 0.9316666666666666 0.9616666666666667 0.023333333333333334 0.02666666666666667
0 0.66 0.7783333333333333 0.03 0.03
0 0.5666666666666667 0.91 0.03 0.03
0 0.8816666666666667 0.6266666666666667 0.03 0.03
0 0.7483333333333333 0.65 0.023333333333333334 0.02666666666666667
0 0.8983333333333333 0.9516666666666667 0.023333333333333334 0.023333333333333334
0 0.545 0.8083333333333333 0.023333333333333334 0.02
0 0.08666666666666667 0.43333333333333335 0.02666666666666667 0.02
0 0.08 0.3883333333333333 0.023333333333333334 0.02666666666666667
0 0.08833333333333333 0.30833333333333335 0.03 0.03
0 0.041666666666666664 0.3416666666666667 0.023333333333333334 0.02
0 0.043333333333333335 0.3616666666666667 0.023333333333333334 0.02
0 0.11833333333333333 0.3616666666666667 0.023333333333333334 0.02
0 0.25666666666666665 0.46 0.03 0.03666666666666667
0 0.35333333333333333 0.37333333333333335 0.03 0.03
0 0.31666666666666665 0.41 0.03333333333333333 0.023333333333333334
0 0.245 0.3883333333333333 0.02666666666666667 0.02
0 0.3566666666666667 0.425 0.02666666666666667 0.02
0 0.37 0.4766666666666667 0.03 0.02
0 0.4166666666666667 0.485 0.02666666666666667 0.02
0 0.3516666666666667 0.24 0.03 0.03
0 0.37833333333333335 0.25166666666666665 0.03 0.023333333333333334
0 0.4033333333333333 0.23333333333333334 0.03 0.023333333333333334
0 0.36666666666666664 0.20333333333333334 0.023333333333333334 0.02666666666666667
0 0.42333333333333334 0.16166666666666665 0.03833333333333333 0.028333333333333332
0 0.30833333333333335 0.21 0.03333333333333333 0.03666666666666667
0 0.11333333333333333 0.25666666666666665 0.02666666666666667 0.02
0 0.4666666666666667 0.11666666666666667 0.02666666666666667 0.03
0 0.48 0.15 0.03 0.02666666666666667
0 0.26666666666666666 0.3 0.02666666666666667 0.02666666666666667
0 0.15333333333333332 0.2966666666666667 0.023333333333333334 0.023333333333333334
0 0.2816666666666667 0.285 0.02666666666666667 0.023333333333333334
0 0.07666666666666666 0.41333333333333333 0.023333333333333334 0.023333333333333334
0 0.13166666666666665 0.3416666666666667 0.023333333333333334 0.023333333333333334
0 0.39166666666666666 0.14833333333333334 0.023333333333333334 0.023333333333333334
0 0.17166666666666666 0.23 0.023333333333333334 0.03
0 0.13333333333333333 0.27666666666666667 0.02666666666666667 0.023333333333333334
0 0.135 0.24166666666666667 0.02 0.03
0 0.05 0.5666666666666667 0.02666666666666667 0.02
0 0.051666666666666666 0.6283333333333333 0.023333333333333334 0.02
0 0.06666666666666667 0.53 0.02666666666666667 0.02
0 0.06666666666666667 0.545 0.02666666666666667 0.02
0 0.10666666666666667 0.5366666666666666 0.02666666666666667 0.023333333333333334
0 0.22 0.97 0.03 0.02
0 0.21166666666666667 0.77 0.03333333333333333 0.03
0 0.16166666666666665 0.7766666666666666 0.02666666666666667 0.03
0 0.14833333333333334 0.7183333333333334 0.02666666666666667 0.023333333333333334
0 0.18166666666666667 0.6116666666666667 0.03 0.02
0 0.23 0.63 0.03333333333333333 0.025
0 0.23666666666666666 0.89 0.03 0.03
0 0.435 0.9283333333333333 0.03 0.03
0 0.48333333333333334 0.9416666666666667 0.023333333333333334 0.023333333333333334
0 0.4716666666666667 0.97 0.023333333333333334 0.023333333333333334
0 0.18 0.8333333333333334 0.023333333333333334 0.023333333333333334
0 0.22 0.6716666666666666 0.02 0.02
0 0.19 0.6616666666666666 0.02 0.02
0 0.49666666666666665 0.865 0.02666666666666667 0.02666666666666667
0 0.46166666666666667 0.9616666666666667 0.023333333333333334 0.023333333333333334
0 0.2916666666666667 0.5416666666666666 0.02666666666666667 0.023333333333333334
0 0.5483333333333333 0.9633333333333334 0.02666666666666667 0.02666666666666667
0 0.5366666666666666 0.8983333333333333 0.02666666666666667 0.02666666666666667
0 0.03666666666666667 0.6483333333333333 0.03666666666666667 0.02
0 0.018333333333333333 0.82 0.023333333333333334 0.023333333333333334
0 0.48 0.4816666666666667 0.02666666666666667 0.035
0 0.8883333333333333 0.31833333333333336 0.03666666666666667 0.035
0 0.5233333333333333 0.96 0.02666666666666667 0.025
0 0.705 0.7483333333333333 0.025 0.028333333333333332