0 0.03666666666666667 0.09166666666666666 0.023333333333333334 0.02
0 0.04833333333333333 0.2816666666666667 0.023333333333333334 0.02666666666666667
0 0.11333333333333333 0.21833333333333332 0.03 0.02
0 0.041666666666666664 0.20666666666666667 0.03 0.03
0 0.8966666666666666 0.08166666666666667 0.02666666666666667 0.02666666666666667
0 0.9016666666666666 0.043333333333333335 0.02666666666666667 0.02666666666666667
0 0.8983333333333333 0.016666666666666666 0.02666666666666667 0.03
0 0.8766666666666667 0.03333333333333333 0.02666666666666667 0.02666666666666667
0 0.01 0.19833333333333333 0.02 0.023333333333333334
0 0.01 0.13333333333333333 0.02 0.02666666666666667
0 0.04666666666666667 0.6866666666666666 0.023333333333333334 0.03333333333333333
0 0.18666666666666668 0.9033333333333333 0.03 0.02
0 0.06166666666666667 0.9416666666666667 0.023333333333333334 0.02666666666666667
0 0.08 0.855 0.03 0.03
0 0.12333333333333334 0.8833333333333333 0.02666666666666667 0.02666666666666667
0 0.058333333333333334 0.7483333333333333 0.02666666666666667 0.02666666666666667
0 0.15666666666666668 0.9183333333333333 0.03 0.02666666666666667
0 0.021666666666666667 0.8983333333333333 0.03 0.02