0 0.305 0.4816666666666667 0.023333333333333334 0.023333333333333334
0 0.12833333333333333 0.465 0.03333333333333333 0.03
0 0.8983333333333333 0.6366666666666667 0.023333333333333334 0.023333333333333334
0 0.9183333333333333 0.6283333333333333 0.02666666666666667 0.023333333333333334
0 0.54 0.66 0.02 0.02666666666666667
0 0.725 0.02666666666666667 0.023333333333333334 0.023333333333333334
0 0.85 0.01 0.028333333333333332 0.02
0 0.9133333333333333 0.06833333333333333 0.023333333333333334 0.02
0 0.8216666666666667 0.15 0.03666666666666667 0.03
0 0.8966666666666666 0.12666666666666668 0.03 0.02666666666666667
0 0.945 0.06666666666666667 0.023333333333333334 0.02
0 0.9183333333333333 0.21333333333333335 0.02666666666666667 0.02666666666666667
0 0.7533333333333333 0.10833333333333334 0.028333333333333332 0.025
0 0.835 0.20666666666666667 0.02666666666666667 0.023333333333333334
0 0.6633333333333333 0.3016666666666667 0.02666666666666667 0.02666666666666667
0 0.7833333333333333 0.31333333333333335 0.025 0.025
0 0.46166666666666667 0.48833333333333334 0.025 0.023333333333333334