0 0.935 0.41333333333333333 0.02666666666666667 0.023333333333333334
0 0.7983333333333333 0.24166666666666667 0.03 0.03333333333333333
0 0.9166666666666666 0.2916666666666667 0.03 0.03
0 0.8616666666666667 0.2833333333333333 0.023333333333333334 0.023333333333333334
0 0.8883333333333333 0.36333333333333334 0.023333333333333334 0.023333333333333334
0 0.9366666666666666 0.36666666666666664 0.023333333333333334 0.023333333333333334
0 0.9416666666666667 0.17666666666666667 0.023333333333333334 0.023333333333333334
0 0.8266666666666667 0.37 0.023333333333333334 0.023333333333333334
0 0.8116666666666666 0.345 0.02666666666666667 0.02666666666666667
0 0.9366666666666666 0.5466666666666666 0.023333333333333334 0.023333333333333334
0 0.7716666666666666 0.9733333333333334 0.02 0.02666666666666667
0 0.92 0.9383333333333334 0.02666666666666667 0.025
0 0.9283333333333333 0.5916666666666667 0.02666666666666667 0.023333333333333334
0 0.9033333333333333 0.625 0.023333333333333334 0.023333333333333334
0 0.9616666666666667 0.5033333333333333 0.03 0.03
0 0.9266666666666666 0.64 0.02666666666666667 0.023333333333333334
0 0.3383333333333333 0.905 0.023333333333333334 0.023333333333333334
0 0.3383333333333333 0.9566666666666667 0.02666666666666667 0.02666666666666667
0 0.22666666666666666 0.9683333333333334 0.02666666666666667 0.02666666666666667
0 0.255 0.98 0.02666666666666667 0.023333333333333334
0 0.45666666666666667 0.83 0.03 0.03
0 0.23333333333333334 0.8966666666666666 0.02666666666666667 0.023333333333333334
0 0.25 0.825 0.02666666666666667 0.02666666666666667
0 0.10333333333333333 0.8366666666666667 0.03 0.03
0 0.22333333333333333 0.915 0.023333333333333334 0.02
0 0.385 0.7066666666666667 0.023333333333333334 0.02666666666666667
0 0.2683333333333333 0.92 0.02666666666666667 0.02666666666666667
0 0.455 0.6566666666666666 0.023333333333333334 0.023333333333333334