0 0.15833333333333333 0.5116666666666667 0.028333333333333332 0.028333333333333332
0 0.21333333333333335 0.5316666666666666 0.023333333333333334 0.023333333333333334
0 0.23 0.575 0.03 0.02666666666666667
0 0.18666666666666668 0.58 0.023333333333333334 0.023333333333333334
0 0.013333333333333334 0.6083333333333333 0.02 0.02
0 0.20333333333333334 0.6016666666666667 0.02666666666666667 0.023333333333333334
0 0.21 0.7316666666666667 0.028333333333333332 0.025
0 0.315 0.7283333333333334 0.03 0.03
0 0.13166666666666665 0.7366666666666667 0.023333333333333334 0.02
0 0.17333333333333334 0.7366666666666667 0.02666666666666667 0.023333333333333334
0 0.22833333333333333 0.7866666666666666 0.02666666666666667 0.02
0 0.18 0.49 0.025 0.023333333333333334
0 0.06166666666666667 0.495 0.02666666666666667 0.02
0 0.225 0.4683333333333333 0.02666666666666667 0.02666666666666667
0 0.255 0.16333333333333333 0.02666666666666667 0.02666666666666667
0 0.02666666666666667 0.58 0.023333333333333334 0.023333333333333334
0 0.21 0.4483333333333333 0.02666666666666667 0.02666666666666667
0 0.013333333333333334 0.585 0.02 0.02
0 0.056666666666666664 0.9216666666666666 0.023333333333333334 0.023333333333333334
0 0.34 0.7283333333333334 0.023333333333333334 0.023333333333333334
0 0.465 0.73 0.02666666666666667 0.028333333333333332
0 0.7016666666666667 0.645 0.023333333333333334 0.023333333333333334
0 0.17 0.6566666666666666 0.02666666666666667 0.025
0 0.32166666666666666 0.8566666666666667 0.025 0.023333333333333334
0 0.35833333333333334 0.8166666666666667 0.02666666666666667 0.021666666666666667