0 0.6183333333333333 0.056666666666666664 0.02666666666666667 0.025
0 0.18 0.105 0.023333333333333334 0.023333333333333334
0 0.175 0.055 0.02666666666666667 0.023333333333333334
0 0.15333333333333332 0.44666666666666666 0.02666666666666667 0.02666666666666667
0 0.15 0.4166666666666667 0.023333333333333334 0.023333333333333334
0 0.19333333333333333 0.3566666666666667 0.023333333333333334 0.023333333333333334
0 0.8 0.23666666666666666 0.03 0.02
0 0.885 0.2 0.025 0.023333333333333334
0 0.9033333333333333 0.21166666666666667 0.02 0.02666666666666667
0 0.835 0.41333333333333333 0.023333333333333334 0.02666666666666667
0 0.25166666666666665 0.03833333333333333 0.02 0.023333333333333334
0 0.25166666666666665 0.065 0.023333333333333334 0.02
0 0.8283333333333334 0.08166666666666667 0.023333333333333334 0.02
0 0.175 0.25166666666666665 0.023333333333333334 0.02666666666666667
0 0.54 0.058333333333333334 0.02666666666666667 0.02
0 0.21833333333333332 0.445 0.02666666666666667 0.02666666666666667
0 0.8083333333333333 0.30333333333333334 0.023333333333333334 0.02
0 0.7983333333333333 0.32166666666666666 0.023333333333333334 0.02
0 0.18333333333333332 0.455 0.023333333333333334 0.02666666666666667
0 0.7416666666666667 0.21666666666666667 0.02 0.023333333333333334
0 0.6066666666666667 0.13333333333333333 0.013333333333333334 0.02
0 0.5883333333333334 0.13666666666666666 0.016666666666666666 0.02
0 0.018333333333333333 0.15333333333333332 0.02666666666666667 0.03
0 0.3983333333333333 0.075 0.02 0.023333333333333334
0 0.7666666666666667 0.07333333333333333 0.023333333333333334 0.023333333333333334
0 0.08166666666666667 0.44333333333333336 0.03 0.023333333333333334
0 0.18166666666666667 0.48833333333333334 0.02666666666666667 0.02
0 0.17833333333333334 0.39 0.02666666666666667 0.025
0 0.5766666666666667 0.056666666666666664 0.02666666666666667 0.02
0 0.5766666666666667 0.07166666666666667 0.02 0.02
0 0.125 0.455 0.03 0.03
0 0.7933333333333333 0.8066666666666666 0.02 0.023333333333333334
0 0.49666666666666665 0.735 0.021666666666666667 0.025
0 0.14666666666666667 0.7083333333333334 0.03666666666666667 0.03
0 0.11 0.6416666666666667 0.03 0.03
0 0.056666666666666664 0.705 0.02666666666666667 0.02666666666666667
0 0.38166666666666665 0.6866666666666666 0.03 0.03
0 0.12833333333333333 0.94 0.03 0.03
0 0.2916666666666667 0.6466666666666666 0.023333333333333334 0.02666666666666667
0 0.055 0.5583333333333333 0.02666666666666667 0.023333333333333334
0 0.13166666666666665 0.3933333333333333 0.02666666666666667 0.02666666666666667
0 0.43833333333333335 0.7366666666666667 0.023333333333333334 0.025
0 0.7516666666666667 0.495 0.025 0.02666666666666667