0 0.6566666666666666 0.05333333333333334 0.02666666666666667 0.03
0 0.9066666666666666 0.11666666666666667 0.02666666666666667 0.02666666666666667
0 0.91 0.15333333333333332 0.02666666666666667 0.028333333333333332
0 0.865 0.18166666666666667 0.02666666666666667 0.023333333333333334
0 0.78 0.05333333333333334 0.035 0.03
0 0.805 0.165 0.03 0.02666666666666667
0 0.5933333333333334 0.9166666666666666 0.023333333333333334 0.03
0 0.6666666666666666 0.945 0.02666666666666667 0.02666666666666667
0 0.6433333333333333 0.9666666666666667 0.023333333333333334 0.03
0 0.8166666666666667 0.97 0.03 0.03166666666666667
0 0.8133333333333334 0.945 0.02 0.023333333333333334
0 0.66 0.19666666666666666 0.03 0.03