0 0.20333333333333334 0.91 0.023333333333333334 0.023333333333333334
0 0.19166666666666668 0.6566666666666666 0.03 0.03
0 0.11666666666666667 0.6416666666666667 0.023333333333333334 0.02
0 0.6516666666666666 0.5816666666666667 0.023333333333333334 0.023333333333333334
0 0.5883333333333334 0.5183333333333333 0.03 0.02
0 0.6816666666666666 0.55 0.023333333333333334 0.02
0 0.5883333333333334 0.19333333333333333 0.03 0.02666666666666667
0 0.5666666666666667 0.49166666666666664 0.02666666666666667 0.02666666666666667
0 0.6 0.49833333333333335 0.023333333333333334 0.02
0 0.6333333333333333 0.19166666666666668 0.023333333333333334 0.025
0 0.6433333333333333 0.14333333333333334 0.023333333333333334 0.03