0 0.9333333333333333 0.9233333333333333 0.03 0.02666666666666667
0 0.8816666666666667 0.9333333333333333 0.023333333333333334 0.02666666666666667
0 0.06666666666666667 0.8833333333333333 0.023333333333333334 0.023333333333333334
0 0.13166666666666665 0.9533333333333334 0.02666666666666667 0.02666666666666667
0 0.17333333333333334 0.8933333333333333 0.02 0.023333333333333334
0 0.285 0.9816666666666667 0.03 0.03
0 0.49333333333333335 0.6733333333333333 0.023333333333333334 0.023333333333333334
0 0.30833333333333335 0.9033333333333333 0.02666666666666667 0.023333333333333334
0 0.9433333333333334 0.8483333333333334 0.023333333333333334 0.023333333333333334
0 0.805 0.6333333333333333 0.03 0.03
0 0.36833333333333335 0.9283333333333333 0.023333333333333334 0.023333333333333334
0 0.9033333333333333 0.8383333333333334 0.02666666666666667 0.02666666666666667
0 0.975 0.8516666666666667 0.023333333333333334 0.023333333333333334
0 0.9033333333333333 0.91 0.023333333333333334 0.023333333333333334
0 0.38166666666666665 0.7083333333333334 0.023333333333333334 0.023333333333333334
0 0.7666666666666667 0.5933333333333334 0.02666666666666667 0.02666666666666667
0 0.7666666666666667 0.375 0.03333333333333333 0.03
0 0.7983333333333333 0.295 0.03 0.03
0 0.5883333333333334 0.32166666666666666 0.03 0.03
0 0.54 0.4166666666666667 0.023333333333333334 0.03
0 0.675 0.345 0.02666666666666667 0.03
0 0.5783333333333334 0.46 0.023333333333333334 0.03
0 0.5716666666666667 0.4083333333333333 0.023333333333333334 0.02
0 0.8233333333333334 0.4033333333333333 0.03 0.02666666666666667
0 0.6283333333333333 0.36666666666666664 0.023333333333333334 0.023333333333333334
0 0.765 0.32166666666666666 0.02666666666666667 0.023333333333333334
0 0.5583333333333333 0.44166666666666665 0.023333333333333334 0.023333333333333334
0 0.9216666666666666 0.035 0.03 0.02666666666666667
0 0.7116666666666667 0.39666666666666667 0.023333333333333334 0.023333333333333334
0 0.3333333333333333 0.10833333333333334 0.023333333333333334 0.023333333333333334
0 0.37166666666666665 0.115 0.03 0.03
0 0.37833333333333335 0.21333333333333335 0.023333333333333334 0.023333333333333334
0 0.285 0.20166666666666666 0.03 0.023333333333333334
0 0.058333333333333334 0.44166666666666665 0.03 0.02666666666666667
0 0.49333333333333335 0.47 0.02666666666666667 0.02666666666666667
0 0.5216666666666666 0.49833333333333335 0.02666666666666667 0.02666666666666667
0 0.7366666666666667 0.5066666666666667 0.03666666666666667 0.028333333333333332
0 0.013333333333333334 0.8883333333333333 0.02666666666666667 0.03166666666666667