0 0.8483333333333334 0.32166666666666666 0.03 0.03
0 0.18666666666666668 0.7266666666666667 0.02666666666666667 0.02
0 0.10833333333333334 0.6833333333333333 0.023333333333333334 0.02
0 0.2966666666666667 0.9783333333333334 0.02666666666666667 0.02666666666666667
0 0.06666666666666667 0.6966666666666667 0.023333333333333334 0.03
0 0.17833333333333334 0.6333333333333333 0.02 0.023333333333333334
0 0.45166666666666666 0.8783333333333333 0.02666666666666667 0.03666666666666667
0 0.12833333333333333 0.9216666666666666 0.02666666666666667 0.02666666666666667
0 0.3333333333333333 0.9666666666666667 0.023333333333333334 0.023333333333333334
0 0.17 0.835 0.02666666666666667 0.023333333333333334
0 0.23833333333333334 0.8066666666666666 0.02666666666666667 0.02666666666666667
0 0.07 0.20333333333333334 0.03 0.03
0 0.16666666666666666 0.16 0.02666666666666667 0.02666666666666667
0 0.10666666666666667 0.4816666666666667 0.02666666666666667 0.023333333333333334
0 0.025 0.145 0.04 0.03
0 0.016666666666666666 0.43333333333333335 0.03333333333333333 0.023333333333333334
0 0.26 0.9183333333333333 0.028333333333333332 0.028333333333333332