0 0.023333333333333334 0.6166666666666667 0.02 0.02666666666666667
0 0.07666666666666666 0.9716666666666667 0.02 0.023333333333333334
0 0.215 0.9216666666666666 0.02 0.023333333333333334
0 0.20333333333333334 0.9583333333333334 0.02666666666666667 0.03
0 0.3016666666666667 0.9816666666666667 0.02666666666666667 0.02666666666666667
0 0.46166666666666667 0.955 0.02 0.023333333333333334
0 0.705 0.7566666666666667 0.023333333333333334 0.023333333333333334
0 0.6416666666666667 0.7516666666666667 0.02666666666666667 0.023333333333333334
0 0.6416666666666667 0.7766666666666666 0.03 0.023333333333333334
0 0.7266666666666667 0.85 0.02666666666666667 0.02
0 0.8833333333333333 0.7583333333333333 0.023333333333333334 0.023333333333333334
0 0.9416666666666667 0.7316666666666667 0.02666666666666667 0.02666666666666667
0 0.5716666666666667 0.8133333333333334 0.02666666666666667 0.02666666666666667
0 0.7016666666666667 0.7066666666666667 0.023333333333333334 0.023333333333333334
0 0.815 0.6733333333333333 0.02 0.016666666666666666
0 0.9066666666666666 0.6933333333333334 0.02 0.02
0 0.6833333333333333 0.79 0.02 0.023333333333333334
0 0.62 0.8333333333333334 0.02 0.023333333333333334
0 0.21333333333333335 0.08833333333333333 0.03 0.02
0 0.62 0.9383333333333334 0.025 0.025