0 0.605 0.03166666666666667 0.023333333333333334 0.02666666666666667
0 0.815 0.165 0.02666666666666667 0.02666666666666667
0 0.6066666666666667 0.165 0.023333333333333334 0.023333333333333334
0 0.635 0.14666666666666667 0.023333333333333334 0.02
0 0.09333333333333334 0.2633333333333333 0.02666666666666667 0.02666666666666667
0 0.011666666666666667 0.29833333333333334 0.02 0.023333333333333334
0 0.011666666666666667 0.35333333333333333 0.02 0.02666666666666667
0 0.03166666666666667 0.021666666666666667 0.023333333333333334 0.02666666666666667
0 0.028333333333333332 0.3283333333333333 0.02666666666666667 0.02666666666666667
0 0.04666666666666667 0.35333333333333333 0.023333333333333334 0.02
0 0.04833333333333333 0.3233333333333333 0.02666666666666667 0.023333333333333334
0 0.10166666666666667 0.23166666666666666 0.023333333333333334 0.02
0 0.04666666666666667 0.285 0.023333333333333334 0.023333333333333334
0 0.12166666666666667 0.25333333333333335 0.02 0.02
0 0.04 0.4683333333333333 0.02666666666666667 0.02666666666666667
0 0.6783333333333333 0.92 0.02666666666666667 0.023333333333333334
0 0.69 0.7183333333333334 0.02666666666666667 0.023333333333333334
0 0.525 0.805 0.03 0.02666666666666667
0 0.55 0.6466666666666666 0.02666666666666667 0.03
0 0.5833333333333334 0.5816666666666667 0.03 0.03
0 0.5866666666666667 0.7766666666666666 0.023333333333333334 0.03
0 0.655 0.785 0.02666666666666667 0.02666666666666667
0 0.84 0.53 0.02 0.02
0 0.49166666666666664 0.6783333333333333 0.02666666666666667 0.02666666666666667
0 0.5616666666666666 0.5766666666666667 0.023333333333333334 0.023333333333333334
0 0.6883333333333334 0.5283333333333333 0.023333333333333334 0.023333333333333334
0 0.48833333333333334 0.6333333333333333 0.02 0.02666666666666667
0 0.6766666666666666 0.6383333333333333 0.02 0.023333333333333334
0 0.5066666666666667 0.6483333333333333 0.02 0.02
0 0.5516666666666666 0.74 0.02 0.02
0 0.5466666666666666 0.5716666666666667 0.02 0.02
0 0.565 0.785 0.023333333333333334 0.028333333333333332
0 0.8766666666666667 0.69 0.021666666666666667 0.025