0 0.41333333333333333 0.3516666666666667 0.02666666666666667 0.02666666666666667
0 0.37666666666666665 0.3516666666666667 0.03 0.03
0 0.13166666666666665 0.6966666666666667 0.02666666666666667 0.025
0 0.7666666666666667 0.185 0.03 0.025
0 0.58 0.235 0.03333333333333333 0.03333333333333333
0 0.8183333333333334 0.20833333333333334 0.03333333333333333 0.03166666666666667
0 0.65 0.26166666666666666 0.03333333333333333 0.03333333333333333
0 0.71 0.24166666666666667 0.028333333333333332 0.03
0 0.8416666666666667 0.335 0.02 0.02666666666666667
0 0.8983333333333333 0.3283333333333333 0.03166666666666667 0.04
0 0.89 0.4116666666666667 0.023333333333333334 0.03
0 0.9116666666666666 0.37833333333333335 0.02 0.03
0 0.8616666666666667 0.335 0.028333333333333332 0.035
0 0.7466666666666667 0.3566666666666667 0.03 0.03333333333333333
0 0.9216666666666666 0.12333333333333334 0.03 0.03
0 0.9266666666666666 0.03833333333333333 0.03 0.03
0 0.9416666666666667 0.09333333333333334 0.02 0.023333333333333334
0 0.695 0.13333333333333333 0.03 0.03
0 0.88 0.5566666666666666 0.02666666666666667 0.02666666666666667
0 0.9516666666666667 0.7666666666666667 0.023333333333333334 0.03
0 0.91 0.49166666666666664 0.023333333333333334 0.023333333333333334
0 0.9783333333333334 0.7883333333333333 0.02666666666666667 0.02666666666666667
0 0.9166666666666666 0.10166666666666667 0.02666666666666667 0.02666666666666667
0 0.975 0.008333333333333333 0.03 0.016666666666666666
0 0.7883333333333333 0.86 0.023333333333333334 0.028333333333333332
0 0.3016666666666667 0.6516666666666666 0.021666666666666667 0.02666666666666667