0 0.5866666666666667 0.45 0.028333333333333332 0.02666666666666667
0 0.8383333333333334 0.8366666666666667 0.02 0.02
0 0.825 0.7716666666666666 0.02 0.03
0 0.8783333333333333 0.805 0.02 0.023333333333333334
0 0.9666666666666667 0.7133333333333334 0.03 0.023333333333333334
0 0.8733333333333333 0.8316666666666667 0.02666666666666667 0.023333333333333334
0 0.93 0.89 0.03 0.023333333333333334
0 0.9416666666666667 0.8383333333333334 0.02 0.023333333333333334
0 0.9333333333333333 0.8216666666666667 0.02 0.023333333333333334
0 0.7433333333333333 0.7183333333333334 0.03 0.02666666666666667
0 0.7483333333333333 0.905 0.02666666666666667 0.02666666666666667
0 0.78 0.7516666666666667 0.02666666666666667 0.023333333333333334