0 0.6566666666666666 0.09833333333333333 0.03333333333333333 0.03
0 0.8383333333333334 0.3016666666666667 0.023333333333333334 0.02666666666666667
0 0.805 0.25333333333333335 0.03 0.03333333333333333
0 0.8316666666666667 0.22 0.03 0.03
0 0.34833333333333333 0.8516666666666667 0.03666666666666667 0.02666666666666667
0 0.22833333333333333 0.9216666666666666 0.02666666666666667 0.03
0 0.8433333333333334 0.028333333333333332 0.023333333333333334 0.02666666666666667
0 0.7616666666666667 0.14666666666666667 0.02666666666666667 0.02666666666666667
0 0.655 0.13666666666666666 0.02666666666666667 0.023333333333333334
0 0.89 0.20333333333333334 0.023333333333333334 0.023333333333333334
0 0.8216666666666667 0.29333333333333333 0.02 0.02666666666666667
0 0.7416666666666667 0.185 0.02666666666666667 0.03
0 0.7816666666666666 0.02 0.023333333333333334 0.03
0 0.9333333333333333 0.08333333333333333 0.03 0.03
0 0.7633333333333333 0.23666666666666666 0.023333333333333334 0.023333333333333334
0 0.09333333333333334 0.715 0.02666666666666667 0.02666666666666667