0 0.9033333333333333 0.21666666666666667 0.02666666666666667 0.02666666666666667
0 0.9183333333333333 0.25 0.02666666666666667 0.02666666666666667
0 0.7166666666666667 0.12833333333333333 0.02666666666666667 0.023333333333333334
0 0.9866666666666667 0.056666666666666664 0.023333333333333334 0.02666666666666667
0 0.9166666666666666 0.55 0.03 0.03
0 0.7016666666666667 0.8716666666666667 0.023333333333333334 0.03
0 0.7233333333333334 0.92 0.02 0.02
0 0.735 0.9466666666666667 0.02 0.02
0 0.9533333333333334 0.7483333333333333 0.02 0.016666666666666666
0 0.9533333333333334 0.5633333333333334 0.02666666666666667 0.023333333333333334
0 0.7583333333333333 0.8383333333333334 0.03 0.02666666666666667
0 0.77 0.75 0.02666666666666667 0.023333333333333334
0 0.10166666666666667 0.11333333333333333 0.023333333333333334 0.02666666666666667
0 0.11166666666666666 0.145 0.02666666666666667 0.023333333333333334
0 0.29 0.32 0.02 0.02
0 0.16833333333333333 0.22833333333333333 0.023333333333333334 0.023333333333333334
0 0.14833333333333334 0.285 0.02 0.02
0 0.028333333333333332 0.24833333333333332 0.023333333333333334 0.023333333333333334
0 0.04666666666666667 0.22333333333333333 0.02666666666666667 0.023333333333333334
0 0.07333333333333333 0.18666666666666668 0.02666666666666667 0.02666666666666667
0 0.016666666666666666 0.13166666666666665 0.02 0.02
0 0.7483333333333333 0.7666666666666667 0.03 0.025
0 0.68 0.49 0.035 0.03666666666666667
0 0.7033333333333334 0.965 0.021666666666666667 0.03
0 0.7066666666666667 0.19833333333333333 0.03166666666666667 0.03333333333333333
0 0.03833333333333333 0.315 0.025 0.02666666666666667