0 0.5633333333333334 0.8533333333333334 0.02666666666666667 0.03
0 0.5883333333333334 0.895 0.03 0.02666666666666667
0 0.5633333333333334 0.8833333333333333 0.02666666666666667 0.03
0 0.5016666666666667 0.985 0.02666666666666667 0.03
0 0.5166666666666667 0.8283333333333334 0.02666666666666667 0.02666666666666667
0 0.5033333333333333 0.8733333333333333 0.02 0.023333333333333334
0 0.5416666666666666 0.785 0.03 0.03666666666666667
0 0.5566666666666666 0.7 0.03 0.02666666666666667
0 0.6683333333333333 0.81 0.03333333333333333 0.02666666666666667
0 0.68 0.7883333333333333 0.03 0.02666666666666667
0 0.5966666666666667 0.7433333333333333 0.03 0.03
0 0.645 0.855 0.023333333333333334 0.023333333333333334
0 0.5383333333333333 0.965 0.028333333333333332 0.03166666666666667
0 0.605 0.635 0.03 0.03
0 0.6166666666666667 0.6583333333333333 0.02 0.03
0 0.6666666666666666 0.6333333333333333 0.02 0.02
0 0.6933333333333334 0.66 0.023333333333333334 0.02666666666666667
0 0.6733333333333333 0.57 0.023333333333333334 0.02666666666666667
0 0.55 0.575 0.03333333333333333 0.03
0 0.59 0.5216666666666666 0.03 0.02666666666666667
0 0.6233333333333333 0.5266666666666666 0.02666666666666667 0.03
0 0.735 0.6016666666666667 0.03 0.03
0 0.8716666666666667 0.525 0.04 0.03333333333333333
0 0.9766666666666667 0.555 0.041666666666666664 0.03333333333333333
0 0.9166666666666666 0.9866666666666667 0.03666666666666667 0.025
0 0.4866666666666667 0.7866666666666666 0.028333333333333332 0.03
0 0.505 0.6016666666666667 0.023333333333333334 0.023333333333333334
0 0.6166666666666667 0.8916666666666667 0.023333333333333334 0.023333333333333334
0 0.46166666666666667 0.9666666666666667 0.023333333333333334 0.023333333333333334
0 0.025 0.07 0.023333333333333334 0.03
0 0.05 0.07 0.03 0.02666666666666667
0 0.08833333333333333 0.051666666666666666 0.023333333333333334 0.023333333333333334
0 0.085 0.08 0.03 0.023333333333333334
0 0.058333333333333334 0.12166666666666667 0.03 0.023333333333333334
0 0.215 0.365 0.03166666666666667 0.03666666666666667
0 0.66 0.4033333333333333 0.035 0.03333333333333333
0 0.6833333333333333 0.33666666666666667 0.03 0.02666666666666667
0 0.9533333333333334 0.04666666666666667 0.03 0.02666666666666667
0 0.9566666666666667 0.07166666666666667 0.02666666666666667 0.03
0 0.9666666666666667 0.2783333333333333 0.03333333333333333 0.02666666666666667
0 0.8316666666666667 0.36833333333333335 0.041666666666666664 0.03666666666666667
0 0.9666666666666667 0.4866666666666667 0.03333333333333333 0.03333333333333333
0 0.9233333333333333 0.3 0.035 0.03166666666666667
0 0.68 0.44 0.023333333333333334 0.023333333333333334
0 0.96 0.12 0.023333333333333334 0.023333333333333334
0 0.6566666666666666 0.30333333333333334 0.02666666666666667 0.02666666666666667
0 0.10833333333333334 0.38333333333333336 0.023333333333333334 0.023333333333333334
0 0.7233333333333334 0.5016666666666667 0.03 0.03
0 0.635 0.33 0.04 0.03666666666666667
0 0.815 0.315 0.028333333333333332 0.035