0 0.6983333333333334 0.21166666666666667 0.03 0.02666666666666667
0 0.8133333333333334 0.17 0.02666666666666667 0.03
0 0.79 0.19833333333333333 0.02666666666666667 0.02666666666666667
0 0.5816666666666667 0.15666666666666668 0.03 0.03
0 0.8316666666666667 0.3933333333333333 0.02 0.023333333333333334
0 0.7433333333333333 0.20333333333333334 0.023333333333333334 0.02666666666666667
0 0.31166666666666665 0.11333333333333333 0.02666666666666667 0.02666666666666667
0 0.355 0.05333333333333334 0.03 0.03
0 0.365 0.16 0.02666666666666667 0.023333333333333334
0 0.018333333333333333 0.21 0.03 0.03333333333333333
0 0.32166666666666666 0.14166666666666666 0.02 0.023333333333333334
0 0.3416666666666667 0.15833333333333333 0.02 0.03
0 0.4533333333333333 0.095 0.02 0.023333333333333334
0 0.35 0.115 0.023333333333333334 0.023333333333333334
0 0.4 0.18 0.03 0.03
0 0.36833333333333335 0.025 0.023333333333333334 0.023333333333333334
0 0.21666666666666667 0.8933333333333333 0.02666666666666667 0.02666666666666667
0 0.2683333333333333 0.535 0.023333333333333334 0.023333333333333334
0 0.03833333333333333 0.71 0.02666666666666667 0.02666666666666667
0 0.8316666666666667 0.5533333333333333 0.02 0.023333333333333334
0 0.87 0.5466666666666666 0.02 0.02
0 0.895 0.535 0.02 0.03
0 0.8583333333333333 0.57 0.02666666666666667 0.023333333333333334
0 0.8416666666666667 0.5816666666666667 0.02 0.02
0 0.845 0.78 0.023333333333333334 0.023333333333333334
0 0.8533333333333334 0.7433333333333333 0.02 0.02666666666666667
0 0.9483333333333334 0.5 0.023333333333333334 0.03333333333333333
0 0.2866666666666667 0.52 0.02666666666666667 0.028333333333333332
0 0.57 0.11 0.028333333333333332 0.028333333333333332
0 0.99 0.3466666666666667 0.018333333333333333 0.02666666666666667