0 0.13333333333333333 0.31 0.023333333333333334 0.023333333333333334
0 0.016666666666666666 0.32666666666666666 0.02666666666666667 0.023333333333333334
0 0.075 0.35 0.023333333333333334 0.023333333333333334
0 0.175 0.32 0.023333333333333334 0.023333333333333334
0 0.03 0.3466666666666667 0.023333333333333334 0.023333333333333334
0 0.016666666666666666 0.2916666666666667 0.023333333333333334 0.03
0 0.011666666666666667 0.5883333333333334 0.023333333333333334 0.023333333333333334
0 0.9816666666666667 0.43666666666666665 0.02666666666666667 0.02666666666666667
0 0.9316666666666666 0.25166666666666665 0.02666666666666667 0.023333333333333334
0 0.9866666666666667 0.46 0.02666666666666667 0.02666666666666667
0 0.9583333333333334 0.23166666666666666 0.02666666666666667 0.023333333333333334
0 0.9733333333333334 0.6466666666666666 0.023333333333333334 0.023333333333333334
0 0.8783333333333333 0.825 0.02666666666666667 0.023333333333333334
0 0.9633333333333334 0.5666666666666667 0.03 0.03
0 0.805 0.7633333333333333 0.02666666666666667 0.02666666666666667
0 0.8233333333333334 0.7116666666666667 0.02666666666666667 0.02666666666666667
0 0.9416666666666667 0.9783333333333334 0.02666666666666667 0.02666666666666667
0 0.8066666666666666 0.8133333333333334 0.03 0.03
0 0.9616666666666667 0.8716666666666667 0.03 0.03
0 0.8616666666666667 0.7683333333333333 0.02666666666666667 0.023333333333333334
0 0.79 0.7883333333333333 0.02666666666666667 0.02666666666666667
0 0.9316666666666666 0.6866666666666666 0.023333333333333334 0.023333333333333334
0 0.8183333333333334 0.6233333333333333 0.02666666666666667 0.02666666666666667
0 0.8866666666666667 0.9866666666666667 0.023333333333333334 0.023333333333333334
0 0.8733333333333333 0.7216666666666667 0.023333333333333334 0.023333333333333334
0 0.945 0.8083333333333333 0.02666666666666667 0.02666666666666667
0 0.9433333333333334 0.48833333333333334 0.02666666666666667 0.02666666666666667
0 0.8566666666666667 0.8016666666666666 0.023333333333333334 0.023333333333333334
0 0.8933333333333333 0.7433333333333333 0.023333333333333334 0.023333333333333334
0 0.8933333333333333 0.6233333333333333 0.023333333333333334 0.023333333333333334
0 0.9583333333333334 0.72 0.02666666666666667 0.02666666666666667
0 0.9033333333333333 0.6583333333333333 0.023333333333333334 0.023333333333333334
0 0.9533333333333334 0.6033333333333334 0.03 0.03666666666666667
0 0.09 0.5783333333333334 0.03 0.028333333333333332