0 0.265 0.6933333333333334 0.02666666666666667 0.028333333333333332
0 0.2816666666666667 0.6383333333333333 0.023333333333333334 0.023333333333333334
0 0.25833333333333336 0.56 0.02666666666666667 0.02
0 0.175 0.97 0.02 0.02
0 0.07166666666666667 0.5983333333333334 0.03 0.03
0 0.03 0.8366666666666667 0.03 0.02666666666666667
0 0.3016666666666667 0.6583333333333333 0.02666666666666667 0.02666666666666667
0 0.05 0.8183333333333334 0.023333333333333334 0.023333333333333334
0 0.14333333333333334 0.33166666666666667 0.028333333333333332 0.025
0 0.21166666666666667 0.37666666666666665 0.02666666666666667 0.023333333333333334
0 0.09333333333333334 0.14833333333333334 0.03 0.023333333333333334
0 0.09666666666666666 0.07166666666666667 0.03 0.02666666666666667
0 0.043333333333333335 0.04833333333333333 0.023333333333333334 0.023333333333333334
0 0.14833333333333334 0.18666666666666668 0.028333333333333332 0.025
0 0.165 0.425 0.03333333333333333 0.03
0 0.12 0.43333333333333335 0.02666666666666667 0.02666666666666667
0 0.21166666666666667 0.5166666666666667 0.03666666666666667 0.02666666666666667
0 0.23666666666666666 0.4716666666666667 0.023333333333333334 0.03
0 0.21333333333333335 0.47333333333333333 0.02666666666666667 0.023333333333333334
0 0.04666666666666667 0.12 0.03 0.03
0 0.056666666666666664 0.19666666666666666 0.023333333333333334 0.023333333333333334
0 0.20333333333333334 0.4166666666666667 0.02666666666666667 0.02666666666666667
0 0.03333333333333333 0.021666666666666667 0.03 0.03333333333333333
0 0.17333333333333334 0.5233333333333333 0.03 0.028333333333333332
0 0.12666666666666668 0.2 0.02666666666666667 0.03