0 0.8333333333333334 0.3616666666666667 0.023333333333333334 0.023333333333333334
0 0.75 0.39666666666666667 0.023333333333333334 0.023333333333333334
0 0.8916666666666667 0.11333333333333333 0.03 0.02666666666666667
0 0.7316666666666667 0.24333333333333335 0.023333333333333334 0.02666666666666667
0 0.8483333333333334 0.06333333333333334 0.02666666666666667 0.023333333333333334
0 0.6833333333333333 0.105 0.02666666666666667 0.023333333333333334
0 0.655 0.023333333333333334 0.03 0.02666666666666667
0 0.68 0.2966666666666667 0.02666666666666667 0.023333333333333334
0 0.5866666666666667 0.31333333333333335 0.02 0.02
0 0.7166666666666667 0.2916666666666667 0.02666666666666667 0.02666666666666667
0 0.855 0.41833333333333333 0.02666666666666667 0.02666666666666667
0 0.8816666666666667 0.06166666666666667 0.023333333333333334 0.023333333333333334
0 0.6166666666666667 0.20333333333333334 0.02666666666666667 0.023333333333333334
0 0.6833333333333333 0.27666666666666667 0.02666666666666667 0.023333333333333334
0 0.6583333333333333 0.28 0.023333333333333334 0.023333333333333334
0 0.5683333333333334 0.27666666666666667 0.023333333333333334 0.023333333333333334
0 0.8583333333333333 0.02666666666666667 0.02666666666666667 0.02666666666666667
0 0.8166666666666667 0.22 0.02666666666666667 0.02666666666666667
0 0.7283333333333334 0.365 0.02666666666666667 0.02666666666666667
0 0.8333333333333334 0.09166666666666666 0.02666666666666667 0.02666666666666667
0 0.95 0.02666666666666667 0.02666666666666667 0.02666666666666667
0 0.7583333333333333 0.35333333333333333 0.023333333333333334 0.023333333333333334
0 0.6866666666666666 0.32 0.023333333333333334 0.023333333333333334
0 0.6533333333333333 0.315 0.02666666666666667 0.023333333333333334
0 0.7416666666666667 0.3383333333333333 0.023333333333333334 0.023333333333333334
0 0.6383333333333333 0.25166666666666665 0.02666666666666667 0.02666666666666667
0 0.5716666666666667 0.11666666666666667 0.03 0.03
0 0.8116666666666666 0.16166666666666665 0.02666666666666667 0.03333333333333333
0 0.7166666666666667 0.3516666666666667 0.02666666666666667 0.03
0 0.9116666666666666 0.3933333333333333 0.03 0.02666666666666667
0 0.9133333333333333 0.42333333333333334 0.023333333333333334 0.02666666666666667
0 0.9683333333333334 0.4166666666666667 0.03333333333333333 0.04
0 0.9583333333333334 0.4633333333333333 0.03666666666666667 0.02666666666666667
0 0.9533333333333334 0.055 0.03 0.03333333333333333
0 0.6183333333333333 0.008333333333333333 0.03333333333333333 0.016666666666666666
0 0.9816666666666667 0.15833333333333333 0.03 0.023333333333333334
0 0.8416666666666667 0.006666666666666667 0.023333333333333334 0.013333333333333334
0 0.9583333333333334 0.09833333333333333 0.03 0.02
0 0.9516666666666667 0.22166666666666668 0.02666666666666667 0.02666666666666667
0 0.6966666666666667 0.20666666666666667 0.023333333333333334 0.02666666666666667
0 0.7383333333333333 0.435 0.023333333333333334 0.023333333333333334
0 0.605 0.13666666666666666 0.023333333333333334 0.023333333333333334
0 0.6 0.10666666666666667 0.023333333333333334 0.023333333333333334
0 0.7633333333333333 0.4116666666666667 0.02666666666666667 0.02
0 0.6916666666666667 0.4266666666666667 0.02 0.02
0 0.565 0.14 0.02666666666666667 0.02666666666666667
0 0.043333333333333335 0.235 0.02666666666666667 0.02666666666666667
0 0.3 0.8033333333333333 0.023333333333333334 0.02
0 0.19333333333333333 0.85 0.02666666666666667 0.023333333333333334
0 0.125 0.8716666666666667 0.02 0.023333333333333334
0 0.49 0.945 0.023333333333333334 0.02
0 0.145 0.8883333333333333 0.021666666666666667 0.021666666666666667
0 0.06333333333333334 0.8433333333333334 0.02666666666666667 0.02
0 0.14333333333333334 0.6716666666666666 0.023333333333333334 0.02
0 0.24833333333333332 0.7866666666666666 0.023333333333333334 0.02
0 0.36666666666666664 0.9766666666666667 0.02666666666666667 0.023333333333333334
0 0.35 0.6516666666666666 0.02 0.02
0 0.3983333333333333 0.6516666666666666 0.023333333333333334 0.023333333333333334
0 0.43666666666666665 0.675 0.023333333333333334 0.02
0 0.41333333333333333 0.7316666666666667 0.023333333333333334 0.02
0 0.23833333333333334 0.8233333333333334 0.023333333333333334 0.023333333333333334
0 0.12333333333333334 0.925 0.023333333333333334 0.023333333333333334
0 0.10333333333333333 0.6133333333333333 0.02666666666666667 0.02666666666666667
0 0.21333333333333335 0.8733333333333333 0.02666666666666667 0.02666666666666667
0 0.21666666666666667 0.8183333333333334 0.023333333333333334 0.023333333333333334
0 0.4583333333333333 0.9 0.023333333333333334 0.023333333333333334
0 0.06 0.8866666666666667 0.023333333333333334 0.023333333333333334
0 0.14666666666666667 0.97 0.03 0.03
0 0.465 0.5183333333333333 0.02666666666666667 0.02666666666666667
0 0.24666666666666667 0.7633333333333333 0.02666666666666667 0.02666666666666667
0 0.15666666666666668 0.7533333333333333 0.023333333333333334 0.023333333333333334
0 0.22666666666666666 0.6016666666666667 0.023333333333333334 0.023333333333333334
0 0.185 0.8066666666666666 0.023333333333333334 0.023333333333333334
0 0.35333333333333333 0.8283333333333334 0.02666666666666667 0.02666666666666667
0 0.40166666666666667 0.695 0.023333333333333334 0.023333333333333334
0 0.15666666666666668 0.9333333333333333 0.02666666666666667 0.02666666666666667
0 0.37833333333333335 0.865 0.023333333333333334 0.02666666666666667
0 0.405 0.8666666666666667 0.02666666666666667 0.023333333333333334
0 0.37833333333333335 0.7016666666666667 0.02666666666666667 0.023333333333333334
0 0.33666666666666667 0.6733333333333333 0.04 0.02666666666666667
0 0.3283333333333333 0.7116666666666667 0.02666666666666667 0.02666666666666667
0 0.3283333333333333 0.6933333333333334 0.02666666666666667 0.023333333333333334
0 0.15166666666666667 0.59 0.02666666666666667 0.03333333333333333
0 0.39166666666666666 0.945 0.025 0.03
0 0.8316666666666667 0.5733333333333334 0.03 0.02666666666666667
0 0.7683333333333333 0.49833333333333335 0.02666666666666667 0.013333333333333334
0 0.67 0.8183333333333334 0.03 0.02
0 0.5766666666666667 0.775 0.023333333333333334 0.023333333333333334
0 0.5833333333333334 0.9633333333333334 0.02 0.023333333333333334
0 0.7616666666666667 0.965 0.02 0.02
0 0.8483333333333334 0.9116666666666666 0.023333333333333334 0.023333333333333334
0 0.8416666666666667 0.8266666666666667 0.02666666666666667 0.02
0 0.96 0.8883333333333333 0.023333333333333334 0.02
0 0.94 0.7316666666666667 0.02666666666666667 0.023333333333333334
0 0.9383333333333334 0.5683333333333334 0.023333333333333334 0.02
0 0.7383333333333333 0.8166666666666667 0.02666666666666667 0.02
0 0.955 0.5416666666666666 0.03 0.02666666666666667
0 0.7383333333333333 0.6016666666666667 0.03 0.03
0 0.6316666666666667 0.8116666666666666 0.02666666666666667 0.02666666666666667
0 0.8133333333333334 0.9566666666666667 0.02666666666666667 0.02666666666666667
0 0.98 0.8516666666666667 0.02666666666666667 0.02666666666666667
0 0.7183333333333334 0.5866666666666667 0.03 0.03
0 0.775 0.5416666666666666 0.02666666666666667 0.02666666666666667
0 0.745 0.945 0.02666666666666667 0.023333333333333334
0 0.7883333333333333 0.605 0.03333333333333333 0.03333333333333333
0 0.7766666666666666 0.74 0.023333333333333334 0.03333333333333333
0 0.375 0.9283333333333333 0.021666666666666667 0.02666666666666667
0 0.5266666666666666 0.9566666666666667 0.025 0.028333333333333332
0 0.7733333333333333 0.9266666666666666 0.025 0.021666666666666667
0 0.79 0.9516666666666667 0.025 0.021666666666666667
0 0.8283333333333334 0.9266666666666666 0.02666666666666667 0.02666666666666667
0 0.9266666666666666 0.48833333333333334 0.02 0.025
0 0.04 0.5116666666666667 0.025 0.025
0 0.07333333333333333 0.5683333333333334 0.02666666666666667 0.02666666666666667