0 0.5616666666666666 0.021666666666666667 0.023333333333333334 0.02666666666666667
0 0.7183333333333334 0.31833333333333336 0.02 0.023333333333333334
0 0.8333333333333334 0.41833333333333333 0.023333333333333334 0.02
0 0.6216666666666667 0.47333333333333333 0.02 0.02
0 0.7233333333333334 0.2833333333333333 0.023333333333333334 0.023333333333333334
0 0.6433333333333333 0.24333333333333335 0.023333333333333334 0.02666666666666667
0 0.6 0.021666666666666667 0.023333333333333334 0.02
0 0.6133333333333333 0.03833333333333333 0.016666666666666666 0.016666666666666666
0 0.65 0.023333333333333334 0.023333333333333334 0.02
0 0.5833333333333334 0.26666666666666666 0.02 0.02
0 0.5466666666666666 0.39166666666666666 0.023333333333333334 0.02
0 0.655 0.3616666666666667 0.023333333333333334 0.02
0 0.6116666666666667 0.43166666666666664 0.02 0.023333333333333334
0 0.5966666666666667 0.48833333333333334 0.023333333333333334 0.02
0 0.6383333333333333 0.6616666666666666 0.023333333333333334 0.02
0 0.6616666666666666 0.5466666666666666 0.023333333333333334 0.023333333333333334
0 0.7033333333333334 0.5883333333333334 0.023333333333333334 0.02
0 0.71 0.8066666666666666 0.023333333333333334 0.03
0 0.7833333333333333 0.8416666666666667 0.02666666666666667 0.028333333333333332
0 0.7983333333333333 0.835 0.02666666666666667 0.03
0 0.65 0.675 0.03 0.02
0 0.5766666666666667 0.875 0.03 0.02666666666666667
0 0.5766666666666667 0.7166666666666667 0.02666666666666667 0.023333333333333334
0 0.5783333333333334 0.6316666666666667 0.02666666666666667 0.02666666666666667
0 0.5966666666666667 0.5566666666666666 0.023333333333333334 0.023333333333333334
0 0.645 0.5283333333333333 0.023333333333333334 0.023333333333333334
0 0.49 0.27166666666666667 0.02666666666666667 0.023333333333333334
0 0.5116666666666667 0.43166666666666664 0.025 0.021666666666666667
0 0.42 0.30666666666666664 0.023333333333333334 0.02666666666666667
0 0.48333333333333334 0.32666666666666666 0.023333333333333334 0.023333333333333334
0 0.5033333333333333 0.4633333333333333 0.02 0.02
0 0.5183333333333333 0.7916666666666666 0.028333333333333332 0.023333333333333334
0 0.49666666666666665 0.18166666666666667 0.025 0.025
0 0.5133333333333333 0.16666666666666666 0.025 0.025