0 0.03833333333333333 0.97 0.02666666666666667 0.02666666666666667
0 0.20833333333333334 0.855 0.03 0.03
0 0.24 0.68 0.03 0.02666666666666667
0 0.09166666666666666 0.5316666666666666 0.02666666666666667 0.023333333333333334
0 0.225 0.84 0.02666666666666667 0.02666666666666667
0 0.9683333333333334 0.7983333333333333 0.023333333333333334 0.023333333333333334
0 0.9383333333333334 0.7833333333333333 0.02666666666666667 0.021666666666666667
0 0.8666666666666667 0.73 0.02666666666666667 0.023333333333333334
0 0.8516666666666667 0.30833333333333335 0.02666666666666667 0.02666666666666667
0 0.9483333333333334 0.725 0.023333333333333334 0.023333333333333334
0 0.785 0.32166666666666666 0.03 0.02666666666666667
0 0.8766666666666667 0.7866666666666666 0.023333333333333334 0.023333333333333334
0 0.7233333333333334 0.043333333333333335 0.03 0.03
0 0.8933333333333333 0.7133333333333334 0.02666666666666667 0.02666666666666667
0 0.6916666666666667 0.023333333333333334 0.02666666666666667 0.02666666666666667
0 0.9016666666666666 0.07833333333333334 0.03 0.03
0 0.8216666666666667 0.05 0.02666666666666667 0.02666666666666667
0 0.96 0.92 0.02666666666666667 0.023333333333333334
0 0.8266666666666667 0.8316666666666667 0.03 0.03
0 0.9533333333333334 0.955 0.03 0.03
0 0.85 0.6583333333333333 0.03 0.03
0 0.7916666666666666 0.09166666666666666 0.02666666666666667 0.023333333333333334
0 0.7983333333333333 0.6333333333333333 0.02666666666666667 0.02666666666666667
0 0.935 0.3383333333333333 0.02666666666666667 0.02666666666666667
0 0.795 0.6666666666666666 0.03 0.03
0 0.8466666666666667 0.71 0.02666666666666667 0.02666666666666667
0 0.7933333333333333 0.6783333333333333 0.03 0.03
0 0.9333333333333333 0.6733333333333333 0.02666666666666667 0.02666666666666667
0 0.9283333333333333 0.435 0.025 0.03