0 0.3383333333333333 0.5883333333333334 0.03 0.03
0 0.8183333333333334 0.56 0.02666666666666667 0.02666666666666667
0 0.59 0.8516666666666667 0.02666666666666667 0.02666666666666667
0 0.6383333333333333 0.8583333333333333 0.03 0.02666666666666667
0 0.6883333333333334 0.8516666666666667 0.02666666666666667 0.02
0 0.9866666666666667 0.9316666666666666 0.02666666666666667 0.02666666666666667
0 0.9316666666666666 0.5366666666666666 0.03 0.03
0 0.6433333333333333 0.8333333333333334 0.023333333333333334 0.02
0 0.6766666666666666 0.9766666666666667 0.02666666666666667 0.023333333333333334
0 0.5966666666666667 0.9566666666666667 0.02666666666666667 0.023333333333333334
0 0.6666666666666666 0.7783333333333333 0.023333333333333334 0.02
0 0.6816666666666666 0.8416666666666667 0.02 0.02
0 0.8233333333333334 0.6966666666666667 0.02666666666666667 0.02666666666666667
0 0.6916666666666667 0.5816666666666667 0.02666666666666667 0.02666666666666667
0 0.7083333333333334 0.4716666666666667 0.02 0.02666666666666667
0 0.9666666666666667 0.06 0.02666666666666667 0.03
0 0.9766666666666667 0.26 0.02 0.02
0 0.6833333333333333 0.31666666666666665 0.023333333333333334 0.023333333333333334
0 0.5316666666666666 0.16333333333333333 0.02666666666666667 0.02666666666666667
0 0.35333333333333333 0.505 0.028333333333333332 0.023333333333333334
0 0.3466666666666667 0.4066666666666667 0.03 0.02666666666666667
0 0.2633333333333333 0.38166666666666665 0.03 0.02666666666666667
0 0.24833333333333332 0.35 0.03 0.02666666666666667
0 0.2816666666666667 0.315 0.03 0.02666666666666667
0 0.42 0.335 0.025 0.021666666666666667
0 0.23333333333333334 0.15666666666666668 0.02 0.03
0 0.22166666666666668 0.18166666666666667 0.03333333333333333 0.02666666666666667
0 0.43333333333333335 0.52 0.03 0.02666666666666667
0 0.47833333333333333 0.4033333333333333 0.02666666666666667 0.023333333333333334
0 0.2683333333333333 0.14666666666666667 0.02666666666666667 0.02666666666666667
0 0.22333333333333333 0.1 0.02 0.02
0 0.48833333333333334 0.37166666666666665 0.03 0.03
0 0.4583333333333333 0.46 0.02666666666666667 0.02666666666666667
0 0.44166666666666665 0.40166666666666667 0.023333333333333334 0.023333333333333334
0 0.465 0.35833333333333334 0.02666666666666667 0.02666666666666667
0 0.4866666666666667 0.47333333333333333 0.023333333333333334 0.02
0 0.5016666666666667 0.3933333333333333 0.023333333333333334 0.02666666666666667
0 0.245 0.18666666666666668 0.023333333333333334 0.02
0 0.5 0.44166666666666665 0.023333333333333334 0.023333333333333334
0 0.9333333333333333 0.2866666666666667 0.025 0.03166666666666667