0 0.6916666666666667 0.285 0.03666666666666667 0.02666666666666667
0 0.5983333333333334 0.36666666666666664 0.023333333333333334 0.023333333333333334
0 0.665 0.10333333333333333 0.03 0.02666666666666667
0 0.61 0.13166666666666665 0.023333333333333334 0.023333333333333334
0 0.19666666666666666 0.5833333333333334 0.03333333333333333 0.03
0 0.11333333333333333 0.5466666666666666 0.03666666666666667 0.023333333333333334
0 0.10833333333333334 0.6033333333333334 0.03 0.03
0 0.14 0.5366666666666666 0.02666666666666667 0.02666666666666667
0 0.058333333333333334 0.875 0.02 0.02
0 0.10666666666666667 0.6366666666666667 0.023333333333333334 0.02
0 0.08333333333333333 0.885 0.02 0.02
0 0.3566666666666667 0.91 0.023333333333333334 0.023333333333333334
0 0.19666666666666666 0.6266666666666667 0.023333333333333334 0.023333333333333334
0 0.8783333333333333 0.7083333333333334 0.04 0.03
0 0.9466666666666667 0.6766666666666666 0.03 0.023333333333333334
0 0.4533333333333333 0.29833333333333334 0.02666666666666667 0.02666666666666667
0 0.29833333333333334 0.44166666666666665 0.03 0.03333333333333333
0 0.06166666666666667 0.44666666666666666 0.023333333333333334 0.02666666666666667
0 0.12166666666666667 0.44666666666666666 0.02666666666666667 0.02
0 0.19166666666666668 0.43166666666666664 0.023333333333333334 0.023333333333333334
0 0.12833333333333333 0.4033333333333333 0.023333333333333334 0.02666666666666667
0 0.16666666666666666 0.42333333333333334 0.02 0.02
0 0.13333333333333333 0.43166666666666664 0.02 0.02
0 0.3233333333333333 0.42333333333333334 0.02666666666666667 0.02
0 0.19833333333333333 0.3416666666666667 0.02666666666666667 0.023333333333333334
0 0.31333333333333335 0.4 0.02 0.02666666666666667
0 0.2816666666666667 0.4116666666666667 0.02666666666666667 0.02
0 0.27666666666666667 0.4866666666666667 0.023333333333333334 0.023333333333333334
0 0.18666666666666668 0.4116666666666667 0.013333333333333334 0.02
0 0.17166666666666666 0.34 0.023333333333333334 0.023333333333333334
0 0.3 0.011666666666666667 0.02666666666666667 0.023333333333333334