0 0.15 0.22666666666666666 0.03 0.02666666666666667
0 0.155 0.13666666666666666 0.023333333333333334 0.023333333333333334
0 0.16833333333333333 0.09833333333333333 0.02666666666666667 0.03
0 0.125 0.7466666666666667 0.023333333333333334 0.023333333333333334
0 0.23166666666666666 0.018333333333333333 0.02666666666666667 0.023333333333333334
0 0.43333333333333335 0.3433333333333333 0.023333333333333334 0.023333333333333334
0 0.385 0.5566666666666666 0.02666666666666667 0.023333333333333334
0 0.12666666666666668 0.18333333333333332 0.023333333333333334 0.023333333333333334
0 0.045 0.03833333333333333 0.02666666666666667 0.03
0 0.36333333333333334 0.4716666666666667 0.02666666666666667 0.02666666666666667
0 0.4066666666666667 0.5016666666666667 0.023333333333333334 0.023333333333333334
0 0.8433333333333334 0.23333333333333334 0.03666666666666667 0.04
0 0.9333333333333333 0.2683333333333333 0.03 0.02666666666666667
0 0.9233333333333333 0.09 0.03 0.03
0 0.935 0.06666666666666667 0.02666666666666667 0.023333333333333334
0 0.8083333333333333 0.12 0.02666666666666667 0.023333333333333334
0 0.8666666666666667 0.035 0.023333333333333334 0.02666666666666667
0 0.905 0.07333333333333333 0.02 0.02
0 0.5683333333333334 0.028333333333333332 0.02666666666666667 0.02666666666666667
0 0.845 0.15 0.02 0.023333333333333334
0 0.8666666666666667 0.013333333333333334 0.03 0.02666666666666667
0 0.7266666666666667 0.8983333333333333 0.02666666666666667 0.023333333333333334
0 0.7633333333333333 0.013333333333333334 0.03 0.02666666666666667
0 0.8433333333333334 0.051666666666666666 0.023333333333333334 0.023333333333333334
0 0.7866666666666666 0.06333333333333334 0.02666666666666667 0.03166666666666667
0 0.6016666666666667 0.021666666666666667 0.023333333333333334 0.023333333333333334
0 0.8383333333333334 0.08833333333333333 0.03333333333333333 0.02666666666666667
0 0.9016666666666666 0.11666666666666667 0.03333333333333333 0.02666666666666667
0 0.8116666666666666 0.02666666666666667 0.023333333333333334 0.023333333333333334
0 0.905 0.045 0.02666666666666667 0.02666666666666667
0 0.9116666666666666 0.9083333333333333 0.023333333333333334 0.03
0 0.8566666666666667 0.8066666666666666 0.023333333333333334 0.023333333333333334
0 0.5183333333333333 0.7216666666666667 0.023333333333333334 0.02666666666666667
0 0.6483333333333333 0.43666666666666665 0.028333333333333332 0.03333333333333333
0 0.6716666666666666 0.4266666666666667 0.023333333333333334 0.02666666666666667