0 0.685 0.5733333333333334 0.02666666666666667 0.023333333333333334
0 0.6583333333333333 0.5116666666666667 0.02666666666666667 0.02666666666666667
0 0.7566666666666667 0.31166666666666665 0.02666666666666667 0.02666666666666667
0 0.54 0.8033333333333333 0.023333333333333334 0.023333333333333334
0 0.7783333333333333 0.38166666666666665 0.02666666666666667 0.02666666666666667
0 0.16 0.06833333333333333 0.02666666666666667 0.02666666666666667
0 0.6633333333333333 0.335 0.023333333333333334 0.021666666666666667
0 0.7366666666666667 0.15333333333333332 0.03 0.03
0 0.051666666666666666 0.45166666666666666 0.02666666666666667 0.023333333333333334
0 0.53 0.4533333333333333 0.02666666666666667 0.02666666666666667
0 0.58 0.10166666666666667 0.02666666666666667 0.02666666666666667
0 0.5566666666666666 0.44 0.02666666666666667 0.02666666666666667
0 0.5033333333333333 0.8116666666666666 0.02666666666666667 0.02666666666666667
0 0.41333333333333333 0.8516666666666667 0.023333333333333334 0.023333333333333334
0 0.7316666666666667 0.6716666666666666 0.02666666666666667 0.02666666666666667
0 0.8516666666666667 0.09666666666666666 0.03 0.03
0 0.5433333333333333 0.89 0.02 0.023333333333333334
0 0.03833333333333333 0.12 0.025 0.025
0 0.8383333333333334 0.17666666666666667 0.02666666666666667 0.02666666666666667
0 0.18 0.051666666666666666 0.02666666666666667 0.02666666666666667
0 0.65 0.2816666666666667 0.03 0.03
0 0.6316666666666667 0.32166666666666666 0.03 0.02666666666666667
0 0.045 0.5133333333333333 0.02666666666666667 0.02666666666666667
0 0.6333333333333333 0.705 0.03 0.03
0 0.7333333333333333 0.37333333333333335 0.03 0.03
0 0.5966666666666667 0.6283333333333333 0.03 0.02666666666666667
0 0.7783333333333333 0.3283333333333333 0.02666666666666667 0.023333333333333334
0 0.6983333333333334 0.61 0.02666666666666667 0.023333333333333334
0 0.5083333333333333 0.6483333333333333 0.02666666666666667 0.02666666666666667
0 0.8366666666666667 0.3283333333333333 0.03 0.03
0 0.7166666666666667 0.7366666666666667 0.02666666666666667 0.02666666666666667
0 0.14 0.015 0.02666666666666667 0.023333333333333334
0 0.5783333333333334 0.8583333333333333 0.023333333333333334 0.023333333333333334
0 0.6683333333333333 0.3616666666666667 0.02666666666666667 0.023333333333333334
0 0.5916666666666667 0.34833333333333333 0.02666666666666667 0.02666666666666667
0 0.5716666666666667 0.8183333333333334 0.023333333333333334 0.023333333333333334
0 0.31333333333333335 0.058333333333333334 0.02666666666666667 0.02666666666666667
0 0.49166666666666664 0.7783333333333333 0.023333333333333334 0.023333333333333334
0 0.5566666666666666 0.53 0.023333333333333334 0.023333333333333334
0 0.6083333333333333 0.7816666666666666 0.023333333333333334 0.023333333333333334
0 0.8316666666666667 0.08833333333333333 0.02666666666666667 0.023333333333333334
0 0.8333333333333334 0.375 0.02666666666666667 0.023333333333333334
0 0.5666666666666667 0.6333333333333333 0.023333333333333334 0.023333333333333334
0 0.925 0.85 0.023333333333333334 0.02
0 0.24833333333333332 0.86 0.023333333333333334 0.023333333333333334
0 0.5583333333333333 0.9383333333333334 0.03 0.03
0 0.013333333333333334 0.44 0.02666666666666667 0.03333333333333333
0 0.5733333333333334 0.8883333333333333 0.023333333333333334 0.021666666666666667
0 0.8166666666666667 0.12166666666666667 0.03 0.03
0 0.04666666666666667 0.62 0.023333333333333334 0.023333333333333334
0 0.38666666666666666 0.945 0.03 0.03
0 0.12333333333333334 0.9233333333333333 0.02666666666666667 0.023333333333333334
0 0.20833333333333334 0.9133333333333333 0.023333333333333334 0.023333333333333334
0 0.07166666666666667 0.4716666666666667 0.02666666666666667 0.02666666666666667
0 0.6283333333333333 0.9016666666666666 0.023333333333333334 0.023333333333333334
0 0.985 0.8916666666666667 0.023333333333333334 0.02
0 0.7233333333333334 0.7016666666666667 0.02666666666666667 0.023333333333333334
0 0.31666666666666665 0.9416666666666667 0.023333333333333334 0.023333333333333334
0 0.7766666666666666 0.2916666666666667 0.023333333333333334 0.02666666666666667
0 0.6033333333333334 0.67 0.023333333333333334 0.02
0 0.5 0.7516666666666667 0.02 0.02
0 0.41833333333333333 0.8933333333333333 0.023333333333333334 0.023333333333333334
0 0.58 0.49666666666666665 0.03 0.025
0 0.7866666666666666 0.35333333333333333 0.02666666666666667 0.03333333333333333
0 0.8366666666666667 0.21666666666666667 0.02666666666666667 0.02666666666666667
0 0.6383333333333333 0.5483333333333333 0.02666666666666667 0.023333333333333334
0 0.655 0.26666666666666666 0.03 0.02666666666666667
0 0.7016666666666667 0.10833333333333334 0.03 0.02666666666666667
0 0.09666666666666666 0.48833333333333334 0.02666666666666667 0.02666666666666667
0 0.21666666666666667 0.9733333333333334 0.023333333333333334 0.023333333333333334
0 0.7683333333333333 0.08333333333333333 0.02666666666666667 0.02666666666666667
0 0.7166666666666667 0.5433333333333333 0.03 0.02666666666666667
0 0.44166666666666665 0.8333333333333334 0.02666666666666667 0.02666666666666667
0 0.4533333333333333 0.6683333333333333 0.02666666666666667 0.02666666666666667
0 0.7 0.44333333333333336 0.02666666666666667 0.02666666666666667
0 0.265 0.058333333333333334 0.023333333333333334 0.023333333333333334
0 0.7383333333333333 0.53 0.023333333333333334 0.04
0 0.6166666666666667 0.5516666666666666 0.023333333333333334 0.023333333333333334
0 0.5783333333333334 0.5633333333333334 0.02666666666666667 0.02666666666666667
0 0.6833333333333333 0.7116666666666667 0.03333333333333333 0.02
0 0.6716666666666666 0.7266666666666667 0.03666666666666667 0.02666666666666667
0 0.5133333333333333 0.8383333333333334 0.02666666666666667 0.02666666666666667
0 0.6183333333333333 0.3416666666666667 0.02666666666666667 0.023333333333333334
0 0.44333333333333336 0.8866666666666667 0.023333333333333334 0.023333333333333334