0 0.7766666666666666 0.8316666666666667 0.02 0.02666666666666667
0 0.8116666666666666 0.8366666666666667 0.023333333333333334 0.025
0 0.8583333333333333 0.97 0.03333333333333333 0.023333333333333334
0 0.9033333333333333 0.9633333333333334 0.023333333333333334 0.023333333333333334
0 0.6616666666666666 0.77 0.023333333333333334 0.023333333333333334
0 0.885 0.6766666666666666 0.02 0.023333333333333334
0 0.9083333333333333 0.6616666666666666 0.023333333333333334 0.023333333333333334
0 0.7766666666666666 0.8616666666666667 0.023333333333333334 0.03
0 0.6816666666666666 0.7716666666666666 0.023333333333333334 0.023333333333333334
0 0.93 0.23 0.023333333333333334 0.023333333333333334
0 0.9216666666666666 0.6933333333333334 0.023333333333333334 0.023333333333333334
0 0.7683333333333333 0.9083333333333333 0.02666666666666667 0.02666666666666667
0 0.47333333333333333 0.8033333333333333 0.02 0.03
0 0.08333333333333333 0.64 0.03 0.025
0 0.26 0.8666666666666667 0.03 0.03
0 0.305 0.7566666666666667 0.023333333333333334 0.023333333333333334
0 0.051666666666666666 0.6066666666666667 0.025 0.023333333333333334