0 0.4166666666666667 0.051666666666666666 0.03 0.03
0 0.055 0.685 0.028333333333333332 0.03
0 0.20666666666666667 0.8083333333333333 0.03 0.03
0 0.05 0.8083333333333333 0.035 0.03333333333333333
0 0.20666666666666667 0.8083333333333333 0.03 0.03
0 0.155 0.8133333333333334 0.02666666666666667 0.02666666666666667
0 0.02 0.67 0.03166666666666667 0.03166666666666667
0 0.9383333333333334 0.6383333333333333 0.023333333333333334 0.02
0 0.9483333333333334 0.6616666666666666 0.023333333333333334 0.023333333333333334
0 0.9816666666666667 0.6633333333333333 0.02666666666666667 0.02666666666666667
0 0.7066666666666667 0.7683333333333333 0.03 0.02666666666666667
0 0.6383333333333333 0.77 0.03 0.03
0 0.785 0.57 0.03 0.03
0 0.6966666666666667 0.6883333333333334 0.03 0.02666666666666667
0 0.7516666666666667 0.645 0.02666666666666667 0.023333333333333334
0 0.73 0.7633333333333333 0.03333333333333333 0.02666666666666667
0 0.715 0.625 0.03 0.02666666666666667
0 0.8216666666666667 0.06166666666666667 0.03 0.02666666666666667
0 0.785 0.11 0.023333333333333334 0.023333333333333334
0 0.7066666666666667 0.17833333333333334 0.023333333333333334 0.023333333333333334
0 0.695 0.4533333333333333 0.02666666666666667 0.02666666666666667
0 0.6533333333333333 0.3883333333333333 0.023333333333333334 0.023333333333333334
0 0.9183333333333333 0.41333333333333333 0.023333333333333334 0.023333333333333334
0 0.6183333333333333 0.4066666666666667 0.03 0.03333333333333333
0 0.9366666666666666 0.44333333333333336 0.023333333333333334 0.02666666666666667
0 0.9633333333333334 0.6316666666666667 0.025 0.025
0 0.7916666666666666 0.7733333333333333 0.03 0.028333333333333332
0 0.7683333333333333 0.7633333333333333 0.023333333333333334 0.02666666666666667
0 0.7383333333333333 0.5 0.03333333333333333 0.028333333333333332
0 0.835 0.6733333333333333 0.03 0.03833333333333333