0 0.925 0.17333333333333334 0.023333333333333334 0.023333333333333334
0 0.6566666666666666 0.3933333333333333 0.02666666666666667 0.02666666666666667
0 0.7266666666666667 0.8116666666666666 0.023333333333333334 0.02
0 0.8166666666666667 0.9233333333333333 0.028333333333333332 0.03166666666666667
0 0.7416666666666667 0.695 0.03 0.02666666666666667
0 0.7733333333333333 0.9233333333333333 0.02666666666666667 0.023333333333333334
0 0.7333333333333333 0.79 0.023333333333333334 0.023333333333333334
0 0.8833333333333333 0.9566666666666667 0.023333333333333334 0.023333333333333334
0 0.9283333333333333 0.5166666666666667 0.03 0.03
0 0.9316666666666666 0.56 0.03 0.03
0 0.76 0.8516666666666667 0.02666666666666667 0.02666666666666667
0 0.8516666666666667 0.94 0.02666666666666667 0.04
0 0.8316666666666667 0.9883333333333333 0.023333333333333334 0.023333333333333334
0 0.945 0.9866666666666667 0.03 0.02666666666666667
0 0.7333333333333333 0.925 0.028333333333333332 0.03666666666666667
0 0.74 0.6316666666666667 0.023333333333333334 0.023333333333333334