0 0.7216666666666667 0.011666666666666667 0.02666666666666667 0.02
0 0.17833333333333334 0.57 0.023333333333333334 0.02666666666666667
0 0.25666666666666665 0.66 0.028333333333333332 0.02666666666666667
0 0.11166666666666666 0.7216666666666667 0.021666666666666667 0.028333333333333332
0 0.11333333333333333 0.6983333333333334 0.02666666666666667 0.028333333333333332
0 0.11166666666666666 0.665 0.03 0.03
0 0.15166666666666667 0.6383333333333333 0.02666666666666667 0.023333333333333334
0 0.19666666666666666 0.6066666666666667 0.023333333333333334 0.03
0 0.21833333333333332 0.8216666666666667 0.023333333333333334 0.02666666666666667
0 0.14666666666666667 0.8333333333333334 0.023333333333333334 0.023333333333333334
0 0.22833333333333333 0.545 0.023333333333333334 0.03
0 0.27666666666666667 0.53 0.02 0.02666666666666667
0 0.3016666666666667 0.5566666666666666 0.03333333333333333 0.02
0 0.36 0.4583333333333333 0.03 0.023333333333333334
0 0.36333333333333334 0.3933333333333333 0.02666666666666667 0.02
0 0.4033333333333333 0.5833333333333334 0.03 0.03666666666666667
0 0.36666666666666664 0.6466666666666666 0.023333333333333334 0.023333333333333334
0 0.32166666666666666 0.6966666666666667 0.023333333333333334 0.02666666666666667
0 0.10666666666666667 0.5416666666666666 0.03 0.02666666666666667
0 0.43166666666666664 0.7316666666666667 0.02 0.02
0 0.34833333333333333 0.74 0.03 0.02
0 0.15166666666666667 0.42 0.02666666666666667 0.02666666666666667
0 0.4716666666666667 0.615 0.023333333333333334 0.02666666666666667
0 0.43166666666666664 0.645 0.02 0.02666666666666667
0 0.345 0.57 0.023333333333333334 0.023333333333333334
0 0.25 0.5116666666666667 0.03 0.02666666666666667
0 0.295 0.41333333333333333 0.02666666666666667 0.02666666666666667
0 0.23333333333333334 0.3983333333333333 0.023333333333333334 0.02
0 0.45666666666666667 0.295 0.03 0.023333333333333334
0 0.36833333333333335 0.6766666666666666 0.02666666666666667 0.03
0 0.4866666666666667 0.3416666666666667 0.03 0.02666666666666667
0 0.47333333333333333 0.7333333333333333 0.023333333333333334 0.023333333333333334
0 0.49 0.6733333333333333 0.02 0.02
0 0.5066666666666667 0.5816666666666667 0.02 0.03
0 0.4266666666666667 0.14 0.023333333333333334 0.023333333333333334
0 0.485 0.5316666666666666 0.023333333333333334 0.023333333333333334
0 0.11833333333333333 0.8366666666666667 0.023333333333333334 0.023333333333333334
0 0.08666666666666667 0.6616666666666666 0.025 0.028333333333333332
0 0.9333333333333333 0.865 0.02 0.02
0 0.8233333333333334 0.8183333333333334 0.02 0.02
0 0.8333333333333334 0.7883333333333333 0.02 0.02
0 0.8066666666666666 0.7883333333333333 0.02666666666666667 0.02
0 0.8633333333333333 0.7133333333333334 0.025 0.028333333333333332
0 0.5716666666666667 0.7983333333333333 0.028333333333333332 0.03
0 0.5933333333333334 0.7833333333333333 0.02 0.02
0 0.7066666666666667 0.485 0.02666666666666667 0.023333333333333334
0 0.7283333333333334 0.5433333333333333 0.02666666666666667 0.023333333333333334
0 0.8966666666666666 0.7083333333333334 0.03333333333333333 0.03333333333333333
0 0.54 0.165 0.023333333333333334 0.02666666666666667
0 0.5066666666666667 0.12 0.02666666666666667 0.025
0 0.07666666666666666 0.6883333333333334 0.03166666666666667 0.03
0 0.38333333333333336 0.5266666666666666 0.035 0.03666666666666667
0 0.2816666666666667 0.29333333333333333 0.03333333333333333 0.03666666666666667