0 0.7483333333333333 0.38166666666666665 0.03 0.04
0 0.86 0.395 0.02666666666666667 0.03
0 0.9283333333333333 0.33 0.02666666666666667 0.023333333333333334
0 0.8883333333333333 0.25833333333333336 0.03 0.03
0 0.9016666666666666 0.19833333333333333 0.023333333333333334 0.02
0 0.8866666666666667 0.16833333333333333 0.02666666666666667 0.02
0 0.9466666666666667 0.09666666666666666 0.02666666666666667 0.02666666666666667
0 0.7316666666666667 0.3233333333333333 0.03 0.03
0 0.8116666666666666 0.3933333333333333 0.03 0.02666666666666667
0 0.9116666666666666 0.22833333333333333 0.02 0.02666666666666667
0 0.9283333333333333 0.10166666666666667 0.02666666666666667 0.03
0 0.9333333333333333 0.06333333333333334 0.023333333333333334 0.02666666666666667
0 0.9116666666666666 0.06666666666666667 0.023333333333333334 0.023333333333333334
0 0.9183333333333333 0.013333333333333334 0.04 0.02666666666666667
0 0.9066666666666666 0.10833333333333334 0.023333333333333334 0.023333333333333334
0 0.91 0.25333333333333335 0.02 0.023333333333333334
0 0.9283333333333333 0.22666666666666666 0.023333333333333334 0.02
0 0.9766666666666667 0.32666666666666666 0.02 0.02
0 0.97 0.11166666666666666 0.02666666666666667 0.02
0 0.81 0.355 0.02666666666666667 0.02666666666666667
0 0.8266666666666667 0.37333333333333335 0.02666666666666667 0.02666666666666667
0 0.8016666666666666 0.59 0.02 0.023333333333333334
0 0.7683333333333333 0.645 0.02666666666666667 0.02666666666666667
0 0.6816666666666666 0.7016666666666667 0.03 0.023333333333333334
0 0.6833333333333333 0.8516666666666667 0.023333333333333334 0.02666666666666667
0 0.7933333333333333 0.49 0.02666666666666667 0.023333333333333334
0 0.7583333333333333 0.5933333333333334 0.02 0.02
0 0.7633333333333333 0.5533333333333333 0.02666666666666667 0.03
0 0.8583333333333333 0.5883333333333334 0.02666666666666667 0.02666666666666667
0 0.8566666666666667 0.5883333333333334 0.02666666666666667 0.02666666666666667
0 0.6816666666666666 0.5266666666666666 0.02666666666666667 0.023333333333333334
0 0.6283333333333333 0.5966666666666667 0.03 0.02666666666666667