0 0.895 0.31833333333333336 0.03 0.02666666666666667
0 0.8133333333333334 0.3616666666666667 0.02666666666666667 0.02666666666666667
0 0.9616666666666667 0.20166666666666666 0.02666666666666667 0.02
0 0.9783333333333334 0.18666666666666668 0.023333333333333334 0.023333333333333334
0 0.9866666666666667 0.21 0.023333333333333334 0.023333333333333334
0 0.945 0.21666666666666667 0.02666666666666667 0.02
0 0.8816666666666667 0.34833333333333333 0.023333333333333334 0.023333333333333334
0 0.9716666666666667 0.5883333333333334 0.023333333333333334 0.023333333333333334
0 0.8683333333333333 0.7683333333333333 0.023333333333333334 0.02
0 0.9766666666666667 0.86 0.02666666666666667 0.023333333333333334
0 0.7016666666666667 0.9383333333333334 0.02666666666666667 0.023333333333333334
0 0.8733333333333333 0.89 0.025 0.025
0 0.7166666666666667 0.9183333333333333 0.028333333333333332 0.023333333333333334
0 0.8066666666666666 0.63 0.023333333333333334 0.023333333333333334
0 0.8916666666666667 0.54 0.023333333333333334 0.02