0 0.03666666666666667 0.2733333333333333 0.03333333333333333 0.03333333333333333
0 0.028333333333333332 0.3983333333333333 0.023333333333333334 0.03
0 0.03833333333333333 0.058333333333333334 0.03 0.02
0 0.041666666666666664 0.10666666666666667 0.03666666666666667 0.03
0 0.03833333333333333 0.07833333333333334 0.023333333333333334 0.023333333333333334
0 0.4166666666666667 0.30666666666666664 0.02 0.02
0 0.49666666666666665 0.345 0.03166666666666667 0.028333333333333332
0 0.20666666666666667 0.22833333333333333 0.023333333333333334 0.023333333333333334
0 0.06666666666666667 0.3566666666666667 0.03 0.03
0 0.6133333333333333 0.016666666666666666 0.02666666666666667 0.023333333333333334
0 0.55 0.2733333333333333 0.023333333333333334 0.023333333333333334
0 0.4166666666666667 0.895 0.023333333333333334 0.02666666666666667
0 0.30333333333333334 0.9133333333333333 0.02 0.023333333333333334
0 0.11833333333333333 0.945 0.02 0.02
0 0.24 0.88 0.03 0.02666666666666667
0 0.21833333333333332 0.8566666666666667 0.03 0.023333333333333334
0 0.145 0.9033333333333333 0.02666666666666667 0.02
0 0.13833333333333334 0.94 0.023333333333333334 0.023333333333333334
0 0.635 0.9533333333333334 0.03 0.028333333333333332
0 0.865 0.9333333333333333 0.02666666666666667 0.023333333333333334
0 0.6733333333333333 0.975 0.02 0.02
0 0.7316666666666667 0.9633333333333334 0.03333333333333333 0.03
0 0.7383333333333333 0.6716666666666666 0.02666666666666667 0.02666666666666667
0 0.6566666666666666 0.9866666666666667 0.02 0.02666666666666667
0 0.013333333333333334 0.5716666666666667 0.023333333333333334 0.023333333333333334
0 0.006666666666666667 0.5566666666666666 0.013333333333333334 0.02
0 0.015 0.16166666666666665 0.03 0.02666666666666667
0 0.01 0.22666666666666666 0.02 0.023333333333333334
0 0.011666666666666667 0.27 0.023333333333333334 0.02666666666666667
0 0.06333333333333334 0.085 0.025 0.02666666666666667