0 0.44666666666666666 0.9083333333333333 0.03666666666666667 0.02666666666666667
0 0.45166666666666666 0.8883333333333333 0.03666666666666667 0.023333333333333334
0 0.38166666666666665 0.8366666666666667 0.02666666666666667 0.02666666666666667
0 0.21166666666666667 0.8883333333333333 0.02666666666666667 0.02666666666666667
0 0.17166666666666666 0.9316666666666666 0.03 0.02666666666666667
0 0.29833333333333334 0.9116666666666666 0.02666666666666667 0.02
0 0.35333333333333333 0.67 0.03 0.03
0 0.37 0.7066666666666667 0.02666666666666667 0.023333333333333334
0 0.20833333333333334 0.5666666666666667 0.03333333333333333 0.03
0 0.17833333333333334 0.565 0.03 0.03
0 0.42333333333333334 0.7966666666666666 0.02666666666666667 0.02666666666666667
0 0.48 0.9833333333333333 0.02666666666666667 0.02666666666666667
0 0.38166666666666665 0.7583333333333333 0.03333333333333333 0.02666666666666667
0 0.43 0.7316666666666667 0.03 0.02
0 0.45 0.5816666666666667 0.02666666666666667 0.03
0 0.385 0.7233333333333334 0.023333333333333334 0.023333333333333334
0 0.14833333333333334 0.89 0.03 0.03
0 0.3433333333333333 0.9133333333333333 0.03 0.02
0 0.37166666666666665 0.9 0.02666666666666667 0.02666666666666667
0 0.33166666666666667 0.8383333333333334 0.03333333333333333 0.03666666666666667
0 0.3566666666666667 0.7883333333333333 0.03 0.03333333333333333
0 0.30833333333333335 0.5833333333333334 0.023333333333333334 0.02666666666666667
0 0.27666666666666667 0.9216666666666666 0.02666666666666667 0.02666666666666667
0 0.3616666666666667 0.8666666666666667 0.023333333333333334 0.023333333333333334
0 0.41 0.19333333333333333 0.02666666666666667 0.03
0 0.8766666666666667 0.18166666666666667 0.03 0.02
0 0.2916666666666667 0.2783333333333333 0.03 0.02666666666666667
0 0.255 0.2683333333333333 0.02666666666666667 0.03
0 0.19166666666666668 0.25666666666666665 0.023333333333333334 0.02666666666666667
0 0.17333333333333334 0.2683333333333333 0.023333333333333334 0.03333333333333333
0 0.14666666666666667 0.395 0.023333333333333334 0.02
0 0.12666666666666668 0.39 0.023333333333333334 0.02666666666666667
0 0.37666666666666665 0.39666666666666667 0.02 0.02
0 0.38 0.37666666666666665 0.02 0.02
0 0.3566666666666667 0.36833333333333335 0.03 0.03
0 0.3333333333333333 0.2733333333333333 0.02 0.02666666666666667
0 0.31333333333333335 0.30333333333333334 0.023333333333333334 0.023333333333333334
0 0.26666666666666666 0.05333333333333334 0.02666666666666667 0.02666666666666667
0 0.51 0.09 0.03 0.03666666666666667
0 0.07333333333333333 0.4033333333333333 0.02 0.016666666666666666
0 0.07666666666666666 0.41833333333333333 0.02 0.02
0 0.14666666666666667 0.24833333333333332 0.02666666666666667 0.023333333333333334
0 0.37166666666666665 0.26666666666666666 0.023333333333333334 0.023333333333333334
0 0.08166666666666667 0.04666666666666667 0.02666666666666667 0.023333333333333334
0 0.9633333333333334 0.97 0.02666666666666667 0.03
0 0.5916666666666667 0.9783333333333334 0.023333333333333334 0.023333333333333334
0 0.6316666666666667 0.8816666666666667 0.02666666666666667 0.02
0 0.5116666666666667 0.6083333333333333 0.03 0.02666666666666667
0 0.9333333333333333 0.955 0.02666666666666667 0.023333333333333334
0 0.055 0.505 0.02666666666666667 0.03
0 0.18333333333333332 0.9033333333333333 0.021666666666666667 0.02666666666666667
0 0.6066666666666667 0.4816666666666667 0.02666666666666667 0.023333333333333334
0 0.22 0.61 0.03166666666666667 0.03