0 0.78 0.36833333333333335 0.03333333333333333 0.02666666666666667
0 0.8483333333333334 0.27666666666666667 0.02 0.02
0 0.8866666666666667 0.25166666666666665 0.03 0.03333333333333333
0 0.8 0.28 0.023333333333333334 0.02666666666666667
0 0.725 0.43666666666666665 0.02666666666666667 0.02
0 0.6766666666666666 0.47833333333333333 0.023333333333333334 0.03
0 0.6133333333333333 0.8216666666666667 0.03 0.023333333333333334
0 0.5916666666666667 0.8 0.02666666666666667 0.02666666666666667
0 0.5983333333333334 0.78 0.03 0.02
0 0.5533333333333333 0.9516666666666667 0.028333333333333332 0.03
0 0.5833333333333334 0.985 0.03 0.02666666666666667
0 0.935 0.9216666666666666 0.03 0.02666666666666667
0 0.8433333333333334 0.6266666666666667 0.03 0.02666666666666667
0 0.6616666666666666 0.5466666666666666 0.02666666666666667 0.03
0 0.73 0.4116666666666667 0.03 0.016666666666666666
0 0.9016666666666666 0.5633333333333334 0.03 0.02666666666666667
0 0.8533333333333334 0.565 0.03 0.023333333333333334
0 0.8766666666666667 0.605 0.03 0.02666666666666667
0 0.9566666666666667 0.9166666666666666 0.03 0.02666666666666667
0 0.9066666666666666 0.6466666666666666 0.02666666666666667 0.02666666666666667
0 0.9183333333333333 0.5816666666666667 0.03 0.02
0 0.96 0.38 0.03333333333333333 0.03
0 0.9316666666666666 0.41333333333333333 0.023333333333333334 0.025
0 0.6916666666666667 0.37666666666666665 0.02666666666666667 0.02666666666666667
0 0.855 0.29833333333333334 0.02666666666666667 0.02666666666666667
0 0.8416666666666667 0.7033333333333334 0.023333333333333334 0.023333333333333334
0 0.565 0.5983333333333334 0.02666666666666667 0.02666666666666667
0 0.5766666666666667 0.5 0.02666666666666667 0.02666666666666667
0 0.7766666666666666 0.345 0.03 0.02666666666666667
0 0.615 0.7716666666666666 0.02666666666666667 0.02666666666666667
0 0.745 0.3433333333333333 0.023333333333333334 0.02
0 0.7083333333333334 0.37833333333333335 0.023333333333333334 0.023333333333333334
0 0.76 0.23833333333333334 0.023333333333333334 0.023333333333333334
0 0.7716666666666666 0.39666666666666667 0.023333333333333334 0.023333333333333334
0 0.9333333333333333 0.9416666666666667 0.02666666666666667 0.02666666666666667
0 0.5883333333333334 0.9483333333333334 0.03 0.02666666666666667
0 0.615 0.9766666666666667 0.023333333333333334 0.02
0 0.33166666666666667 0.4766666666666667 0.023333333333333334 0.02
0 0.31333333333333335 0.46 0.03166666666666667 0.025
0 0.32 0.4266666666666667 0.02666666666666667 0.023333333333333334
0 0.35 0.47333333333333333 0.023333333333333334 0.02
0 0.48333333333333334 0.3566666666666667 0.03 0.023333333333333334
0 0.4633333333333333 0.3233333333333333 0.02666666666666667 0.023333333333333334
0 0.4816666666666667 0.285 0.03 0.023333333333333334
0 0.45666666666666667 0.30666666666666664 0.02666666666666667 0.02
0 0.2816666666666667 0.19 0.023333333333333334 0.023333333333333334
0 0.4716666666666667 0.07166666666666667 0.028333333333333332 0.023333333333333334
0 0.20333333333333334 0.09166666666666666 0.03 0.02666666666666667
0 0.145 0.895 0.03 0.03
0 0.4716666666666667 0.9033333333333333 0.03 0.02
0 0.47333333333333333 0.9166666666666666 0.02666666666666667 0.02
0 0.4483333333333333 0.8733333333333333 0.02666666666666667 0.02
0 0.41833333333333333 0.8933333333333333 0.023333333333333334 0.02
0 0.36666666666666664 0.52 0.03 0.02666666666666667
0 0.48333333333333334 0.8516666666666667 0.023333333333333334 0.023333333333333334
0 0.4033333333333333 0.6416666666666667 0.02 0.02
0 0.38 0.5633333333333334 0.023333333333333334 0.023333333333333334
0 0.715 0.4766666666666667 0.03166666666666667 0.04
0 0.13333333333333333 0.12666666666666668 0.03666666666666667 0.035