0 0.67 0.06166666666666667 0.028333333333333332 0.028333333333333332
0 0.56 0.44333333333333336 0.025 0.023333333333333334
0 0.9216666666666666 0.8433333333333334 0.023333333333333334 0.023333333333333334
0 0.545 0.11333333333333333 0.023333333333333334 0.023333333333333334
0 0.6816666666666666 0.041666666666666664 0.02666666666666667 0.02666666666666667
0 0.9816666666666667 0.985 0.03 0.02666666666666667
0 0.5483333333333333 0.505 0.02666666666666667 0.02666666666666667
0 0.6466666666666666 0.008333333333333333 0.02666666666666667 0.016666666666666666
0 0.8116666666666666 0.04833333333333333 0.02666666666666667 0.02666666666666667
0 0.6566666666666666 0.57 0.02 0.02
0 0.7216666666666667 0.8483333333333334 0.023333333333333334 0.023333333333333334
0 0.7516666666666667 0.85 0.023333333333333334 0.023333333333333334
0 0.955 0.9833333333333333 0.023333333333333334 0.023333333333333334
0 0.6883333333333334 0.5066666666666667 0.02666666666666667 0.023333333333333334
0 0.52 0.435 0.03 0.03333333333333333
0 0.555 0.6116666666666667 0.023333333333333334 0.023333333333333334
0 0.8916666666666667 0.985 0.02666666666666667 0.023333333333333334
0 0.905 0.9433333333333334 0.021666666666666667 0.023333333333333334
0 0.6316666666666667 0.9166666666666666 0.02666666666666667 0.023333333333333334
0 0.8016666666666666 0.19166666666666668 0.023333333333333334 0.023333333333333334
0 0.5816666666666667 0.4666666666666667 0.021666666666666667 0.023333333333333334
0 0.7733333333333333 0.8466666666666667 0.023333333333333334 0.023333333333333334
0 0.8283333333333334 0.935 0.023333333333333334 0.023333333333333334
0 0.9266666666666666 0.8866666666666667 0.023333333333333334 0.023333333333333334
0 0.6033333333333334 0.4816666666666667 0.023333333333333334 0.021666666666666667
0 0.725 0.9666666666666667 0.023333333333333334 0.023333333333333334
0 0.9483333333333334 0.8266666666666667 0.02666666666666667 0.02666666666666667
0 0.8816666666666667 0.9083333333333333 0.023333333333333334 0.023333333333333334
0 0.49333333333333335 0.2916666666666667 0.023333333333333334 0.02
0 0.13833333333333334 0.31833333333333336 0.02666666666666667 0.02666666666666667
0 0.16166666666666665 0.19166666666666668 0.02666666666666667 0.02666666666666667
0 0.27666666666666667 0.03333333333333333 0.023333333333333334 0.023333333333333334
0 0.5 0.105 0.023333333333333334 0.023333333333333334
0 0.30333333333333334 0.08 0.023333333333333334 0.023333333333333334
0 0.12666666666666668 0.21666666666666667 0.02666666666666667 0.023333333333333334
0 0.27 0.12333333333333334 0.02666666666666667 0.02666666666666667
0 0.35333333333333333 0.08333333333333333 0.023333333333333334 0.02
0 0.24333333333333335 0.055 0.02666666666666667 0.02666666666666667
0 0.4666666666666667 0.13 0.023333333333333334 0.023333333333333334
0 0.06666666666666667 0.33166666666666667 0.02666666666666667 0.02666666666666667
0 0.4116666666666667 0.44666666666666666 0.03 0.03
0 0.36833333333333335 0.06666666666666667 0.023333333333333334 0.023333333333333334
0 0.03666666666666667 0.4083333333333333 0.023333333333333334 0.023333333333333334
0 0.33 0.405 0.02666666666666667 0.023333333333333334
0 0.095 0.22333333333333333 0.023333333333333334 0.02
0 0.32166666666666666 0.285 0.023333333333333334 0.023333333333333334
0 0.20333333333333334 0.20833333333333334 0.023333333333333334 0.023333333333333334
0 0.25666666666666665 0.075 0.023333333333333334 0.021666666666666667
0 0.23333333333333334 0.6566666666666666 0.02666666666666667 0.02666666666666667
0 0.22833333333333333 0.9033333333333333 0.02666666666666667 0.02666666666666667
0 0.17 0.8766666666666667 0.02666666666666667 0.023333333333333334
0 0.22166666666666668 0.5966666666666667 0.02666666666666667 0.02666666666666667
0 0.36833333333333335 0.67 0.023333333333333334 0.023333333333333334
0 0.07333333333333333 0.8966666666666666 0.023333333333333334 0.023333333333333334
0 0.21166666666666667 0.5633333333333334 0.023333333333333334 0.02
0 0.15 0.71 0.023333333333333334 0.02666666666666667
0 0.09333333333333334 0.7366666666666667 0.02666666666666667 0.023333333333333334
0 0.43 0.7 0.023333333333333334 0.023333333333333334
0 0.4033333333333333 0.655 0.02666666666666667 0.02666666666666667
0 0.24333333333333335 0.6316666666666667 0.023333333333333334 0.023333333333333334
0 0.14333333333333334 0.5416666666666666 0.02666666666666667 0.02666666666666667
0 0.175 0.6833333333333333 0.023333333333333334 0.023333333333333334
0 0.125 0.585 0.02666666666666667 0.02666666666666667
0 0.05 0.9183333333333333 0.02 0.02
0 0.3416666666666667 0.49333333333333335 0.02666666666666667 0.02666666666666667
0 0.25833333333333336 0.495 0.023333333333333334 0.023333333333333334
0 0.02 0.6183333333333333 0.02666666666666667 0.02666666666666667
0 0.16333333333333333 0.10166666666666667 0.023333333333333334 0.028333333333333332
0 0.2866666666666667 0.9466666666666667 0.02 0.02666666666666667