0 0.63 0.63 0.025 0.025
0 0.8266666666666667 0.84 0.023333333333333334 0.023333333333333334
0 0.8916666666666667 0.7 0.02 0.025
0 0.9766666666666667 0.14166666666666666 0.02666666666666667 0.03
0 0.9783333333333334 0.05333333333333334 0.03 0.023333333333333334
0 0.825 0.08 0.03 0.03
0 0.595 0.25 0.023333333333333334 0.02666666666666667
0 0.8283333333333334 0.17833333333333334 0.02666666666666667 0.02666666666666667
0 0.5116666666666667 0.5166666666666667 0.023333333333333334 0.025
0 0.5133333333333333 0.5533333333333333 0.023333333333333334 0.028333333333333332
0 0.495 0.5633333333333334 0.025 0.02666666666666667
0 0.55 0.5533333333333333 0.02666666666666667 0.025
0 0.6166666666666667 0.41 0.02666666666666667 0.02666666666666667
0 0.8333333333333334 0.6616666666666666 0.02 0.021666666666666667
0 0.6183333333333333 0.24666666666666667 0.021666666666666667 0.025
0 0.8283333333333334 0.81 0.025 0.025
0 0.49833333333333335 0.041666666666666664 0.028333333333333332 0.025
0 0.5233333333333333 0.465 0.028333333333333332 0.03166666666666667