0 0.7133333333333334 0.6333333333333333 0.03 0.03
0 0.6733333333333333 0.6016666666666667 0.02666666666666667 0.02666666666666667
0 0.6366666666666667 0.5583333333333333 0.02666666666666667 0.03
0 0.8016666666666666 0.8266666666666667 0.02666666666666667 0.023333333333333334
0 0.6416666666666667 0.5266666666666666 0.03 0.03
0 0.6883333333333334 0.5166666666666667 0.03 0.02666666666666667
0 0.6933333333333334 0.6666666666666666 0.02666666666666667 0.02666666666666667
0 0.74 0.6166666666666667 0.023333333333333334 0.023333333333333334
0 0.30333333333333334 0.73 0.02666666666666667 0.02666666666666667
0 0.24833333333333332 0.7166666666666667 0.02666666666666667 0.02666666666666667
0 0.14333333333333334 0.6116666666666667 0.02 0.023333333333333334
0 0.6966666666666667 0.59 0.023333333333333334 0.023333333333333334
0 0.56 0.3933333333333333 0.02666666666666667 0.02
0 0.5483333333333333 0.18833333333333332 0.03 0.023333333333333334
0 0.5816666666666667 0.4766666666666667 0.02666666666666667 0.02666666666666667
0 0.6583333333333333 0.4766666666666667 0.03 0.023333333333333334
0 0.7833333333333333 0.18666666666666668 0.02 0.02
0 0.7783333333333333 0.08833333333333333 0.023333333333333334 0.023333333333333334
0 0.5333333333333333 0.21 0.02666666666666667 0.02666666666666667
0 0.9383333333333334 0.14 0.023333333333333334 0.02666666666666667
0 0.435 0.29833333333333334 0.023333333333333334 0.02666666666666667
0 0.44166666666666665 0.235 0.03 0.02666666666666667
0 0.17 0.15666666666666668 0.03 0.02666666666666667
0 0.425 0.14666666666666667 0.03 0.023333333333333334
0 0.325 0.08166666666666667 0.02 0.02
0 0.23166666666666666 0.4066666666666667 0.03 0.03
0 0.275 0.4216666666666667 0.02666666666666667 0.02
0 0.19666666666666666 0.3933333333333333 0.02 0.02
0 0.16166666666666665 0.315 0.02666666666666667 0.02
0 0.14166666666666666 0.27666666666666667 0.02666666666666667 0.02666666666666667
0 0.4116666666666667 0.11833333333333333 0.023333333333333334 0.02
0 0.39166666666666666 0.13166666666666665 0.023333333333333334 0.02
0 0.14333333333333334 0.485 0.023333333333333334 0.02
0 0.26166666666666666 0.4716666666666667 0.02 0.02
0 0.16666666666666666 0.48333333333333334 0.023333333333333334 0.02
0 0.18333333333333332 0.4583333333333333 0.02 0.023333333333333334
0 0.22333333333333333 0.38333333333333336 0.02 0.023333333333333334
0 0.525 0.23666666666666666 0.023333333333333334 0.02666666666666667
0 0.315 0.6883333333333334 0.03166666666666667 0.03
0 0.25 0.3383333333333333 0.03166666666666667 0.035
0 0.2 0.11 0.025 0.025