0 0.07166666666666667 0.6766666666666666 0.02666666666666667 0.03
0 0.175 0.7516666666666667 0.02666666666666667 0.02
0 0.11666666666666667 0.7166666666666667 0.03333333333333333 0.03333333333333333
0 0.04 0.5366666666666666 0.02666666666666667 0.03333333333333333
0 0.22166666666666668 0.6366666666666667 0.03 0.023333333333333334
0 0.24333333333333335 0.6166666666666667 0.03 0.03
0 0.485 0.16833333333333333 0.023333333333333334 0.02666666666666667
0 0.43166666666666664 0.20833333333333334 0.03 0.02666666666666667
0 0.5166666666666667 0.023333333333333334 0.03 0.02666666666666667
0 0.5383333333333333 0.17166666666666666 0.03 0.02666666666666667
0 0.6316666666666667 0.18166666666666667 0.023333333333333334 0.02666666666666667
0 0.5833333333333334 0.18166666666666667 0.03 0.02666666666666667
0 0.6966666666666667 0.4666666666666667 0.02666666666666667 0.02
0 0.7466666666666667 0.555 0.03 0.03333333333333333
0 0.9 0.3983333333333333 0.03666666666666667 0.02666666666666667
0 0.91 0.41833333333333333 0.02 0.02666666666666667
0 0.89 0.4266666666666667 0.02666666666666667 0.023333333333333334
0 0.8933333333333333 0.4483333333333333 0.03333333333333333 0.02
0 0.8283333333333334 0.775 0.03 0.03333333333333333
0 0.9733333333333334 0.40166666666666667 0.03 0.02666666666666667
0 0.8416666666666667 0.6466666666666666 0.03 0.02666666666666667
0 0.8433333333333334 0.365 0.03 0.03
0 0.54 0.22 0.02666666666666667 0.02666666666666667
0 0.665 0.495 0.03 0.03
0 0.89 0.7233333333333334 0.03 0.02666666666666667
0 0.805 0.5183333333333333 0.02666666666666667 0.02666666666666667
0 0.9783333333333334 0.6233333333333333 0.02666666666666667 0.02666666666666667
0 0.6116666666666667 0.43833333333333335 0.03 0.03
0 0.17 0.835 0.03333333333333333 0.03