0 0.685 0.11833333333333333 0.023333333333333334 0.02
0 0.785 0.041666666666666664 0.023333333333333334 0.023333333333333334
0 0.7516666666666667 0.051666666666666666 0.02666666666666667 0.02666666666666667
0 0.7966666666666666 0.01 0.02666666666666667 0.02
0 0.8183333333333334 0.03333333333333333 0.023333333333333334 0.02
0 0.71 0.36333333333333334 0.02666666666666667 0.02666666666666667
0 0.58 0.37666666666666665 0.03 0.02
0 0.885 0.42333333333333334 0.02666666666666667 0.023333333333333334
0 0.8766666666666667 0.07666666666666666 0.03 0.02666666666666667
0 0.20666666666666667 0.2916666666666667 0.023333333333333334 0.023333333333333334
0 0.15 0.27166666666666667 0.023333333333333334 0.03
0 0.22833333333333333 0.07166666666666667 0.03 0.02
0 0.185 0.08166666666666667 0.02666666666666667 0.02
0 0.3883333333333333 0.3 0.03 0.03
0 0.225 0.23666666666666666 0.02666666666666667 0.02666666666666667
0 0.09166666666666666 0.05333333333333334 0.03 0.03
0 0.46 0.016666666666666666 0.023333333333333334 0.023333333333333334
0 0.8566666666666667 0.7166666666666667 0.03 0.02666666666666667
0 0.9833333333333333 0.9083333333333333 0.03 0.023333333333333334
0 0.9683333333333334 0.7433333333333333 0.023333333333333334 0.02
0 0.9816666666666667 0.8316666666666667 0.03 0.023333333333333334
0 0.9133333333333333 0.6783333333333333 0.023333333333333334 0.023333333333333334
0 0.21 0.013333333333333334 0.02666666666666667 0.02666666666666667
0 0.5133333333333333 0.385 0.025 0.03
0 0.17666666666666667 0.25166666666666665 0.02666666666666667 0.028333333333333332
0 0.33666666666666667 0.19833333333333333 0.018333333333333333 0.02