0 0.14333333333333334 0.8033333333333333 0.02666666666666667 0.02666666666666667
0 0.20333333333333334 0.695 0.02666666666666667 0.03333333333333333
0 0.15 0.6416666666666667 0.03 0.03
0 0.20666666666666667 0.5783333333333334 0.02 0.023333333333333334
0 0.24166666666666667 0.615 0.023333333333333334 0.023333333333333334
0 0.21666666666666667 0.5533333333333333 0.02666666666666667 0.023333333333333334
0 0.20166666666666666 0.5366666666666666 0.02 0.02
0 0.24833333333333332 0.5533333333333333 0.02 0.02
0 0.27166666666666667 0.5483333333333333 0.023333333333333334 0.02
0 0.295 0.535 0.02666666666666667 0.02
0 0.34833333333333333 0.5983333333333334 0.02666666666666667 0.023333333333333334
0 0.47 0.5633333333333334 0.02666666666666667 0.03
0 0.17166666666666666 0.5583333333333333 0.03 0.02
0 0.7683333333333333 0.5466666666666666 0.03333333333333333 0.03
0 0.7266666666666667 0.505 0.02666666666666667 0.02
0 0.7883333333333333 0.5783333333333334 0.03 0.03
0 0.8566666666666667 0.6933333333333334 0.04 0.03
0 0.8616666666666667 0.7166666666666667 0.04 0.03333333333333333
0 0.96 0.525 0.03 0.023333333333333334
0 0.5733333333333334 0.056666666666666664 0.023333333333333334 0.02
0 0.5433333333333333 0.3416666666666667 0.02666666666666667 0.023333333333333334
0 0.525 0.395 0.02666666666666667 0.03
0 0.7266666666666667 0.465 0.04 0.03
0 0.7216666666666667 0.30666666666666664 0.03333333333333333 0.023333333333333334
0 0.6583333333333333 0.36 0.03 0.023333333333333334
0 0.5666666666666667 0.3433333333333333 0.023333333333333334 0.023333333333333334
0 0.545 0.365 0.023333333333333334 0.023333333333333334
0 0.5533333333333333 0.445 0.02666666666666667 0.02666666666666667
0 0.6433333333333333 0.225 0.02666666666666667 0.02
0 0.6416666666666667 0.24 0.023333333333333334 0.018333333333333333
0 0.5466666666666666 0.14666666666666667 0.03 0.02666666666666667
0 0.9183333333333333 0.31666666666666665 0.02666666666666667 0.02666666666666667
0 0.7083333333333334 0.39166666666666666 0.02666666666666667 0.02666666666666667
0 0.7116666666666667 0.43666666666666665 0.02666666666666667 0.02666666666666667
0 0.5916666666666667 0.37166666666666665 0.023333333333333334 0.02
0 0.5866666666666667 0.4033333333333333 0.023333333333333334 0.023333333333333334
0 0.485 0.12166666666666667 0.02666666666666667 0.03333333333333333
0 0.42833333333333334 0.19 0.023333333333333334 0.023333333333333334
0 0.475 0.20333333333333334 0.02 0.023333333333333334
0 0.42833333333333334 0.2683333333333333 0.03 0.03
0 0.3383333333333333 0.31 0.03 0.02666666666666667
0 0.2816666666666667 0.30333333333333334 0.02666666666666667 0.023333333333333334
0 0.19166666666666668 0.45666666666666667 0.023333333333333334 0.02
0 0.20166666666666666 0.47333333333333333 0.03666666666666667 0.03
0 0.47833333333333333 0.405 0.03 0.02666666666666667
0 0.30833333333333335 0.33666666666666667 0.02666666666666667 0.02666666666666667
0 0.42333333333333334 0.36666666666666664 0.02666666666666667 0.023333333333333334
0 0.085 0.05333333333333334 0.03 0.03
0 0.07333333333333333 0.38333333333333336 0.023333333333333334 0.03
0 0.17833333333333334 0.20333333333333334 0.02666666666666667 0.023333333333333334
0 0.36 0.35 0.02666666666666667 0.02666666666666667
0 0.2733333333333333 0.43166666666666664 0.03 0.03
0 0.2833333333333333 0.47833333333333333 0.02666666666666667 0.023333333333333334
0 0.35833333333333334 0.4216666666666667 0.023333333333333334 0.02
0 0.37166666666666665 0.2783333333333333 0.02666666666666667 0.02666666666666667
0 0.44666666666666666 0.24666666666666667 0.023333333333333334 0.023333333333333334
0 0.20166666666666666 0.3883333333333333 0.023333333333333334 0.023333333333333334
0 0.4633333333333333 0.30666666666666664 0.02666666666666667 0.02666666666666667
0 0.33666666666666667 0.4266666666666667 0.02666666666666667 0.02666666666666667
0 0.40166666666666667 0.2816666666666667 0.023333333333333334 0.023333333333333334
0 0.43666666666666665 0.08166666666666667 0.023333333333333334 0.023333333333333334
0 0.4083333333333333 0.22166666666666668 0.023333333333333334 0.023333333333333334
0 0.013333333333333334 0.38666666666666666 0.02 0.02666666666666667
0 0.018333333333333333 0.13 0.023333333333333334 0.023333333333333334