0 0.32 0.21166666666666667 0.03 0.02666666666666667
0 0.42333333333333334 0.6083333333333333 0.03 0.02666666666666667
0 0.41333333333333333 0.37666666666666665 0.02666666666666667 0.023333333333333334
0 0.3433333333333333 0.6016666666666667 0.02666666666666667 0.023333333333333334
0 0.3016666666666667 0.15833333333333333 0.023333333333333334 0.023333333333333334
0 0.49833333333333335 0.7733333333333333 0.03166666666666667 0.025
0 0.8216666666666667 0.8266666666666667 0.03 0.03
0 0.8666666666666667 0.7516666666666667 0.02666666666666667 0.023333333333333334
0 0.6966666666666667 0.8783333333333333 0.03 0.02666666666666667
0 0.745 0.845 0.03 0.02666666666666667
0 0.7916666666666666 0.94 0.02666666666666667 0.023333333333333334
0 0.78 0.9216666666666666 0.023333333333333334 0.02666666666666667
0 0.5633333333333334 0.7383333333333333 0.03166666666666667 0.02666666666666667
0 0.7533333333333333 0.725 0.023333333333333334 0.023333333333333334
0 0.5483333333333333 0.2733333333333333 0.02666666666666667 0.02666666666666667
0 0.8916666666666667 0.4866666666666667 0.02666666666666667 0.02666666666666667
0 0.5233333333333333 0.8466666666666667 0.02666666666666667 0.02666666666666667
0 0.86 0.7716666666666666 0.023333333333333334 0.023333333333333334
0 0.55 0.25166666666666665 0.02666666666666667 0.02
0 0.8833333333333333 0.51 0.02666666666666667 0.02666666666666667
0 0.9883333333333333 0.5016666666666667 0.023333333333333334 0.028333333333333332