0 0.9183333333333333 0.45166666666666666 0.02666666666666667 0.03
0 0.8116666666666666 0.29333333333333333 0.023333333333333334 0.03
0 0.8733333333333333 0.4583333333333333 0.02666666666666667 0.023333333333333334
0 0.7733333333333333 0.42333333333333334 0.023333333333333334 0.02
0 0.6533333333333333 0.16333333333333333 0.02666666666666667 0.023333333333333334
0 0.6416666666666667 0.09833333333333333 0.02 0.02666666666666667
0 0.845 0.32666666666666666 0.02 0.02
0 0.665 0.2 0.023333333333333334 0.02
0 0.5833333333333334 0.12 0.028333333333333332 0.025
0 0.38666666666666666 0.13833333333333334 0.03 0.02666666666666667
0 0.75 0.29 0.02 0.02
0 0.6783333333333333 0.38 0.023333333333333334 0.02
0 0.34833333333333333 0.01 0.03 0.02
0 0.37833333333333335 0.115 0.02 0.02
0 0.2866666666666667 0.013333333333333334 0.02666666666666667 0.02666666666666667
0 0.4 0.09166666666666666 0.02 0.02
0 0.5933333333333334 0.06166666666666667 0.02666666666666667 0.02
0 0.6266666666666667 0.065 0.03333333333333333 0.03
0 0.845 0.2966666666666667 0.02666666666666667 0.02
0 0.9266666666666666 0.15833333333333333 0.018333333333333333 0.02
0 0.9216666666666666 0.18666666666666668 0.023333333333333334 0.023333333333333334
0 0.36666666666666664 0.08666666666666667 0.03 0.02666666666666667
0 0.355 0.041666666666666664 0.02666666666666667 0.02666666666666667
0 0.665 0.13166666666666665 0.023333333333333334 0.021666666666666667
0 0.7366666666666667 0.46166666666666667 0.023333333333333334 0.023333333333333334
0 0.005 0.9616666666666667 0.01 0.023333333333333334
0 0.43166666666666664 0.655 0.02666666666666667 0.02666666666666667
0 0.4083333333333333 0.8716666666666667 0.02666666666666667 0.02666666666666667
0 0.7116666666666667 0.685 0.023333333333333334 0.023333333333333334
0 0.6316666666666667 0.6233333333333333 0.023333333333333334 0.023333333333333334
0 0.6683333333333333 0.5266666666666666 0.023333333333333334 0.02666666666666667
0 0.6966666666666667 0.5216666666666666 0.02 0.02666666666666667
0 0.8483333333333334 0.9283333333333333 0.016666666666666666 0.02
0 0.77 0.66 0.02666666666666667 0.03
0 0.8766666666666667 0.9066666666666666 0.021666666666666667 0.028333333333333332
0 0.7533333333333333 0.5266666666666666 0.02 0.02666666666666667
0 0.7766666666666666 0.975 0.023333333333333334 0.02
0 0.8216666666666667 0.9416666666666667 0.023333333333333334 0.02
0 0.8016666666666666 0.935 0.02 0.03
0 0.9183333333333333 0.9366666666666666 0.02 0.02666666666666667
0 0.8966666666666666 0.9216666666666666 0.02 0.02666666666666667
0 0.8916666666666667 0.6383333333333333 0.03 0.03
0 0.66 0.9783333333333334 0.02666666666666667 0.02666666666666667
0 0.5783333333333334 0.98 0.02 0.023333333333333334
0 0.7733333333333333 0.5316666666666666 0.023333333333333334 0.02666666666666667
0 0.6033333333333334 0.975 0.023333333333333334 0.025
0 0.8583333333333333 0.49166666666666664 0.023333333333333334 0.02
0 0.8166666666666667 0.48 0.02666666666666667 0.023333333333333334
0 0.6566666666666666 0.795 0.023333333333333334 0.023333333333333334
0 0.46 0.76 0.02 0.02666666666666667
0 0.87 0.9383333333333334 0.021666666666666667 0.023333333333333334
0 0.925 0.52 0.021666666666666667 0.021666666666666667
0 0.3616666666666667 0.71 0.016666666666666666 0.023333333333333334
0 0.06333333333333334 0.8516666666666667 0.018333333333333333 0.023333333333333334
0 0.03333333333333333 0.8366666666666667 0.023333333333333334 0.02
0 0.725 0.5783333333333334 0.023333333333333334 0.028333333333333332
0 0.695 0.18 0.023333333333333334 0.02