0 0.3416666666666667 0.8383333333333334 0.03 0.03
0 0.3 0.6283333333333333 0.02 0.023333333333333334
0 0.4766666666666667 0.6766666666666666 0.02666666666666667 0.023333333333333334
0 0.30833333333333335 0.9816666666666667 0.02666666666666667 0.023333333333333334
0 0.7933333333333333 0.745 0.03166666666666667 0.03166666666666667
0 0.34 0.6266666666666667 0.023333333333333334 0.023333333333333334
0 0.4683333333333333 0.695 0.02666666666666667 0.023333333333333334
0 0.36333333333333334 0.31333333333333335 0.023333333333333334 0.02
0 0.2783333333333333 0.315 0.023333333333333334 0.023333333333333334
0 0.41 0.37833333333333335 0.02666666666666667 0.02
0 0.53 0.44333333333333336 0.02666666666666667 0.02666666666666667
0 0.5433333333333333 0.22 0.03 0.03
0 0.31 0.4533333333333333 0.023333333333333334 0.02666666666666667
0 0.5516666666666666 0.3283333333333333 0.03 0.023333333333333334
0 0.4083333333333333 0.325 0.02666666666666667 0.02
0 0.4166666666666667 0.015 0.02666666666666667 0.02666666666666667
0 0.39166666666666666 0.125 0.03 0.02666666666666667
0 0.6066666666666667 0.14833333333333334 0.02666666666666667 0.02666666666666667
0 0.6883333333333334 0.245 0.023333333333333334 0.023333333333333334
0 0.48833333333333334 0.08666666666666667 0.023333333333333334 0.023333333333333334
0 0.9383333333333334 0.018333333333333333 0.02666666666666667 0.02666666666666667
0 0.49666666666666665 0.041666666666666664 0.023333333333333334 0.023333333333333334
0 0.9766666666666667 0.24166666666666667 0.02666666666666667 0.02666666666666667
0 0.5316666666666666 0.30333333333333334 0.023333333333333334 0.023333333333333334
0 0.645 0.20833333333333334 0.02666666666666667 0.02666666666666667
0 0.6666666666666666 0.22333333333333333 0.03 0.023333333333333334
0 0.47333333333333333 0.028333333333333332 0.02 0.02666666666666667
0 0.4683333333333333 0.18833333333333332 0.028333333333333332 0.02666666666666667
0 0.4216666666666667 0.095 0.03 0.028333333333333332
0 0.35833333333333334 0.915 0.023333333333333334 0.023333333333333334
0 0.47833333333333333 0.6416666666666667 0.023333333333333334 0.025
0 0.4 0.6033333333333334 0.023333333333333334 0.028333333333333332