0 0.7683333333333333 0.9616666666666667 0.023333333333333334 0.021666666666666667
0 0.38166666666666665 0.7533333333333333 0.021666666666666667 0.021666666666666667
0 0.4033333333333333 0.7466666666666667 0.018333333333333333 0.023333333333333334
0 0.37666666666666665 0.7116666666666667 0.02 0.02
0 0.2816666666666667 0.7783333333333333 0.023333333333333334 0.03
0 0.37333333333333335 0.8566666666666667 0.028333333333333332 0.02666666666666667
0 0.335 0.845 0.02666666666666667 0.028333333333333332
0 0.375 0.6716666666666666 0.023333333333333334 0.02
0 0.345 0.7 0.02 0.02
0 0.6066666666666667 0.8533333333333334 0.018333333333333333 0.025
0 0.6816666666666666 0.8633333333333333 0.02 0.021666666666666667
0 0.225 0.5883333333333334 0.03 0.03166666666666667
0 0.23833333333333334 0.6716666666666666 0.021666666666666667 0.023333333333333334
0 0.9 0.8766666666666667 0.023333333333333334 0.02
0 0.5966666666666667 0.7933333333333333 0.023333333333333334 0.02
0 0.12833333333333333 0.5483333333333333 0.02666666666666667 0.02666666666666667
0 0.6916666666666667 0.035 0.02666666666666667 0.03
0 0.8583333333333333 0.04666666666666667 0.03 0.02666666666666667
0 0.8883333333333333 0.08166666666666667 0.03 0.02666666666666667
0 0.8916666666666667 0.028333333333333332 0.025 0.02666666666666667
0 0.035 0.26166666666666666 0.02 0.02
0 0.058333333333333334 0.028333333333333332 0.02666666666666667 0.02666666666666667
0 0.9716666666666667 0.09666666666666666 0.02666666666666667 0.02666666666666667
0 0.94 0.495 0.021666666666666667 0.03
0 0.035 0.5333333333333333 0.016666666666666666 0.021666666666666667
0 0.9283333333333333 0.3383333333333333 0.023333333333333334 0.023333333333333334
0 0.72 0.4066666666666667 0.018333333333333333 0.023333333333333334
0 0.37166666666666665 0.515 0.023333333333333334 0.023333333333333334
0 0.335 0.4683333333333333 0.025 0.028333333333333332
0 0.81 0.9766666666666667 0.021666666666666667 0.023333333333333334
0 0.31 0.81 0.023333333333333334 0.021666666666666667
0 0.845 0.13333333333333333 0.028333333333333332 0.028333333333333332