0 0.9133333333333333 0.33666666666666667 0.023333333333333334 0.023333333333333334
0 0.9733333333333334 0.4766666666666667 0.03 0.02666666666666667
0 0.7133333333333334 0.3416666666666667 0.023333333333333334 0.023333333333333334
0 0.745 0.3416666666666667 0.023333333333333334 0.023333333333333334
0 0.9483333333333334 0.475 0.023333333333333334 0.023333333333333334
0 0.5516666666666666 0.10833333333333334 0.023333333333333334 0.023333333333333334
0 0.8833333333333333 0.4766666666666667 0.02666666666666667 0.023333333333333334
0 0.8866666666666667 0.43 0.03 0.03
0 0.6283333333333333 0.4083333333333333 0.02666666666666667 0.023333333333333334
0 0.71 0.4033333333333333 0.023333333333333334 0.023333333333333334
0 0.7666666666666667 0.3383333333333333 0.023333333333333334 0.023333333333333334
0 0.8166666666666667 0.4266666666666667 0.023333333333333334 0.023333333333333334
0 0.92 0.37833333333333335 0.023333333333333334 0.023333333333333334
0 0.965 0.38666666666666666 0.023333333333333334 0.02
0 0.7183333333333334 0.4583333333333333 0.023333333333333334 0.023333333333333334
0 0.9416666666666667 0.31833333333333336 0.02666666666666667 0.02666666666666667
0 0.9533333333333334 0.15333333333333332 0.02666666666666667 0.02666666666666667
0 0.9433333333333334 0.37166666666666665 0.023333333333333334 0.023333333333333334
0 0.49166666666666664 0.68 0.02666666666666667 0.023333333333333334
0 0.49666666666666665 0.8166666666666667 0.02666666666666667 0.023333333333333334
0 0.3016666666666667 0.7666666666666667 0.023333333333333334 0.02
0 0.315 0.86 0.02666666666666667 0.02
0 0.5083333333333333 0.7533333333333333 0.02 0.02
0 0.44166666666666665 0.7416666666666667 0.023333333333333334 0.02
0 0.45166666666666666 0.625 0.02666666666666667 0.02666666666666667
0 0.19 0.8383333333333334 0.023333333333333334 0.023333333333333334
0 0.17166666666666666 0.735 0.03 0.02666666666666667
0 0.24333333333333335 0.8233333333333334 0.023333333333333334 0.023333333333333334
0 0.385 0.9266666666666666 0.023333333333333334 0.02666666666666667
0 0.20333333333333334 0.7983333333333333 0.023333333333333334 0.023333333333333334
0 0.31833333333333336 0.9166666666666666 0.023333333333333334 0.02
0 0.23166666666666666 0.6433333333333333 0.03 0.03
0 0.22166666666666668 0.8983333333333333 0.03 0.03
0 0.22166666666666668 0.7383333333333333 0.02666666666666667 0.02666666666666667
0 0.17333333333333334 0.895 0.02666666666666667 0.02666666666666667
0 0.40166666666666667 0.54 0.02666666666666667 0.023333333333333334
0 0.49166666666666664 0.5833333333333334 0.023333333333333334 0.023333333333333334
0 0.11166666666666666 0.7033333333333334 0.02666666666666667 0.02666666666666667
0 0.24833333333333332 0.7566666666666667 0.02666666666666667 0.02666666666666667
0 0.47 0.5533333333333333 0.02666666666666667 0.02666666666666667
0 0.24666666666666667 0.9683333333333334 0.02666666666666667 0.02666666666666667
0 0.45 0.6683333333333333 0.023333333333333334 0.023333333333333334
0 0.27666666666666667 0.7966666666666666 0.02666666666666667 0.02666666666666667
0 0.165 0.7016666666666667 0.023333333333333334 0.023333333333333334
0 0.40166666666666667 0.8733333333333333 0.023333333333333334 0.023333333333333334
0 0.16166666666666665 0.7583333333333333 0.023333333333333334 0.023333333333333334
0 0.12666666666666668 0.7616666666666667 0.023333333333333334 0.023333333333333334
0 0.24166666666666667 0.86 0.02666666666666667 0.023333333333333334
0 0.12166666666666667 0.5733333333333334 0.03 0.023333333333333334
0 0.26166666666666666 0.555 0.023333333333333334 0.016666666666666666
0 0.18833333333333332 0.7083333333333334 0.02 0.03
0 0.23 0.94 0.03 0.023333333333333334
0 0.25 0.9266666666666666 0.02666666666666667 0.023333333333333334
0 0.25666666666666665 0.5733333333333334 0.02 0.023333333333333334
0 0.4683333333333333 0.7333333333333333 0.03 0.023333333333333334
0 0.12166666666666667 0.7866666666666666 0.02666666666666667 0.02666666666666667
0 0.5416666666666666 0.5983333333333334 0.02666666666666667 0.023333333333333334
0 0.6333333333333333 0.6066666666666667 0.023333333333333334 0.023333333333333334
0 0.56 0.635 0.02666666666666667 0.02
0 0.5433333333333333 0.6616666666666666 0.023333333333333334 0.023333333333333334
0 0.6616666666666666 0.6083333333333333 0.02 0.02
0 0.8966666666666666 0.9816666666666667 0.023333333333333334 0.023333333333333334
0 0.9333333333333333 0.9116666666666666 0.03 0.03
0 0.9733333333333334 0.8383333333333334 0.02666666666666667 0.02666666666666667
0 0.016666666666666666 0.845 0.023333333333333334 0.023333333333333334
0 0.23166666666666666 0.15 0.02666666666666667 0.02666666666666667
0 0.22166666666666668 0.395 0.02666666666666667 0.02666666666666667
0 0.165 0.36833333333333335 0.02666666666666667 0.023333333333333334
0 0.21333333333333335 0.08833333333333333 0.02666666666666667 0.02666666666666667
0 0.365 0.16333333333333333 0.023333333333333334 0.023333333333333334
0 0.205 0.055 0.023333333333333334 0.02
0 0.14333333333333334 0.205 0.023333333333333334 0.02666666666666667
0 0.03166666666666667 0.05333333333333334 0.023333333333333334 0.023333333333333334
0 0.08833333333333333 0.235 0.02666666666666667 0.023333333333333334
0 0.42333333333333334 0.19166666666666668 0.023333333333333334 0.023333333333333334
0 0.39666666666666667 0.14666666666666667 0.02666666666666667 0.02666666666666667
0 0.23666666666666666 0.125 0.023333333333333334 0.023333333333333334
0 0.13166666666666665 0.03666666666666667 0.02666666666666667 0.02666666666666667
0 0.03666666666666667 0.325 0.02666666666666667 0.02666666666666667
0 0.17 0.17833333333333334 0.023333333333333334 0.023333333333333334
0 0.11166666666666666 0.07166666666666667 0.02666666666666667 0.02666666666666667
0 0.013333333333333334 0.115 0.02666666666666667 0.02666666666666667
0 0.22333333333333333 0.41833333333333333 0.021666666666666667 0.021666666666666667
0 0.2783333333333333 0.44 0.021666666666666667 0.023333333333333334
0 0.6533333333333333 0.5266666666666666 0.02666666666666667 0.025
0 0.52 0.71 0.025 0.02666666666666667
0 0.5016666666666667 0.605 0.03 0.03166666666666667
0 0.3383333333333333 0.92 0.021666666666666667 0.021666666666666667