0 0.76 0.23666666666666666 0.03 0.02666666666666667
0 0.8533333333333334 0.35333333333333333 0.023333333333333334 0.023333333333333334
0 0.8783333333333333 0.475 0.02666666666666667 0.023333333333333334
0 0.7266666666666667 0.013333333333333334 0.03 0.02666666666666667
0 0.8716666666666667 0.33166666666666667 0.023333333333333334 0.02
0 0.87 0.37166666666666665 0.023333333333333334 0.023333333333333334
0 0.805 0.485 0.03 0.02666666666666667
0 0.8016666666666666 0.43 0.023333333333333334 0.02
0 0.85 0.295 0.023333333333333334 0.02
0 0.7766666666666666 0.42333333333333334 0.023333333333333334 0.023333333333333334
0 0.875 0.42 0.021666666666666667 0.021666666666666667
0 0.8616666666666667 0.43666666666666665 0.023333333333333334 0.018333333333333333
0 0.8416666666666667 0.31 0.023333333333333334 0.023333333333333334
0 0.9133333333333333 0.39666666666666667 0.023333333333333334 0.023333333333333334
0 0.8266666666666667 0.43333333333333335 0.023333333333333334 0.02
0 0.8283333333333334 0.25333333333333335 0.023333333333333334 0.023333333333333334
0 0.9116666666666666 0.32166666666666666 0.02 0.02
0 0.6933333333333334 0.545 0.02666666666666667 0.023333333333333334
0 0.7866666666666666 0.6366666666666667 0.023333333333333334 0.023333333333333334
0 0.8033333333333333 0.525 0.03 0.03
0 0.8933333333333333 0.5733333333333334 0.02666666666666667 0.023333333333333334
0 0.94 0.81 0.03333333333333333 0.03
0 0.8883333333333333 0.8883333333333333 0.02666666666666667 0.023333333333333334
0 0.9366666666666666 0.8716666666666667 0.02666666666666667 0.023333333333333334
0 0.7116666666666667 0.59 0.02666666666666667 0.02666666666666667
0 0.8216666666666667 0.7233333333333334 0.023333333333333334 0.023333333333333334
0 0.8383333333333334 0.7433333333333333 0.02666666666666667 0.02666666666666667
0 0.8383333333333334 0.6033333333333334 0.03 0.03
0 0.8033333333333333 0.6716666666666666 0.02666666666666667 0.02666666666666667
0 0.835 0.8183333333333334 0.02666666666666667 0.02666666666666667
0 0.8016666666666666 0.5816666666666667 0.02666666666666667 0.02666666666666667
0 0.8533333333333334 0.8916666666666667 0.023333333333333334 0.023333333333333334
0 0.8616666666666667 0.5616666666666666 0.02666666666666667 0.02666666666666667
0 0.9433333333333334 0.7083333333333334 0.03 0.03
0 0.8783333333333333 0.6366666666666667 0.02666666666666667 0.02666666666666667
0 0.9266666666666666 0.7516666666666667 0.02666666666666667 0.023333333333333334
0 0.9316666666666666 0.7333333333333333 0.02666666666666667 0.02666666666666667
0 0.8183333333333334 0.6483333333333333 0.03 0.03
0 0.8883333333333333 0.53 0.02666666666666667 0.02666666666666667
0 0.8316666666666667 0.845 0.02666666666666667 0.02666666666666667
0 0.8516666666666667 0.535 0.023333333333333334 0.023333333333333334
0 0.8566666666666667 0.71 0.02666666666666667 0.02666666666666667
0 0.8816666666666667 0.8066666666666666 0.02666666666666667 0.02666666666666667
0 0.8983333333333333 0.7616666666666667 0.02666666666666667 0.02666666666666667
0 0.9566666666666667 0.68 0.03 0.03
0 0.9783333333333334 0.7266666666666667 0.03 0.03
0 0.8333333333333334 0.6883333333333334 0.02666666666666667 0.023333333333333334
0 0.8283333333333334 0.7066666666666667 0.02666666666666667 0.023333333333333334
0 0.85 0.6216666666666667 0.02666666666666667 0.02
0 0.9033333333333333 0.5533333333333333 0.03 0.03
0 0.8566666666666667 0.6366666666666667 0.023333333333333334 0.023333333333333334
0 0.8766666666666667 0.6116666666666667 0.023333333333333334 0.023333333333333334
0 0.965 0.9266666666666666 0.023333333333333334 0.03
0 0.6783333333333333 0.6516666666666666 0.03 0.03
0 0.7033333333333334 0.7566666666666667 0.04 0.03
0 0.9133333333333333 0.9816666666666667 0.02666666666666667 0.02666666666666667
0 0.011666666666666667 0.04 0.023333333333333334 0.02666666666666667
0 0.89 0.155 0.028333333333333332 0.025