0 0.13166666666666665 0.6733333333333333 0.03 0.03
0 0.03833333333333333 0.6966666666666667 0.023333333333333334 0.03
0 0.02 0.7366666666666667 0.02 0.03
0 0.10166666666666667 0.6733333333333333 0.02666666666666667 0.02666666666666667
0 0.22333333333333333 0.65 0.03 0.02666666666666667
0 0.03333333333333333 0.6716666666666666 0.02 0.02
0 0.13333333333333333 0.7366666666666667 0.023333333333333334 0.03
0 0.16333333333333333 0.7333333333333333 0.02666666666666667 0.023333333333333334
0 0.16833333333333333 0.755 0.023333333333333334 0.03
0 0.2683333333333333 0.72 0.023333333333333334 0.02
0 0.155 0.82 0.023333333333333334 0.02
0 0.06666666666666667 0.8683333333333333 0.02 0.023333333333333334
0 0.42333333333333334 0.9033333333333333 0.03 0.02666666666666667
0 0.47333333333333333 0.91 0.03 0.03
0 0.5433333333333333 0.9316666666666666 0.02666666666666667 0.03
0 0.4583333333333333 0.8416666666666667 0.023333333333333334 0.021666666666666667
0 0.5583333333333333 0.8533333333333334 0.02 0.02
0 0.5683333333333334 0.85 0.02 0.03
0 0.585 0.9316666666666666 0.02666666666666667 0.03
0 0.6 0.9416666666666667 0.023333333333333334 0.03
0 0.6183333333333333 0.9516666666666667 0.023333333333333334 0.03
0 0.6116666666666667 0.91 0.02 0.02
0 0.44333333333333336 0.5766666666666667 0.02666666666666667 0.023333333333333334
0 0.27 0.7816666666666666 0.02666666666666667 0.02666666666666667
0 0.44166666666666665 0.61 0.03 0.03
0 0.4666666666666667 0.5883333333333334 0.023333333333333334 0.02666666666666667
0 0.5966666666666667 0.5166666666666667 0.023333333333333334 0.03
0 0.6883333333333334 0.5133333333333333 0.02666666666666667 0.02666666666666667
0 0.8116666666666666 0.7216666666666667 0.023333333333333334 0.025
0 0.8183333333333334 0.6516666666666666 0.023333333333333334 0.02666666666666667
0 0.9183333333333333 0.9433333333333334 0.03 0.02666666666666667
0 0.7966666666666666 0.5283333333333333 0.03 0.02666666666666667
0 0.5366666666666666 0.5466666666666666 0.023333333333333334 0.02666666666666667
0 0.5516666666666666 0.6016666666666667 0.023333333333333334 0.03
0 0.8833333333333333 0.7466666666666667 0.023333333333333334 0.02
0 0.865 0.6633333333333333 0.028333333333333332 0.023333333333333334
0 0.08333333333333333 0.8116666666666666 0.023333333333333334 0.023333333333333334
0 0.4666666666666667 0.7 0.023333333333333334 0.023333333333333334
0 0.4266666666666667 0.6933333333333334 0.02666666666666667 0.02666666666666667
0 0.12833333333333333 0.79 0.023333333333333334 0.02
0 0.49 0.8933333333333333 0.023333333333333334 0.023333333333333334
0 0.6166666666666667 0.6116666666666667 0.023333333333333334 0.02
0 0.9416666666666667 0.6833333333333333 0.023333333333333334 0.023333333333333334
0 0.7683333333333333 0.405 0.02666666666666667 0.02666666666666667
0 0.7466666666666667 0.4066666666666667 0.02 0.02666666666666667
0 0.8666666666666667 0.4166666666666667 0.02 0.02666666666666667
0 0.945 0.36833333333333335 0.02 0.03
0 0.8333333333333334 0.465 0.02 0.02666666666666667
0 0.83 0.3883333333333333 0.02 0.023333333333333334
0 0.44666666666666666 0.15166666666666667 0.03666666666666667 0.02
0 0.4866666666666667 0.4683333333333333 0.03 0.03
0 0.345 0.42833333333333334 0.023333333333333334 0.02
0 0.3433333333333333 0.44666666666666666 0.02666666666666667 0.023333333333333334
0 0.4683333333333333 0.38166666666666665 0.02666666666666667 0.02666666666666667
0 0.48333333333333334 0.11666666666666667 0.03 0.02666666666666667
0 0.6283333333333333 0.665 0.021666666666666667 0.028333333333333332
0 0.12166666666666667 0.8433333333333334 0.023333333333333334 0.025
0 0.82 0.5316666666666666 0.02 0.02666666666666667