0 0.20666666666666667 0.9866666666666667 0.03 0.023333333333333334
0 0.23833333333333334 0.9766666666666667 0.03 0.03
0 0.18833333333333332 0.89 0.02 0.023333333333333334
0 0.025 0.9133333333333333 0.02666666666666667 0.023333333333333334
0 0.13333333333333333 0.285 0.028333333333333332 0.023333333333333334
0 0.20833333333333334 0.25166666666666665 0.03 0.03333333333333333
0 0.011666666666666667 0.26166666666666666 0.02 0.023333333333333334
0 0.10166666666666667 0.07666666666666666 0.02666666666666667 0.02666666666666667
0 0.056666666666666664 0.06833333333333333 0.02666666666666667 0.023333333333333334
0 0.67 0.315 0.023333333333333334 0.023333333333333334
0 0.025 0.54 0.023333333333333334 0.025
0 0.115 0.5866666666666667 0.016666666666666666 0.021666666666666667
0 0.14 0.245 0.02666666666666667 0.02666666666666667
0 0.9683333333333334 0.63 0.021666666666666667 0.025
0 0.9833333333333333 0.5983333333333334 0.025 0.02666666666666667
0 0.18166666666666667 0.6 0.018333333333333333 0.02666666666666667
0 0.7583333333333333 0.21833333333333332 0.021666666666666667 0.025
0 0.14 0.5883333333333334 0.02 0.021666666666666667