0 0.8516666666666667 0.5266666666666666 0.02 0.023333333333333334
0 0.8333333333333334 0.5383333333333333 0.02 0.02666666666666667
0 0.945 0.5966666666666667 0.02666666666666667 0.02666666666666667
0 0.9733333333333334 0.5716666666666667 0.02 0.02666666666666667
0 0.5666666666666667 0.8633333333333333 0.03333333333333333 0.02
0 0.6233333333333333 0.8583333333333333 0.02666666666666667 0.023333333333333334
0 0.695 0.8216666666666667 0.023333333333333334 0.023333333333333334
0 0.7066666666666667 0.6316666666666667 0.02666666666666667 0.02666666666666667
0 0.9833333333333333 0.65 0.02666666666666667 0.02666666666666667
0 0.6516666666666666 0.87 0.023333333333333334 0.023333333333333334
0 0.8516666666666667 0.545 0.023333333333333334 0.02
0 0.8333333333333334 0.89 0.03 0.02666666666666667
0 0.545 0.5533333333333333 0.02666666666666667 0.02666666666666667
0 0.565 0.3383333333333333 0.02 0.023333333333333334
0 0.6033333333333334 0.16333333333333333 0.023333333333333334 0.02666666666666667
0 0.8266666666666667 0.24333333333333335 0.02666666666666667 0.02
0 0.89 0.26 0.023333333333333334 0.02666666666666667
0 0.9566666666666667 0.07166666666666667 0.03 0.02666666666666667
0 0.945 0.09333333333333334 0.02666666666666667 0.03
0 0.9316666666666666 0.07333333333333333 0.03 0.03
0 0.925 0.051666666666666666 0.02666666666666667 0.023333333333333334
0 0.9483333333333334 0.04833333333333333 0.023333333333333334 0.02
0 0.8916666666666667 0.025 0.02 0.03333333333333333
0 0.9 0.17666666666666667 0.028333333333333332 0.02666666666666667
0 0.9766666666666667 0.10166666666666667 0.023333333333333334 0.023333333333333334
0 0.845 0.14166666666666666 0.02666666666666667 0.02666666666666667
0 0.9183333333333333 0.27666666666666667 0.023333333333333334 0.023333333333333334
0 0.9466666666666667 0.44166666666666665 0.023333333333333334 0.021666666666666667
0 0.8516666666666667 0.215 0.02666666666666667 0.023333333333333334
0 0.7316666666666667 0.3416666666666667 0.023333333333333334 0.023333333333333334
0 0.7683333333333333 0.28833333333333333 0.023333333333333334 0.023333333333333334
0 0.6566666666666666 0.3416666666666667 0.023333333333333334 0.023333333333333334
0 0.8533333333333334 0.3333333333333333 0.023333333333333334 0.023333333333333334
0 0.24833333333333332 0.13833333333333334 0.02666666666666667 0.02666666666666667
0 0.26 0.16666666666666666 0.02666666666666667 0.02666666666666667
0 0.235 0.305 0.021666666666666667 0.021666666666666667
0 0.2916666666666667 0.29833333333333334 0.023333333333333334 0.03
0 0.3383333333333333 0.31166666666666665 0.02666666666666667 0.023333333333333334
0 0.31 0.20166666666666666 0.02 0.023333333333333334
0 0.30666666666666664 0.24333333333333335 0.023333333333333334 0.03
0 0.335 0.2683333333333333 0.02 0.023333333333333334
0 0.4066666666666667 0.3616666666666667 0.02 0.03
0 0.22666666666666666 0.44166666666666665 0.02 0.02666666666666667
0 0.13833333333333334 0.37833333333333335 0.028333333333333332 0.025
0 0.10666666666666667 0.2783333333333333 0.03 0.02666666666666667
0 0.3566666666666667 0.22333333333333333 0.03 0.03
0 0.3566666666666667 0.24666666666666667 0.02666666666666667 0.03
0 0.485 0.3433333333333333 0.02 0.03
0 0.47333333333333333 0.3333333333333333 0.02 0.02666666666666667
0 0.31833333333333336 0.48 0.02 0.03
0 0.07666666666666666 0.35333333333333333 0.02666666666666667 0.023333333333333334
0 0.045 0.32 0.023333333333333334 0.023333333333333334
0 0.42333333333333334 0.34 0.02666666666666667 0.023333333333333334
0 0.6216666666666667 0.5316666666666666 0.023333333333333334 0.03
0 0.6733333333333333 0.5033333333333333 0.02 0.023333333333333334
0 0.74 0.5016666666666667 0.023333333333333334 0.023333333333333334
0 0.8366666666666667 0.49333333333333335 0.023333333333333334 0.023333333333333334
0 0.018333333333333333 0.26 0.02666666666666667 0.02
0 0.02 0.27666666666666667 0.02666666666666667 0.02
0 0.12833333333333333 0.5766666666666667 0.023333333333333334 0.03
0 0.30666666666666664 0.5133333333333333 0.02 0.02666666666666667
0 0.3333333333333333 0.5533333333333333 0.023333333333333334 0.023333333333333334
0 0.43 0.5433333333333333 0.025 0.03
0 0.36666666666666664 0.585 0.02666666666666667 0.02666666666666667
0 0.23166666666666666 0.5316666666666666 0.02 0.023333333333333334
0 0.49 0.5266666666666666 0.023333333333333334 0.023333333333333334
0 0.51 0.505 0.028333333333333332 0.028333333333333332
0 0.36833333333333335 0.9766666666666667 0.03 0.02666666666666667
0 0.3466666666666667 0.9183333333333333 0.023333333333333334 0.02666666666666667
0 0.06 0.9033333333333333 0.02666666666666667 0.03
0 0.49666666666666665 0.865 0.03 0.03
0 0.2683333333333333 0.64 0.02666666666666667 0.03
0 0.48833333333333334 0.965 0.02666666666666667 0.02666666666666667
0 0.49833333333333335 0.94 0.02666666666666667 0.023333333333333334
0 0.055 0.9366666666666666 0.023333333333333334 0.023333333333333334
0 0.37666666666666665 0.8316666666666667 0.023333333333333334 0.023333333333333334
0 0.41333333333333333 0.8166666666666667 0.023333333333333334 0.023333333333333334
0 0.395 0.2 0.03 0.023333333333333334
0 0.22 0.7066666666666667 0.03 0.023333333333333334
0 0.425 0.5016666666666667 0.02666666666666667 0.028333333333333332
0 0.48833333333333334 0.5016666666666667 0.028333333333333332 0.028333333333333332
0 0.96 0.5466666666666666 0.02 0.028333333333333332
0 0.665 0.935 0.023333333333333334 0.025