0 0.6616666666666666 0.39 0.03 0.02666666666666667
0 0.11833333333333333 0.4533333333333333 0.03 0.028333333333333332
0 0.34833333333333333 0.43 0.03166666666666667 0.03166666666666667
0 0.16 0.48 0.025 0.028333333333333332
0 0.21166666666666667 0.465 0.02 0.023333333333333334
0 0.21666666666666667 0.17166666666666666 0.02666666666666667 0.02666666666666667
0 0.495 0.8666666666666667 0.03 0.03
0 0.16666666666666666 0.8616666666666667 0.03 0.02666666666666667
0 0.12333333333333334 0.865 0.02666666666666667 0.02666666666666667
0 0.085 0.8766666666666667 0.02666666666666667 0.02
0 0.32166666666666666 0.8483333333333334 0.02666666666666667 0.03
0 0.37833333333333335 0.8216666666666667 0.02666666666666667 0.02666666666666667
0 0.12666666666666668 0.9433333333333334 0.023333333333333334 0.02666666666666667
0 0.085 0.9 0.02 0.02
0 0.06333333333333334 0.835 0.02 0.02666666666666667
0 0.3983333333333333 0.7533333333333333 0.03 0.023333333333333334
0 0.20166666666666666 0.8383333333333334 0.02 0.02666666666666667
0 0.20333333333333334 0.8683333333333333 0.02666666666666667 0.023333333333333334
0 0.028333333333333332 0.855 0.03 0.03
0 0.14 0.4866666666666667 0.02 0.02666666666666667
0 0.20166666666666666 0.8983333333333333 0.035 0.028333333333333332