0 0.7333333333333333 0.6383333333333333 0.02666666666666667 0.03
0 0.665 0.725 0.023333333333333334 0.023333333333333334
0 0.5566666666666666 0.7583333333333333 0.02666666666666667 0.023333333333333334
0 0.8616666666666667 0.7566666666666667 0.02666666666666667 0.023333333333333334
0 0.88 0.91 0.03666666666666667 0.03333333333333333
0 0.8733333333333333 0.8033333333333333 0.02666666666666667 0.02666666666666667
0 0.7466666666666667 0.7716666666666666 0.023333333333333334 0.023333333333333334
0 0.7133333333333334 0.74 0.02 0.023333333333333334
0 0.615 0.4 0.02 0.03
0 0.7083333333333334 0.9633333333333334 0.03 0.023333333333333334
0 0.7583333333333333 0.9283333333333333 0.02666666666666667 0.023333333333333334
0 0.715 0.9216666666666666 0.02666666666666667 0.02
0 0.755 0.8333333333333334 0.023333333333333334 0.02
0 0.7666666666666667 0.8216666666666667 0.02 0.02
0 0.7033333333333334 0.6833333333333333 0.02666666666666667 0.023333333333333334
0 0.6716666666666666 0.4216666666666667 0.03 0.023333333333333334
0 0.6516666666666666 0.595 0.02 0.02
0 0.5833333333333334 0.5733333333333334 0.02 0.02666666666666667
0 0.8883333333333333 0.8233333333333334 0.03 0.03
0 0.8816666666666667 0.8433333333333334 0.02666666666666667 0.023333333333333334
0 0.9216666666666666 0.965 0.03 0.03
0 0.635 0.43 0.03 0.03
0 0.8383333333333334 0.9733333333333334 0.02 0.02666666666666667
0 0.5816666666666667 0.49833333333333335 0.023333333333333334 0.023333333333333334
0 0.8966666666666666 0.9333333333333333 0.02666666666666667 0.02
0 0.7266666666666667 0.9466666666666667 0.02666666666666667 0.02
0 0.8116666666666666 0.8166666666666667 0.03 0.02
0 0.9066666666666666 0.5866666666666667 0.02666666666666667 0.02666666666666667
0 0.7016666666666667 0.6216666666666667 0.03 0.03
0 0.86 0.5883333333333334 0.02666666666666667 0.02666666666666667
0 0.7183333333333334 0.5966666666666667 0.02666666666666667 0.02666666666666667
0 0.7733333333333333 0.8766666666666667 0.023333333333333334 0.023333333333333334
0 0.7016666666666667 0.78 0.02666666666666667 0.023333333333333334
0 0.8466666666666667 0.5266666666666666 0.023333333333333334 0.023333333333333334
0 0.5866666666666667 0.6083333333333333 0.02 0.02
0 0.7233333333333334 0.425 0.02666666666666667 0.02666666666666667
0 0.8766666666666667 0.9883333333333333 0.023333333333333334 0.023333333333333334
0 0.7416666666666667 0.9183333333333333 0.023333333333333334 0.023333333333333334
0 0.7733333333333333 0.8583333333333333 0.02666666666666667 0.02
0 0.5983333333333334 0.5916666666666667 0.023333333333333334 0.02666666666666667
0 0.7983333333333333 0.59 0.02 0.02
0 0.795 0.5716666666666667 0.02 0.023333333333333334
0 0.6166666666666667 0.5633333333333334 0.02 0.023333333333333334
0 0.8266666666666667 0.565 0.02 0.02
0 0.8616666666666667 0.9666666666666667 0.02 0.02
0 0.8183333333333334 0.9366666666666666 0.023333333333333334 0.02
0 0.8683333333333333 0.9316666666666666 0.023333333333333334 0.02
0 0.22333333333333333 0.7633333333333333 0.03 0.023333333333333334
0 0.2733333333333333 0.705 0.023333333333333334 0.023333333333333334
0 0.225 0.8216666666666667 0.02 0.023333333333333334
0 0.29833333333333334 0.9266666666666666 0.02 0.02
0 0.14333333333333334 0.7966666666666666 0.03 0.023333333333333334
0 0.5033333333333333 0.6833333333333333 0.023333333333333334 0.023333333333333334
0 0.36833333333333335 0.9633333333333334 0.02666666666666667 0.02
0 0.4866666666666667 0.8533333333333334 0.03 0.03
0 0.5016666666666667 0.8183333333333334 0.02 0.02
0 0.5283333333333333 0.7083333333333334 0.02 0.023333333333333334
0 0.4766666666666667 0.7666666666666667 0.02 0.023333333333333334
0 0.18166666666666667 0.49333333333333335 0.02666666666666667 0.03
0 0.24833333333333332 0.5533333333333333 0.02666666666666667 0.023333333333333334
0 0.29333333333333333 0.685 0.02666666666666667 0.03
0 0.49666666666666665 0.48 0.023333333333333334 0.023333333333333334
0 0.4583333333333333 0.36333333333333334 0.023333333333333334 0.02666666666666667
0 0.31666666666666665 0.8416666666666667 0.02666666666666667 0.02666666666666667
0 0.3383333333333333 0.45166666666666666 0.02666666666666667 0.02666666666666667
0 0.21333333333333335 0.56 0.023333333333333334 0.023333333333333334
0 0.4683333333333333 0.8133333333333334 0.023333333333333334 0.023333333333333334
0 0.3016666666666667 0.7633333333333333 0.023333333333333334 0.023333333333333334
0 0.3283333333333333 0.7933333333333333 0.023333333333333334 0.016666666666666666