0 0.07833333333333334 0.13166666666666665 0.02 0.023333333333333334
0 0.22 0.43666666666666665 0.02 0.023333333333333334
0 0.27166666666666667 0.03333333333333333 0.023333333333333334 0.023333333333333334
0 0.08666666666666667 0.10166666666666667 0.02 0.023333333333333334
0 0.51 0.3383333333333333 0.023333333333333334 0.023333333333333334
0 0.56 0.47333333333333333 0.023333333333333334 0.028333333333333332
0 0.8033333333333333 0.225 0.023333333333333334 0.02666666666666667
0 0.8516666666666667 0.315 0.023333333333333334 0.02666666666666667
0 0.6233333333333333 0.38 0.023333333333333334 0.02666666666666667
0 0.8166666666666667 0.18 0.023333333333333334 0.02
0 0.5616666666666666 0.32 0.023333333333333334 0.03
0 0.605 0.02 0.023333333333333334 0.025
0 0.8866666666666667 0.23666666666666666 0.03 0.02666666666666667
0 0.5783333333333334 0.3433333333333333 0.023333333333333334 0.02666666666666667
0 0.5683333333333334 0.49833333333333335 0.03 0.028333333333333332
0 0.6016666666666667 0.47833333333333333 0.028333333333333332 0.03166666666666667
0 0.7533333333333333 0.5166666666666667 0.023333333333333334 0.023333333333333334
0 0.34 0.5183333333333333 0.02666666666666667 0.023333333333333334
0 0.33166666666666667 0.49166666666666664 0.03 0.03
0 0.08666666666666667 0.515 0.02666666666666667 0.02666666666666667
0 0.51 0.04 0.021666666666666667 0.028333333333333332