0 0.10666666666666667 0.45 0.02666666666666667 0.02666666666666667
0 0.16166666666666665 0.47333333333333333 0.02666666666666667 0.02666666666666667
0 0.7316666666666667 0.135 0.03666666666666667 0.03
0 0.8266666666666667 0.15833333333333333 0.03333333333333333 0.03333333333333333
0 0.7566666666666667 0.22 0.03666666666666667 0.03
0 0.8383333333333334 0.21166666666666667 0.02 0.02
0 0.9066666666666666 0.30333333333333334 0.023333333333333334 0.023333333333333334
0 0.9216666666666666 0.37833333333333335 0.02666666666666667 0.023333333333333334
0 0.155 0.7933333333333333 0.02666666666666667 0.02666666666666667
0 0.058333333333333334 0.7683333333333333 0.03333333333333333 0.03666666666666667
0 0.011666666666666667 0.335 0.023333333333333334 0.02666666666666667
0 0.03166666666666667 0.685 0.03 0.02666666666666667
0 0.02666666666666667 0.6566666666666666 0.03 0.02666666666666667