0 0.96 0.8216666666666667 0.03 0.03
0 0.8033333333333333 0.9683333333333334 0.02666666666666667 0.03
0 0.6416666666666667 0.9616666666666667 0.023333333333333334 0.02666666666666667
0 0.725 0.9783333333333334 0.03666666666666667 0.03
0 0.8116666666666666 0.6616666666666666 0.03 0.03333333333333333
0 0.6416666666666667 0.6566666666666666 0.03 0.03
0 0.6633333333333333 0.7666666666666667 0.03 0.02666666666666667
0 0.655 0.6116666666666667 0.03 0.03333333333333333
0 0.8016666666666666 0.8716666666666667 0.02666666666666667 0.03
0 0.8633333333333333 0.16833333333333333 0.025 0.023333333333333334
0 0.6916666666666667 0.30833333333333335 0.023333333333333334 0.03
0 0.185 0.023333333333333334 0.03 0.023333333333333334
0 0.805 0.2683333333333333 0.02666666666666667 0.03333333333333333
0 0.625 0.12833333333333333 0.023333333333333334 0.023333333333333334
0 0.84 0.09166666666666666 0.023333333333333334 0.02
0 0.7533333333333333 0.22 0.02 0.02
0 0.62 0.3333333333333333 0.02666666666666667 0.03
0 0.6816666666666666 0.44166666666666665 0.03 0.03
0 0.9366666666666666 0.31666666666666665 0.03 0.02
0 0.7716666666666666 0.39166666666666666 0.02 0.02
0 0.7666666666666667 0.37166666666666665 0.02 0.02
0 0.6916666666666667 0.395 0.02 0.02
0 0.695 0.12 0.02666666666666667 0.023333333333333334
0 0.6833333333333333 0.14166666666666666 0.02666666666666667 0.023333333333333334
0 0.028333333333333332 0.15166666666666667 0.03 0.03
0 0.5533333333333333 0.25333333333333335 0.023333333333333334 0.023333333333333334
0 0.8816666666666667 0.24333333333333335 0.02 0.02
0 0.7316666666666667 0.22166666666666668 0.023333333333333334 0.023333333333333334
0 0.925 0.14166666666666666 0.023333333333333334 0.023333333333333334
0 0.7283333333333334 0.19333333333333333 0.023333333333333334 0.023333333333333334
0 0.8933333333333333 0.18833333333333332 0.023333333333333334 0.023333333333333334
0 0.6983333333333334 0.755 0.035 0.03
0 0.3616666666666667 0.10833333333333334 0.023333333333333334 0.025