0 0.8316666666666667 0.7566666666666667 0.02 0.023333333333333334
0 0.7116666666666667 0.7583333333333333 0.02666666666666667 0.02666666666666667
0 0.5483333333333333 0.59 0.02 0.023333333333333334
0 0.9266666666666666 0.7466666666666667 0.02666666666666667 0.02666666666666667
0 0.24333333333333335 0.41333333333333333 0.03 0.02666666666666667
0 0.49333333333333335 0.5066666666666667 0.03 0.02666666666666667
0 0.7066666666666667 0.4716666666666667 0.03 0.023333333333333334
0 0.7383333333333333 0.46166666666666667 0.03 0.03
0 0.25333333333333335 0.5 0.03333333333333333 0.02666666666666667
0 0.18333333333333332 0.6316666666666667 0.023333333333333334 0.02
0 0.285 0.5566666666666666 0.023333333333333334 0.023333333333333334
0 0.24833333333333332 0.5633333333333334 0.023333333333333334 0.02
0 0.2966666666666667 0.5233333333333333 0.02666666666666667 0.02
0 0.31833333333333336 0.5483333333333333 0.023333333333333334 0.02
0 0.21 0.8783333333333333 0.02666666666666667 0.02666666666666667
0 0.07833333333333334 0.8866666666666667 0.03 0.02
0 0.27166666666666667 0.21 0.023333333333333334 0.02
0 0.07166666666666667 0.24166666666666667 0.023333333333333334 0.02
0 0.26 0.07666666666666666 0.023333333333333334 0.02
0 0.11 0.47833333333333333 0.02 0.02666666666666667
0 0.13833333333333334 0.3883333333333333 0.03 0.02666666666666667
0 0.26 0.36 0.028333333333333332 0.03166666666666667
0 0.07166666666666667 0.07833333333333334 0.023333333333333334 0.023333333333333334
0 0.17666666666666667 0.13833333333333334 0.023333333333333334 0.023333333333333334
0 0.051666666666666666 0.3616666666666667 0.023333333333333334 0.02666666666666667
0 0.22166666666666668 0.03833333333333333 0.023333333333333334 0.02
0 0.13833333333333334 0.225 0.02666666666666667 0.023333333333333334
0 0.03 0.48833333333333334 0.03 0.03
0 0.095 0.24666666666666667 0.03333333333333333 0.03
0 0.28 0.028333333333333332 0.03333333333333333 0.03
0 0.375 0.5916666666666667 0.03 0.02666666666666667
0 0.011666666666666667 0.025 0.023333333333333334 0.02666666666666667
0 0.41333333333333333 0.3383333333333333 0.02666666666666667 0.028333333333333332
0 0.13833333333333334 0.3566666666666667 0.02 0.023333333333333334
0 0.013333333333333334 0.46166666666666667 0.02 0.02666666666666667
0 0.018333333333333333 0.4116666666666667 0.023333333333333334 0.023333333333333334
0 0.6883333333333334 0.37333333333333335 0.02 0.023333333333333334
0 0.275 0.18 0.02 0.02
0 0.175 0.2733333333333333 0.02 0.02
0 0.3383333333333333 0.3383333333333333 0.03166666666666667 0.023333333333333334
0 0.22333333333333333 0.47833333333333333 0.02666666666666667 0.02666666666666667
0 0.06666666666666667 0.505 0.02666666666666667 0.02666666666666667
0 0.075 0.02666666666666667 0.03333333333333333 0.03