0 0.8033333333333333 0.26666666666666666 0.03 0.023333333333333334
0 0.7016666666666667 0.185 0.02 0.02
0 0.6583333333333333 0.23 0.02666666666666667 0.023333333333333334
0 0.6933333333333334 0.395 0.02666666666666667 0.02
0 0.8783333333333333 0.755 0.02 0.023333333333333334
0 0.7166666666666667 0.25333333333333335 0.02666666666666667 0.02666666666666667
0 0.975 0.86 0.023333333333333334 0.02
0 0.8933333333333333 0.6933333333333334 0.02 0.02
0 0.9183333333333333 0.6533333333333333 0.023333333333333334 0.023333333333333334
0 0.7766666666666666 0.195 0.023333333333333334 0.023333333333333334
0 0.9416666666666667 0.145 0.023333333333333334 0.023333333333333334
0 0.8283333333333334 0.36833333333333335 0.023333333333333334 0.02
0 0.9366666666666666 0.021666666666666667 0.023333333333333334 0.02
0 0.71 0.5616666666666666 0.02666666666666667 0.02666666666666667
0 0.7416666666666667 0.2966666666666667 0.023333333333333334 0.023333333333333334
0 0.6966666666666667 0.4266666666666667 0.023333333333333334 0.02
0 0.8833333333333333 0.01 0.02666666666666667 0.02
0 0.8683333333333333 0.345 0.03333333333333333 0.02666666666666667
0 0.795 0.9683333333333334 0.02666666666666667 0.02666666666666667
0 0.96 0.78 0.02 0.02
0 0.9366666666666666 0.295 0.03 0.02666666666666667
0 0.7016666666666667 0.45166666666666666 0.023333333333333334 0.023333333333333334
0 0.7183333333333334 0.2866666666666667 0.02 0.02
0 0.6533333333333333 0.4216666666666667 0.03 0.02666666666666667
0 0.815 0.8416666666666667 0.03 0.016666666666666666
0 0.10833333333333334 0.555 0.03 0.02666666666666667
0 0.25333333333333335 0.4083333333333333 0.023333333333333334 0.023333333333333334
0 0.285 0.3466666666666667 0.02666666666666667 0.023333333333333334
0 0.235 0.655 0.02666666666666667 0.02666666666666667
0 0.29833333333333334 0.7 0.023333333333333334 0.02666666666666667
0 0.395 0.8116666666666666 0.02666666666666667 0.02666666666666667
0 0.39166666666666666 0.8533333333333334 0.02666666666666667 0.023333333333333334
0 0.4266666666666667 0.8266666666666667 0.023333333333333334 0.023333333333333334
0 0.33666666666666667 0.815 0.02 0.02
0 0.37833333333333335 0.6766666666666666 0.02666666666666667 0.023333333333333334
0 0.2966666666666667 0.4266666666666667 0.023333333333333334 0.02
0 0.365 0.835 0.02666666666666667 0.025
0 0.4116666666666667 0.85 0.02 0.02
0 0.425 0.8666666666666667 0.02 0.023333333333333334
0 0.24666666666666667 0.5466666666666666 0.023333333333333334 0.023333333333333334
0 0.15166666666666667 0.9316666666666666 0.023333333333333334 0.023333333333333334
0 0.03666666666666667 0.6666666666666666 0.023333333333333334 0.023333333333333334
0 0.043333333333333335 0.55 0.02666666666666667 0.02666666666666667
0 0.3433333333333333 0.7633333333333333 0.02666666666666667 0.023333333333333334
0 0.365 0.6466666666666666 0.023333333333333334 0.023333333333333334
0 0.07666666666666666 0.6883333333333334 0.02666666666666667 0.02666666666666667
0 0.07333333333333333 0.23833333333333334 0.02666666666666667 0.02666666666666667
0 0.4066666666666667 0.8833333333333333 0.023333333333333334 0.023333333333333334
0 0.225 0.5733333333333334 0.023333333333333334 0.023333333333333334
0 0.06333333333333334 0.57 0.02 0.02
0 0.115 0.5983333333333334 0.02666666666666667 0.02666666666666667
0 0.3016666666666667 0.6566666666666666 0.02666666666666667 0.02666666666666667
0 0.23 0.53 0.023333333333333334 0.02666666666666667
0 0.18833333333333332 0.5716666666666667 0.02666666666666667 0.02666666666666667
0 0.2966666666666667 0.625 0.023333333333333334 0.023333333333333334
0 0.34 0.8683333333333333 0.023333333333333334 0.02
0 0.17166666666666666 0.40166666666666667 0.03 0.04
0 0.055 0.7416666666666667 0.023333333333333334 0.023333333333333334
0 0.13833333333333334 0.8783333333333333 0.02666666666666667 0.03
0 0.09666666666666666 0.8766666666666667 0.023333333333333334 0.02666666666666667
0 0.11166666666666666 0.8683333333333333 0.02 0.03
0 0.05 0.625 0.023333333333333334 0.02666666666666667
0 0.255 0.67 0.023333333333333334 0.03
0 0.39166666666666666 0.7666666666666667 0.03333333333333333 0.03
0 0.07666666666666666 0.5283333333333333 0.03333333333333333 0.02666666666666667
0 0.395 0.66 0.03333333333333333 0.023333333333333334
0 0.275 0.4483333333333333 0.02666666666666667 0.02666666666666667
0 0.295 0.5583333333333333 0.023333333333333334 0.02666666666666667
0 0.25333333333333335 0.44333333333333336 0.03 0.02666666666666667
0 0.13833333333333334 0.5483333333333333 0.03 0.03333333333333333
0 0.36666666666666664 0.7383333333333333 0.02666666666666667 0.02
0 0.015 0.30833333333333335 0.02666666666666667 0.02666666666666667
0 0.018333333333333333 0.5216666666666666 0.03 0.03
0 0.021666666666666667 0.8716666666666667 0.03333333333333333 0.02666666666666667
0 0.008333333333333333 0.9066666666666666 0.016666666666666666 0.02
0 0.315 0.9166666666666666 0.02666666666666667 0.03