0 0.9733333333333334 0.49333333333333335 0.02666666666666667 0.02666666666666667
0 0.9366666666666666 0.5066666666666667 0.023333333333333334 0.02666666666666667
0 0.745 0.525 0.023333333333333334 0.03
0 0.7833333333333333 0.05333333333333334 0.023333333333333334 0.023333333333333334
0 0.7216666666666667 0.06666666666666667 0.03 0.02666666666666667
0 0.7566666666666667 0.075 0.02666666666666667 0.02666666666666667
0 0.6566666666666666 0.08333333333333333 0.03 0.02666666666666667
0 0.6716666666666666 0.12 0.03 0.023333333333333334
0 0.7016666666666667 0.14666666666666667 0.03 0.023333333333333334
0 0.6283333333333333 0.215 0.03333333333333333 0.03
0 0.6766666666666666 0.23833333333333334 0.023333333333333334 0.02
0 0.5816666666666667 0.2833333333333333 0.03 0.023333333333333334
0 0.8383333333333334 0.365 0.02666666666666667 0.023333333333333334
0 0.9 0.44166666666666665 0.023333333333333334 0.02666666666666667
0 0.6266666666666667 0.25666666666666665 0.03 0.02666666666666667
0 0.7766666666666666 0.365 0.02 0.02
0 0.9783333333333334 0.4683333333333333 0.02666666666666667 0.03
0 0.6116666666666667 0.335 0.02666666666666667 0.023333333333333334
0 0.7816666666666666 0.43833333333333335 0.02 0.02666666666666667
0 0.805 0.395 0.023333333333333334 0.03
0 0.82 0.3433333333333333 0.02 0.02666666666666667
0 0.91 0.5016666666666667 0.02 0.02
0 0.7933333333333333 0.07166666666666667 0.02 0.02666666666666667
0 0.06666666666666667 0.66 0.02666666666666667 0.02666666666666667
0 0.21833333333333332 0.5566666666666666 0.02666666666666667 0.03333333333333333
0 0.07333333333333333 0.56 0.023333333333333334 0.023333333333333334
0 0.10666666666666667 0.5766666666666667 0.03166666666666667 0.028333333333333332
0 0.03333333333333333 0.6283333333333333 0.025 0.02
0 0.08666666666666667 0.8216666666666667 0.02666666666666667 0.02666666666666667
0 0.21333333333333335 0.7666666666666667 0.03 0.03
0 0.10666666666666667 0.8483333333333334 0.03 0.03
0 0.043333333333333335 0.8333333333333334 0.028333333333333332 0.025
0 0.865 0.49333333333333335 0.028333333333333332 0.023333333333333334