0 0.245 0.195 0.02666666666666667 0.02
0 0.7066666666666667 0.395 0.025 0.02666666666666667
0 0.16 0.8866666666666667 0.03 0.023333333333333334
0 0.12166666666666667 0.8983333333333333 0.023333333333333334 0.023333333333333334
0 0.051666666666666666 0.9033333333333333 0.02666666666666667 0.023333333333333334
0 0.028333333333333332 0.8766666666666667 0.02666666666666667 0.023333333333333334
0 0.09333333333333334 0.7533333333333333 0.02666666666666667 0.02666666666666667
0 0.38166666666666665 0.845 0.025 0.025
0 0.38666666666666666 0.8066666666666666 0.03 0.03
0 0.33666666666666667 0.825 0.023333333333333334 0.02666666666666667
0 0.23666666666666666 0.95 0.023333333333333334 0.02
0 0.3333333333333333 0.8533333333333334 0.023333333333333334 0.02
0 0.03166666666666667 0.5616666666666666 0.023333333333333334 0.02666666666666667
0 0.16333333333333333 0.7016666666666667 0.025 0.02666666666666667
0 0.1 0.58 0.02666666666666667 0.02
0 0.023333333333333334 0.7533333333333333 0.025 0.02666666666666667
0 0.15666666666666668 0.7433333333333333 0.02 0.02666666666666667
0 0.17666666666666667 0.9616666666666667 0.023333333333333334 0.023333333333333334
0 0.29833333333333334 0.755 0.02666666666666667 0.03
0 0.15833333333333333 0.3883333333333333 0.02 0.023333333333333334
0 0.165 0.24333333333333335 0.03 0.03333333333333333
0 0.265 0.8266666666666667 0.02666666666666667 0.021666666666666667