0 0.465 0.03666666666666667 0.02666666666666667 0.03
0 0.49666666666666665 0.07833333333333334 0.02666666666666667 0.03
0 0.49333333333333335 0.04666666666666667 0.03 0.02666666666666667
0 0.445 0.035 0.023333333333333334 0.02666666666666667
0 0.58 0.07666666666666666 0.03 0.02
0 0.6066666666666667 0.24666666666666667 0.03166666666666667 0.03
0 0.6283333333333333 0.015 0.023333333333333334 0.023333333333333334
0 0.59 0.023333333333333334 0.023333333333333334 0.023333333333333334
0 0.6516666666666666 0.2966666666666667 0.02666666666666667 0.023333333333333334
0 0.9516666666666667 0.4266666666666667 0.03 0.02
0 0.5766666666666667 0.14166666666666666 0.023333333333333334 0.02
0 0.6316666666666667 0.4116666666666667 0.03 0.023333333333333334
0 0.6283333333333333 0.2833333333333333 0.02 0.02
0 0.6316666666666667 0.36666666666666664 0.023333333333333334 0.02
0 0.6483333333333333 0.16333333333333333 0.03 0.023333333333333334
0 0.6883333333333334 0.08 0.02666666666666667 0.03
0 0.6383333333333333 0.48333333333333334 0.02666666666666667 0.02666666666666667
0 0.545 0.39666666666666667 0.023333333333333334 0.02
0 0.875 0.4816666666666667 0.023333333333333334 0.02
0 0.585 0.44333333333333336 0.03 0.02
0 0.9416666666666667 0.135 0.03 0.02
0 0.5966666666666667 0.31 0.023333333333333334 0.023333333333333334
0 0.6933333333333334 0.235 0.02666666666666667 0.02666666666666667
0 0.585 0.46 0.02666666666666667 0.02
0 0.6383333333333333 0.4633333333333333 0.02 0.02
0 0.8733333333333333 0.7533333333333333 0.02666666666666667 0.023333333333333334
0 0.8566666666666667 0.775 0.03 0.02
0 0.7916666666666666 0.9783333333333334 0.02666666666666667 0.023333333333333334
0 0.7583333333333333 0.7533333333333333 0.03 0.02666666666666667
0 0.6016666666666667 0.5466666666666666 0.02666666666666667 0.02666666666666667
0 0.6483333333333333 0.5233333333333333 0.023333333333333334 0.02666666666666667
0 0.7783333333333333 0.9683333333333334 0.02666666666666667 0.02
0 0.7633333333333333 0.5866666666666667 0.02 0.023333333333333334
0 0.81 0.7916666666666666 0.023333333333333334 0.023333333333333334
0 0.66 0.5133333333333333 0.02 0.02
0 0.5266666666666666 0.32 0.03333333333333333 0.035
0 0.9133333333333333 0.5133333333333333 0.02666666666666667 0.03333333333333333
0 0.9766666666666667 0.455 0.028333333333333332 0.025
0 0.6083333333333333 0.195 0.025 0.02
0 0.45 0.09166666666666666 0.02666666666666667 0.02666666666666667