0 0.7166666666666667 0.37666666666666665 0.03 0.02666666666666667
0 0.7283333333333334 0.27666666666666667 0.02666666666666667 0.02
0 0.815 0.25666666666666665 0.02666666666666667 0.023333333333333334
0 0.925 0.24 0.02 0.02666666666666667
0 0.94 0.23666666666666666 0.02 0.03
0 0.9316666666666666 0.32 0.023333333333333334 0.02666666666666667
0 0.7516666666666667 0.2916666666666667 0.02666666666666667 0.02666666666666667
0 0.4716666666666667 0.4083333333333333 0.03 0.03
0 0.028333333333333332 0.8633333333333333 0.02666666666666667 0.02666666666666667
0 0.24666666666666667 0.755 0.02666666666666667 0.02666666666666667
0 0.20166666666666666 0.91 0.023333333333333334 0.02666666666666667
0 0.8366666666666667 0.64 0.02666666666666667 0.03
0 0.6516666666666666 0.81 0.02666666666666667 0.021666666666666667
0 0.6033333333333334 0.9183333333333333 0.03333333333333333 0.02666666666666667
0 0.47833333333333333 0.8783333333333333 0.02666666666666667 0.023333333333333334
0 0.9066666666666666 0.7333333333333333 0.02666666666666667 0.02666666666666667
0 0.8683333333333333 0.8716666666666667 0.03 0.02666666666666667
0 0.785 0.7983333333333333 0.023333333333333334 0.02