0 0.215 0.8283333333333334 0.02666666666666667 0.02666666666666667
0 0.23 0.7766666666666666 0.023333333333333334 0.023333333333333334
0 0.22166666666666668 0.805 0.023333333333333334 0.023333333333333334
0 0.13333333333333333 0.6633333333333333 0.023333333333333334 0.023333333333333334
0 0.19833333333333333 0.72 0.02666666666666667 0.02666666666666667
0 0.17833333333333334 0.5866666666666667 0.025 0.02666666666666667
0 0.13333333333333333 0.5533333333333333 0.023333333333333334 0.023333333333333334
0 0.22833333333333333 0.7233333333333334 0.02 0.016666666666666666
0 0.6483333333333333 0.38166666666666665 0.03 0.02666666666666667
0 0.9216666666666666 0.5333333333333333 0.02666666666666667 0.023333333333333334
0 0.6533333333333333 0.2733333333333333 0.02666666666666667 0.02
0 0.5983333333333334 0.285 0.025 0.028333333333333332
0 0.6216666666666667 0.265 0.02 0.023333333333333334
0 0.525 0.16 0.023333333333333334 0.023333333333333334
0 0.8316666666666667 0.12333333333333334 0.02 0.02
0 0.375 0.15166666666666667 0.03 0.02666666666666667
0 0.44666666666666666 0.155 0.02 0.02
0 0.4583333333333333 0.16166666666666665 0.02 0.02
0 0.7116666666666667 0.3233333333333333 0.023333333333333334 0.02
0 0.8666666666666667 0.4633333333333333 0.02 0.02
0 0.8883333333333333 0.19333333333333333 0.023333333333333334 0.023333333333333334
0 0.8016666666666666 0.45666666666666667 0.023333333333333334 0.02
0 0.06166666666666667 0.10166666666666667 0.02666666666666667 0.023333333333333334
0 0.8316666666666667 0.47 0.023333333333333334 0.023333333333333334
0 0.8933333333333333 0.54 0.023333333333333334 0.023333333333333334
0 0.4633333333333333 0.14333333333333334 0.023333333333333334 0.03
0 0.051666666666666666 0.155 0.023333333333333334 0.03
0 0.7483333333333333 0.39 0.021666666666666667 0.021666666666666667
0 0.8766666666666667 0.6066666666666667 0.023333333333333334 0.023333333333333334
0 0.021666666666666667 0.09666666666666666 0.02666666666666667 0.02666666666666667
0 0.7366666666666667 0.33666666666666667 0.023333333333333334 0.023333333333333334
0 0.9716666666666667 0.335 0.023333333333333334 0.023333333333333334
0 0.7416666666666667 0.4116666666666667 0.023333333333333334 0.023333333333333334
0 0.8316666666666667 0.10166666666666667 0.03 0.03
0 0.7916666666666666 0.09166666666666666 0.02 0.02
0 0.5233333333333333 0.18 0.02 0.02
0 0.9616666666666667 0.68 0.02 0.02666666666666667
0 0.8966666666666666 0.2916666666666667 0.02 0.023333333333333334
0 0.9216666666666666 0.2966666666666667 0.02 0.023333333333333334
0 0.9483333333333334 0.2866666666666667 0.016666666666666666 0.023333333333333334
0 0.4633333333333333 0.095 0.02 0.023333333333333334
0 0.9366666666666666 0.6966666666666667 0.02 0.023333333333333334