0 0.3616666666666667 0.285 0.03 0.02666666666666667
0 0.3433333333333333 0.26 0.03 0.02666666666666667
0 0.43833333333333335 0.35833333333333334 0.02666666666666667 0.02666666666666667
0 0.7816666666666666 0.215 0.023333333333333334 0.02666666666666667
0 0.36666666666666664 0.35833333333333334 0.02666666666666667 0.03
0 0.44166666666666665 0.33666666666666667 0.02666666666666667 0.02666666666666667
0 0.3283333333333333 0.18166666666666667 0.02666666666666667 0.02666666666666667
0 0.68 0.30666666666666664 0.02 0.023333333333333334
0 0.6016666666666667 0.355 0.03 0.02
0 0.3283333333333333 0.2916666666666667 0.03 0.02666666666666667
0 0.35333333333333333 0.015 0.023333333333333334 0.023333333333333334
0 0.8633333333333333 0.07666666666666666 0.023333333333333334 0.02666666666666667
0 0.4266666666666667 0.33 0.023333333333333334 0.023333333333333334
0 0.41333333333333333 0.3466666666666667 0.02666666666666667 0.02
0 0.56 0.20833333333333334 0.02 0.02
0 0.5666666666666667 0.22166666666666668 0.023333333333333334 0.02
0 0.5883333333333334 0.23333333333333334 0.02 0.02
0 0.25166666666666665 0.5533333333333333 0.023333333333333334 0.023333333333333334
0 0.38 0.12666666666666668 0.03166666666666667 0.03
0 0.4033333333333333 0.37 0.028333333333333332 0.02666666666666667