0 0.5616666666666666 0.07166666666666667 0.02666666666666667 0.02666666666666667
0 0.395 0.22333333333333333 0.02666666666666667 0.02666666666666667
0 0.4116666666666667 0.25833333333333336 0.02666666666666667 0.02666666666666667
0 0.20833333333333334 0.13666666666666666 0.02666666666666667 0.023333333333333334
0 0.47833333333333333 0.056666666666666664 0.023333333333333334 0.02666666666666667
0 0.48833333333333334 0.7516666666666667 0.02666666666666667 0.023333333333333334
0 0.4083333333333333 0.5583333333333333 0.03 0.03
0 0.19833333333333333 0.885 0.025 0.02666666666666667
0 0.22666666666666666 0.9533333333333334 0.02 0.02
0 0.13333333333333333 0.865 0.02666666666666667 0.02
0 0.9883333333333333 0.8883333333333333 0.02 0.02
0 0.5166666666666667 0.8033333333333333 0.02 0.023333333333333334
0 0.45 0.76 0.03333333333333333 0.03
0 0.25166666666666665 0.8466666666666667 0.03 0.02666666666666667
0 0.635 0.78 0.03166666666666667 0.03166666666666667
0 0.17333333333333334 0.49666666666666665 0.04 0.035
0 0.9883333333333333 0.8583333333333333 0.021666666666666667 0.028333333333333332
0 0.24 0.775 0.025 0.025