0 0.88 0.21833333333333332 0.02666666666666667 0.023333333333333334
0 0.9083333333333333 0.205 0.03 0.02666666666666667
0 0.9333333333333333 0.10166666666666667 0.02 0.02
0 0.9683333333333334 0.21833333333333332 0.02666666666666667 0.023333333333333334
0 0.5883333333333334 0.8483333333333334 0.023333333333333334 0.023333333333333334
0 0.5783333333333334 0.9766666666666667 0.02 0.023333333333333334
0 0.5966666666666667 0.9883333333333333 0.023333333333333334 0.023333333333333334
0 0.6233333333333333 0.9566666666666667 0.02666666666666667 0.023333333333333334
0 0.85 0.975 0.023333333333333334 0.023333333333333334
0 0.585 0.7483333333333333 0.025 0.02
0 0.5166666666666667 0.17666666666666667 0.02 0.023333333333333334
0 0.61 0.9 0.02 0.023333333333333334
0 0.5983333333333334 0.7633333333333333 0.023333333333333334 0.02
0 0.4766666666666667 0.2816666666666667 0.023333333333333334 0.02666666666666667
0 0.42333333333333334 0.105 0.02 0.021666666666666667
0 0.41333333333333333 0.15 0.016666666666666666 0.02
0 0.09833333333333333 0.07333333333333333 0.023333333333333334 0.021666666666666667
0 0.35333333333333333 0.19 0.02666666666666667 0.02666666666666667
0 0.43333333333333335 0.12333333333333334 0.018333333333333333 0.021666666666666667
0 0.38333333333333336 0.15 0.02 0.02666666666666667
0 0.07666666666666666 0.08666666666666667 0.025 0.02
0 0.41333333333333333 0.24833333333333332 0.02666666666666667 0.02666666666666667
0 0.3383333333333333 0.09666666666666666 0.02666666666666667 0.02666666666666667
0 0.14666666666666667 0.02666666666666667 0.023333333333333334 0.02
0 0.02666666666666667 0.15 0.03 0.021666666666666667
0 0.5066666666666667 0.265 0.02 0.023333333333333334
0 0.27166666666666667 0.8383333333333334 0.02666666666666667 0.02666666666666667
0 0.48833333333333334 0.23166666666666666 0.023333333333333334 0.03
0 0.6883333333333334 0.9066666666666666 0.025 0.02666666666666667