0 0.455 0.37666666666666665 0.023333333333333334 0.02
0 0.455 0.285 0.023333333333333334 0.03
0 0.39666666666666667 0.18833333333333332 0.02666666666666667 0.023333333333333334
0 0.4583333333333333 0.06666666666666667 0.03 0.02666666666666667
0 0.8283333333333334 0.46166666666666667 0.02 0.02
0 0.8166666666666667 0.44 0.023333333333333334 0.023333333333333334
0 0.84 0.43666666666666665 0.023333333333333334 0.02666666666666667
0 0.84 0.4066666666666667 0.023333333333333334 0.02
0 0.8766666666666667 0.43 0.023333333333333334 0.02
0 0.85 0.34 0.02666666666666667 0.023333333333333334
0 0.8466666666666667 0.2866666666666667 0.02 0.02
0 0.6116666666666667 0.3883333333333333 0.02 0.02
0 0.5716666666666667 0.38666666666666666 0.03 0.03
0 0.7533333333333333 0.38166666666666665 0.023333333333333334 0.02666666666666667
0 0.795 0.30666666666666664 0.023333333333333334 0.02666666666666667
0 0.9583333333333334 0.3883333333333333 0.02 0.02
0 0.9616666666666667 0.265 0.03 0.03
0 0.6016666666666667 0.2683333333333333 0.03 0.02666666666666667
0 0.625 0.28 0.016666666666666666 0.02
0 0.5916666666666667 0.25 0.02666666666666667 0.03
0 0.555 0.18333333333333332 0.02666666666666667 0.023333333333333334
0 0.4533333333333333 0.7866666666666666 0.03 0.023333333333333334
0 0.4683333333333333 0.8366666666666667 0.03 0.03333333333333333
0 0.16333333333333333 0.7933333333333333 0.02666666666666667 0.02666666666666667
0 0.39666666666666667 0.5366666666666666 0.02666666666666667 0.023333333333333334
0 0.3566666666666667 0.525 0.03 0.03
0 0.25 0.9766666666666667 0.023333333333333334 0.02
0 0.43833333333333335 0.9383333333333334 0.023333333333333334 0.03333333333333333
0 0.43333333333333335 0.9033333333333333 0.03 0.03
0 0.3983333333333333 0.7716666666666666 0.02666666666666667 0.03
0 0.475 0.545 0.03 0.03
0 0.7483333333333333 0.9616666666666667 0.035 0.028333333333333332
0 0.7066666666666667 0.9033333333333333 0.023333333333333334 0.02
0 0.6716666666666666 0.9166666666666666 0.02666666666666667 0.023333333333333334
0 0.7216666666666667 0.915 0.023333333333333334 0.02666666666666667
0 0.6033333333333334 0.7866666666666666 0.023333333333333334 0.02
0 0.5716666666666667 0.5733333333333334 0.023333333333333334 0.023333333333333334
0 0.6516666666666666 0.6116666666666667 0.03 0.02666666666666667
0 0.61 0.9066666666666666 0.03666666666666667 0.03
0 0.8083333333333333 0.925 0.035 0.02666666666666667
0 0.6383333333333333 0.9683333333333334 0.023333333333333334 0.02
0 0.81 0.6816666666666666 0.023333333333333334 0.02666666666666667
0 0.5716666666666667 0.7183333333333334 0.02666666666666667 0.03
0 0.5433333333333333 0.5533333333333333 0.03 0.03
0 0.5683333333333334 0.7983333333333333 0.03 0.023333333333333334
0 0.5566666666666666 0.9833333333333333 0.03 0.023333333333333334
0 0.605 0.7716666666666666 0.023333333333333334 0.02
0 0.59 0.8433333333333334 0.03 0.02
0 0.5966666666666667 0.5783333333333334 0.023333333333333334 0.02
0 0.8216666666666667 0.9866666666666667 0.02666666666666667 0.023333333333333334
0 0.44666666666666666 0.4 0.025 0.02666666666666667
0 0.42833333333333334 0.14666666666666667 0.02666666666666667 0.025
0 0.4216666666666667 0.04 0.03166666666666667 0.03
0 0.6866666666666666 0.42333333333333334 0.025 0.028333333333333332
0 0.52 0.7766666666666666 0.025 0.02666666666666667
0 0.5616666666666666 0.7783333333333333 0.025 0.021666666666666667
0 0.5 0.8066666666666666 0.025 0.021666666666666667
0 0.7916666666666666 0.47333333333333333 0.02666666666666667 0.025
0 0.78 0.5766666666666667 0.03166666666666667 0.03333333333333333
0 0.24166666666666667 0.95 0.021666666666666667 0.025
0 0.32 0.53 0.025 0.02666666666666667
0 0.22333333333333333 0.43833333333333335 0.028333333333333332 0.02666666666666667
0 0.5 0.5933333333333334 0.025 0.025
0 0.585 0.6033333333333334 0.018333333333333333 0.021666666666666667
0 0.4583333333333333 0.11833333333333333 0.028333333333333332 0.023333333333333334
0 0.455 0.6366666666666667 0.023333333333333334 0.03166666666666667
0 0.655 0.8366666666666667 0.023333333333333334 0.023333333333333334
0 0.16833333333333333 0.6083333333333333 0.016666666666666666 0.025
0 0.105 0.54 0.02 0.023333333333333334
0 0.17833333333333334 0.7366666666666667 0.023333333333333334 0.02
0 0.9033333333333333 0.34 0.02 0.028333333333333332
0 0.7366666666666667 0.4066666666666667 0.02 0.023333333333333334
0 0.49 0.785 0.023333333333333334 0.023333333333333334
0 0.115 0.5916666666666667 0.02666666666666667 0.021666666666666667