0 0.97 0.9516666666666667 0.03 0.023333333333333334
0 0.615 0.91 0.023333333333333334 0.023333333333333334
0 0.9583333333333334 0.6366666666666667 0.023333333333333334 0.023333333333333334
0 0.625 0.85 0.028333333333333332 0.025
0 0.8916666666666667 0.9533333333333334 0.02666666666666667 0.02666666666666667
0 0.5783333333333334 0.8716666666666667 0.02666666666666667 0.02666666666666667
0 0.6433333333333333 0.9116666666666666 0.02 0.02
0 0.94 0.9866666666666667 0.023333333333333334 0.02
0 0.9566666666666667 0.041666666666666664 0.023333333333333334 0.02
0 0.7483333333333333 0.03166666666666667 0.023333333333333334 0.023333333333333334
0 0.76 0.04833333333333333 0.016666666666666666 0.02