0 0.5766666666666667 0.6166666666666667 0.023333333333333334 0.03
0 0.56 0.5983333333333334 0.023333333333333334 0.02666666666666667
0 0.5183333333333333 0.5466666666666666 0.02666666666666667 0.03
0 0.61 0.11166666666666666 0.02666666666666667 0.03333333333333333
0 0.6666666666666666 0.028333333333333332 0.02666666666666667 0.03
0 0.8383333333333334 0.19166666666666668 0.03333333333333333 0.03
0 0.5183333333333333 0.4716666666666667 0.03 0.03
0 0.5816666666666667 0.03166666666666667 0.03 0.02666666666666667
0 0.4716666666666667 0.5266666666666666 0.04 0.03
0 0.7583333333333333 0.445 0.025 0.023333333333333334
0 0.7966666666666666 0.008333333333333333 0.023333333333333334 0.016666666666666666
0 0.6016666666666667 0.6233333333333333 0.016666666666666666 0.02666666666666667
0 0.5266666666666666 0.37 0.02666666666666667 0.02
0 0.535 0.5733333333333334 0.02 0.023333333333333334
0 0.6966666666666667 0.11833333333333333 0.023333333333333334 0.02666666666666667
0 0.8066666666666666 0.24833333333333332 0.03 0.03
0 0.6633333333333333 0.38333333333333336 0.02666666666666667 0.023333333333333334
0 0.8916666666666667 0.23166666666666666 0.02666666666666667 0.02666666666666667
0 0.7216666666666667 0.08833333333333333 0.03 0.03
0 0.8266666666666667 0.24166666666666667 0.03 0.02666666666666667
0 0.9233333333333333 0.24166666666666667 0.025 0.02666666666666667
0 0.20166666666666666 0.9083333333333333 0.028333333333333332 0.02666666666666667