0 0.5583333333333333 0.7216666666666667 0.03 0.02666666666666667
0 0.7266666666666667 0.6966666666666667 0.03 0.023333333333333334
0 0.675 0.9366666666666666 0.03333333333333333 0.03
0 0.645 0.635 0.03 0.023333333333333334
0 0.6516666666666666 0.5916666666666667 0.02666666666666667 0.02666666666666667
0 0.7116666666666667 0.5316666666666666 0.02666666666666667 0.023333333333333334
0 0.5433333333333333 0.55 0.023333333333333334 0.02666666666666667
0 0.5633333333333334 0.5416666666666666 0.02 0.023333333333333334
0 0.62 0.7283333333333334 0.03 0.023333333333333334
0 0.5333333333333333 0.6883333333333334 0.03 0.03
0 0.5883333333333334 0.59 0.02666666666666667 0.02666666666666667
0 0.63 0.6616666666666666 0.023333333333333334 0.023333333333333334
0 0.645 0.7566666666666667 0.02 0.02666666666666667
0 0.6266666666666667 0.865 0.023333333333333334 0.023333333333333334
0 0.8183333333333334 0.8633333333333333 0.023333333333333334 0.023333333333333334
0 0.8566666666666667 0.5216666666666666 0.02 0.023333333333333334
0 0.635 0.9666666666666667 0.023333333333333334 0.02
0 0.5133333333333333 0.5333333333333333 0.023333333333333334 0.02
0 0.58 0.7083333333333334 0.03 0.02666666666666667
0 0.4216666666666667 0.6683333333333333 0.023333333333333334 0.023333333333333334
0 0.8016666666666666 0.6683333333333333 0.03 0.02666666666666667
0 0.6883333333333334 0.6833333333333333 0.02666666666666667 0.02
0 0.7266666666666667 0.9716666666666667 0.03 0.02666666666666667
0 0.6966666666666667 0.8616666666666667 0.03 0.023333333333333334
0 0.8283333333333334 0.5433333333333333 0.023333333333333334 0.023333333333333334
0 0.505 0.735 0.023333333333333334 0.023333333333333334
0 0.43166666666666664 0.73 0.023333333333333334 0.023333333333333334
0 0.4716666666666667 0.6716666666666666 0.03 0.03
0 0.47833333333333333 0.8883333333333333 0.02666666666666667 0.02666666666666667
0 0.7716666666666666 0.895 0.023333333333333334 0.023333333333333334
0 0.065 0.8816666666666667 0.03 0.03
0 0.6716666666666666 0.7316666666666667 0.02666666666666667 0.02666666666666667
0 0.4766666666666667 0.9783333333333334 0.02666666666666667 0.02
0 0.5316666666666666 0.9716666666666667 0.023333333333333334 0.023333333333333334
0 0.525 0.945 0.023333333333333334 0.023333333333333334
0 0.5216666666666666 0.9016666666666666 0.02 0.02
0 0.6416666666666667 0.5416666666666666 0.023333333333333334 0.023333333333333334
0 0.6233333333333333 0.8066666666666666 0.023333333333333334 0.02
0 0.6416666666666667 0.7883333333333333 0.023333333333333334 0.02
0 0.6616666666666666 0.8033333333333333 0.023333333333333334 0.02
0 0.7233333333333334 0.7266666666666667 0.023333333333333334 0.02
0 0.5533333333333333 0.5266666666666666 0.023333333333333334 0.02
0 0.5783333333333334 0.5516666666666666 0.02 0.016666666666666666
0 0.6133333333333333 0.5883333333333334 0.023333333333333334 0.02666666666666667
0 0.6216666666666667 0.4666666666666667 0.02666666666666667 0.02
0 0.585 0.3883333333333333 0.023333333333333334 0.023333333333333334
0 0.6016666666666667 0.43833333333333335 0.023333333333333334 0.02
0 0.66 0.4483333333333333 0.02666666666666667 0.02
0 0.7283333333333334 0.4583333333333333 0.02 0.02666666666666667
0 0.8366666666666667 0.4583333333333333 0.023333333333333334 0.02
0 0.6733333333333333 0.13 0.023333333333333334 0.02
0 0.5883333333333334 0.30833333333333335 0.02666666666666667 0.023333333333333334
0 0.7116666666666667 0.435 0.02666666666666667 0.02666666666666667
0 0.6733333333333333 0.36666666666666664 0.02666666666666667 0.02666666666666667
0 0.675 0.41333333333333333 0.023333333333333334 0.023333333333333334
0 0.5883333333333334 0.37333333333333335 0.02666666666666667 0.02666666666666667
0 0.73 0.20333333333333334 0.02666666666666667 0.02666666666666667
0 0.7 0.12666666666666668 0.023333333333333334 0.02
0 0.5516666666666666 0.4266666666666667 0.023333333333333334 0.02666666666666667
0 0.5433333333333333 0.44333333333333336 0.023333333333333334 0.023333333333333334
0 0.66 0.18833333333333332 0.023333333333333334 0.02
0 0.6883333333333334 0.18333333333333332 0.023333333333333334 0.023333333333333334
0 0.6833333333333333 0.205 0.02666666666666667 0.023333333333333334
0 0.6066666666666667 0.3433333333333333 0.023333333333333334 0.02666666666666667
0 0.6483333333333333 0.33 0.02 0.02666666666666667
0 0.615 0.37333333333333335 0.023333333333333334 0.023333333333333334
0 0.5666666666666667 0.4583333333333333 0.023333333333333334 0.023333333333333334
0 0.8966666666666666 0.43833333333333335 0.02 0.023333333333333334
0 0.6416666666666667 0.49666666666666665 0.023333333333333334 0.023333333333333334
0 0.6716666666666666 0.495 0.023333333333333334 0.02
0 0.705 0.48833333333333334 0.023333333333333334 0.023333333333333334
0 0.46 0.43666666666666665 0.02 0.02
0 0.5066666666666667 0.25833333333333336 0.03 0.02666666666666667
0 0.8266666666666667 0.5066666666666667 0.02666666666666667 0.02666666666666667
0 0.31666666666666665 0.23166666666666666 0.023333333333333334 0.023333333333333334
0 0.5166666666666667 0.19166666666666668 0.023333333333333334 0.023333333333333334
0 0.11166666666666666 0.15333333333333332 0.023333333333333334 0.02
0 0.5133333333333333 0.3283333333333333 0.03 0.03
0 0.5016666666666667 0.08666666666666667 0.02666666666666667 0.02666666666666667
0 0.5133333333333333 0.08833333333333333 0.023333333333333334 0.02666666666666667
0 0.44166666666666665 0.25333333333333335 0.02666666666666667 0.02666666666666667
0 0.4816666666666667 0.31666666666666665 0.02 0.02
0 0.48333333333333334 0.2966666666666667 0.02666666666666667 0.023333333333333334
0 0.43833333333333335 0.3233333333333333 0.023333333333333334 0.02
0 0.47833333333333333 0.4483333333333333 0.023333333333333334 0.02
0 0.33666666666666667 0.058333333333333334 0.02 0.02666666666666667
0 0.3333333333333333 0.02666666666666667 0.02 0.023333333333333334
0 0.7666666666666667 0.5116666666666667 0.02 0.023333333333333334