0 0.475 0.47333333333333333 0.02666666666666667 0.023333333333333334
0 0.03166666666666667 0.35833333333333334 0.023333333333333334 0.023333333333333334
0 0.19666666666666666 0.9616666666666667 0.023333333333333334 0.02666666666666667
0 0.14166666666666666 0.95 0.02 0.02
0 0.15 0.8883333333333333 0.02666666666666667 0.023333333333333334
0 0.28 0.9766666666666667 0.02 0.023333333333333334
0 0.035 0.8783333333333333 0.023333333333333334 0.02
0 0.38166666666666665 0.8883333333333333 0.02 0.03
0 0.016666666666666666 0.6816666666666666 0.03 0.03
0 0.15333333333333332 0.8533333333333334 0.02666666666666667 0.023333333333333334
0 0.3416666666666667 0.68 0.02666666666666667 0.023333333333333334
0 0.4216666666666667 0.9866666666666667 0.023333333333333334 0.023333333333333334
0 0.37333333333333335 0.52 0.03 0.03
0 0.11333333333333333 0.7583333333333333 0.018333333333333333 0.02
0 0.215 0.945 0.023333333333333334 0.023333333333333334
0 0.18833333333333332 0.9383333333333334 0.023333333333333334 0.023333333333333334
0 0.27 0.5716666666666667 0.02 0.02666666666666667
0 0.75 0.7966666666666666 0.02666666666666667 0.03
0 0.9616666666666667 0.64 0.03 0.02666666666666667
0 0.9116666666666666 0.6483333333333333 0.02 0.02
0 0.6233333333333333 0.9466666666666667 0.03 0.023333333333333334
0 0.6283333333333333 0.8583333333333333 0.03 0.023333333333333334
0 0.7733333333333333 0.9716666666666667 0.02 0.023333333333333334
0 0.5833333333333334 0.81 0.02666666666666667 0.02666666666666667
0 0.7666666666666667 0.735 0.02 0.02
0 0.6716666666666666 0.535 0.023333333333333334 0.023333333333333334
0 0.9616666666666667 0.6166666666666667 0.02 0.02666666666666667
0 0.9183333333333333 0.9416666666666667 0.02666666666666667 0.02
0 0.6883333333333334 0.755 0.02666666666666667 0.02666666666666667
0 0.9783333333333334 0.5566666666666666 0.02666666666666667 0.023333333333333334
0 0.9833333333333333 0.74 0.023333333333333334 0.02
0 0.9583333333333334 0.5883333333333334 0.023333333333333334 0.023333333333333334
0 0.6766666666666666 0.5616666666666666 0.02 0.023333333333333334
0 0.7266666666666667 0.5666666666666667 0.023333333333333334 0.023333333333333334
0 0.81 0.6983333333333334 0.02 0.02
0 0.8266666666666667 0.7066666666666667 0.02 0.016666666666666666
0 0.8416666666666667 0.7066666666666667 0.013333333333333334 0.02
0 0.6766666666666666 0.7733333333333333 0.016666666666666666 0.016666666666666666
0 0.985 0.6216666666666667 0.02 0.023333333333333334
0 0.725 0.7283333333333334 0.02 0.02
0 0.5483333333333333 0.895 0.02666666666666667 0.02
0 0.43166666666666664 0.9383333333333334 0.02 0.023333333333333334