0 0.07833333333333334 0.2966666666666667 0.02 0.02
0 0.008333333333333333 0.43333333333333335 0.016666666666666666 0.02
0 0.13166666666666665 0.48333333333333334 0.02666666666666667 0.02666666666666667
0 0.025 0.34833333333333333 0.02 0.02
0 0.34 0.49833333333333335 0.02666666666666667 0.02
0 0.065 0.27666666666666667 0.02666666666666667 0.03
0 0.011666666666666667 0.32666666666666666 0.02 0.03
0 0.06166666666666667 0.3233333333333333 0.02 0.023333333333333334
0 0.14333333333333334 0.39166666666666666 0.02 0.02
0 0.02666666666666667 0.285 0.018333333333333333 0.018333333333333333
0 0.01 0.38666666666666666 0.02 0.023333333333333334
0 0.08333333333333333 0.35333333333333333 0.02 0.023333333333333334
0 0.03166666666666667 0.3333333333333333 0.02 0.023333333333333334
0 0.6233333333333333 0.9816666666666667 0.03 0.021666666666666667
0 0.9116666666666666 0.43833333333333335 0.025 0.023333333333333334
0 0.7883333333333333 0.2733333333333333 0.023333333333333334 0.02666666666666667
0 0.17666666666666667 0.655 0.03 0.02666666666666667
0 0.315 0.5716666666666667 0.023333333333333334 0.023333333333333334
0 0.27166666666666667 0.8116666666666666 0.02 0.02666666666666667
0 0.24333333333333335 0.81 0.023333333333333334 0.02666666666666667
0 0.3016666666666667 0.6666666666666666 0.02666666666666667 0.02
0 0.23833333333333334 0.6483333333333333 0.03 0.023333333333333334
0 0.15333333333333332 0.6283333333333333 0.02666666666666667 0.02
0 0.14166666666666666 0.5366666666666666 0.023333333333333334 0.02666666666666667
0 0.13166666666666665 0.6833333333333333 0.03 0.02666666666666667
0 0.20333333333333334 0.6733333333333333 0.023333333333333334 0.023333333333333334
0 0.04833333333333333 0.53 0.03 0.02666666666666667
0 0.35333333333333333 0.53 0.03 0.02666666666666667
0 0.07166666666666667 0.54 0.02 0.02
0 0.37333333333333335 0.5666666666666667 0.03 0.02666666666666667
0 0.17833333333333334 0.915 0.023333333333333334 0.023333333333333334
0 0.20333333333333334 0.92 0.023333333333333334 0.023333333333333334
0 0.09666666666666666 0.7283333333333334 0.023333333333333334 0.023333333333333334
0 0.06166666666666667 0.515 0.02 0.023333333333333334
0 0.23166666666666666 0.5383333333333333 0.02 0.02
0 0.38 0.5316666666666666 0.02666666666666667 0.02666666666666667
0 0.2633333333333333 0.6883333333333334 0.02666666666666667 0.02
0 0.40166666666666667 0.6433333333333333 0.023333333333333334 0.023333333333333334
0 0.4666666666666667 0.6516666666666666 0.023333333333333334 0.023333333333333334
0 0.16166666666666665 0.8066666666666666 0.023333333333333334 0.023333333333333334
0 0.12833333333333333 0.5583333333333333 0.02666666666666667 0.02
0 0.4683333333333333 0.7916666666666666 0.02666666666666667 0.023333333333333334
0 0.42 0.6666666666666666 0.016666666666666666 0.02
0 0.43333333333333335 0.6783333333333333 0.02666666666666667 0.02
0 0.03 0.57 0.023333333333333334 0.02
0 0.008333333333333333 0.5866666666666667 0.016666666666666666 0.02
0 0.01 0.5133333333333333 0.02 0.02
0 0.3566666666666667 0.6283333333333333 0.02666666666666667 0.02666666666666667
0 0.28 0.6266666666666667 0.03 0.023333333333333334
0 0.505 0.7866666666666666 0.025 0.023333333333333334
0 0.30833333333333335 0.9366666666666666 0.02 0.023333333333333334