0 0.21166666666666667 0.8116666666666666 0.023333333333333334 0.02
0 0.18333333333333332 0.8333333333333334 0.03 0.023333333333333334
0 0.18 0.6166666666666667 0.023333333333333334 0.023333333333333334
0 0.185 0.48 0.02666666666666667 0.02
0 0.47 0.16333333333333333 0.03 0.03
0 0.19333333333333333 0.6933333333333334 0.02666666666666667 0.02666666666666667
0 0.48 0.3283333333333333 0.02666666666666667 0.02666666666666667
0 0.35833333333333334 0.44166666666666665 0.03 0.03
0 0.265 0.435 0.03 0.03
0 0.44166666666666665 0.43166666666666664 0.023333333333333334 0.023333333333333334
0 0.5733333333333334 0.8183333333333334 0.023333333333333334 0.023333333333333334
0 0.5966666666666667 0.59 0.023333333333333334 0.023333333333333334
0 0.515 0.10833333333333334 0.025 0.02666666666666667