0 0.22333333333333333 0.8516666666666667 0.02666666666666667 0.03333333333333333
0 0.13833333333333334 0.9833333333333333 0.03 0.03
0 0.29333333333333333 0.9166666666666666 0.03166666666666667 0.025
0 0.5066666666666667 0.9366666666666666 0.03 0.02666666666666667
0 0.08 0.7383333333333333 0.02666666666666667 0.02666666666666667
0 0.19333333333333333 0.775 0.02666666666666667 0.02666666666666667
0 0.155 0.6833333333333333 0.02666666666666667 0.02666666666666667
0 0.7983333333333333 0.5983333333333334 0.03666666666666667 0.03
0 0.7683333333333333 0.6066666666666667 0.03 0.03
0 0.7383333333333333 0.86 0.03 0.023333333333333334
0 0.5783333333333334 0.9 0.03 0.02666666666666667
0 0.565 0.9583333333333334 0.02666666666666667 0.02666666666666667
0 0.7183333333333334 0.7633333333333333 0.03 0.03
0 0.8266666666666667 0.5 0.03 0.02
0 0.23 0.6533333333333333 0.02 0.023333333333333334
0 0.4716666666666667 0.9733333333333334 0.02666666666666667 0.02666666666666667
0 0.275 0.87 0.02666666666666667 0.023333333333333334