0 0.13666666666666666 0.021666666666666667 0.02666666666666667 0.023333333333333334
0 0.11166666666666666 0.03833333333333333 0.023333333333333334 0.023333333333333334
0 0.16833333333333333 0.043333333333333335 0.02666666666666667 0.023333333333333334
0 0.20166666666666666 0.02666666666666667 0.02666666666666667 0.02
0 0.19333333333333333 0.04666666666666667 0.03 0.023333333333333334
0 0.2966666666666667 0.03666666666666667 0.02 0.02
0 0.285 0.05333333333333334 0.02666666666666667 0.02666666666666667
0 0.24666666666666667 0.10666666666666667 0.02 0.02
0 0.15833333333333333 0.14666666666666667 0.023333333333333334 0.02666666666666667
0 0.14666666666666667 0.16833333333333333 0.02666666666666667 0.02666666666666667
0 0.21833333333333332 0.16833333333333333 0.023333333333333334 0.03
0 0.23333333333333334 0.18666666666666668 0.03 0.03
0 0.24333333333333335 0.13666666666666666 0.03666666666666667 0.02