0 0.14 0.865 0.03 0.02666666666666667
0 0.13833333333333334 0.84 0.03 0.02
0 0.16333333333333333 0.7966666666666666 0.03 0.023333333333333334
0 0.21833333333333332 0.7566666666666667 0.03166666666666667 0.025
0 0.225 0.7766666666666666 0.03 0.023333333333333334
0 0.08 0.645 0.02666666666666667 0.02666666666666667
0 0.19666666666666666 0.6633333333333333 0.03666666666666667 0.03
0 0.08833333333333333 0.905 0.03 0.02666666666666667
0 0.19833333333333333 0.855 0.03 0.03
0 0.07666666666666666 0.59 0.023333333333333334 0.03
0 0.03666666666666667 0.7733333333333333 0.023333333333333334 0.02
0 0.2683333333333333 0.7583333333333333 0.02666666666666667 0.023333333333333334
0 0.2816666666666667 0.7333333333333333 0.02 0.02
0 0.29 0.7466666666666667 0.023333333333333334 0.03
0 0.07166666666666667 0.8683333333333333 0.02666666666666667 0.028333333333333332
0 0.48333333333333334 0.8933333333333333 0.02666666666666667 0.02666666666666667
0 0.023333333333333334 0.9016666666666666 0.02666666666666667 0.02666666666666667
0 0.013333333333333334 0.5683333333333334 0.016666666666666666 0.02666666666666667
0 0.035 0.6016666666666667 0.02 0.03
0 0.105 0.5233333333333333 0.023333333333333334 0.023333333333333334
0 0.11666666666666667 0.55 0.023333333333333334 0.023333333333333334
0 0.22833333333333333 0.6916666666666667 0.02 0.02
0 0.7416666666666667 0.355 0.023333333333333334 0.02666666666666667
0 0.76 0.30333333333333334 0.023333333333333334 0.03
0 0.34 0.11333333333333333 0.02 0.023333333333333334
0 0.18833333333333332 0.08333333333333333 0.02666666666666667 0.023333333333333334
0 0.8033333333333333 0.4 0.02 0.02666666666666667
0 0.86 0.3283333333333333 0.02 0.02666666666666667
0 0.14333333333333334 0.11666666666666667 0.02666666666666667 0.023333333333333334
0 0.64 0.3516666666666667 0.023333333333333334 0.023333333333333334
0 0.87 0.4 0.016666666666666666 0.02
0 0.3883333333333333 0.4216666666666667 0.02666666666666667 0.023333333333333334
0 0.44166666666666665 0.05 0.023333333333333334 0.023333333333333334
0 0.18333333333333332 0.24833333333333332 0.023333333333333334 0.023333333333333334
0 0.8316666666666667 0.42833333333333334 0.02 0.02
0 0.815 0.36666666666666664 0.023333333333333334 0.02
0 0.025 0.11166666666666666 0.02666666666666667 0.02666666666666667
0 0.6 0.3383333333333333 0.028333333333333332 0.03333333333333333
0 0.005 0.6166666666666667 0.01 0.03
0 0.38333333333333336 0.11333333333333333 0.02666666666666667 0.025