0 0.18833333333333332 0.21666666666666667 0.03 0.02666666666666667
0 0.8183333333333334 0.26666666666666666 0.023333333333333334 0.02666666666666667
0 0.8283333333333334 0.22833333333333333 0.023333333333333334 0.02
0 0.45 0.4066666666666667 0.02 0.023333333333333334
0 0.3016666666666667 0.17333333333333334 0.02666666666666667 0.03
0 0.2833333333333333 0.20666666666666667 0.02666666666666667 0.02666666666666667
0 0.06666666666666667 0.15666666666666668 0.03 0.03
0 0.7966666666666666 0.265 0.023333333333333334 0.02666666666666667
0 0.3233333333333333 0.40166666666666667 0.02 0.023333333333333334
0 0.235 0.20166666666666666 0.023333333333333334 0.02666666666666667
0 0.3233333333333333 0.56 0.02 0.023333333333333334
0 0.3616666666666667 0.5533333333333333 0.02 0.02
0 0.38666666666666666 0.5433333333333333 0.02 0.03
0 0.35 0.5766666666666667 0.02666666666666667 0.023333333333333334
0 0.3333333333333333 0.5883333333333334 0.02 0.02
0 0.3383333333333333 0.7866666666666666 0.023333333333333334 0.023333333333333334
0 0.345 0.75 0.02 0.02666666666666667
0 0.46 0.53 0.02 0.02
0 0.4 0.7183333333333334 0.023333333333333334 0.023333333333333334
0 0.435 0.51 0.03 0.03666666666666667
0 0.7116666666666667 0.3233333333333333 0.03 0.03333333333333333
0 0.7083333333333334 0.37666666666666665 0.023333333333333334 0.02666666666666667
0 0.06333333333333334 0.11833333333333333 0.03 0.028333333333333332