0 0.06666666666666667 0.6766666666666666 0.023333333333333334 0.023333333333333334
0 0.13666666666666666 0.16166666666666665 0.02666666666666667 0.02666666666666667
0 0.32666666666666666 0.575 0.02666666666666667 0.023333333333333334
0 0.28833333333333333 0.03666666666666667 0.02666666666666667 0.02666666666666667
0 0.13666666666666666 0.17333333333333334 0.02666666666666667 0.02666666666666667
0 0.09166666666666666 0.16 0.03 0.03
0 0.04 0.7266666666666667 0.023333333333333334 0.023333333333333334
0 0.5033333333333333 0.6966666666666667 0.02666666666666667 0.03
0 0.8083333333333333 0.5583333333333333 0.02666666666666667 0.02666666666666667
0 0.7483333333333333 0.12666666666666668 0.03 0.03
0 0.785 0.465 0.02666666666666667 0.028333333333333332