0 0.22 0.8366666666666667 0.028333333333333332 0.025
0 0.22833333333333333 0.7933333333333333 0.025 0.023333333333333334
0 0.20166666666666666 0.7833333333333333 0.02666666666666667 0.023333333333333334
0 0.23833333333333334 0.7283333333333334 0.02 0.023333333333333334
0 0.33166666666666667 0.6983333333333334 0.02 0.023333333333333334
0 0.41833333333333333 0.715 0.02666666666666667 0.02
0 0.10166666666666667 0.75 0.02 0.02
0 0.15333333333333332 0.7633333333333333 0.023333333333333334 0.023333333333333334
0 0.20333333333333334 0.6983333333333334 0.016666666666666666 0.02
0 0.15333333333333332 0.6783333333333333 0.02 0.02
0 0.1 0.6583333333333333 0.02 0.02
0 0.30333333333333334 0.6033333333333334 0.02 0.02
0 0.31833333333333336 0.5866666666666667 0.02 0.023333333333333334
0 0.3016666666666667 0.645 0.02 0.02666666666666667
0 0.49666666666666665 0.5833333333333334 0.023333333333333334 0.023333333333333334
0 0.365 0.7216666666666667 0.02 0.02666666666666667
0 0.06333333333333334 0.68 0.023333333333333334 0.023333333333333334
0 0.5183333333333333 0.6033333333333334 0.02666666666666667 0.02666666666666667
0 0.02 0.2783333333333333 0.02666666666666667 0.02666666666666667
0 0.16333333333333333 0.93 0.023333333333333334 0.023333333333333334
0 0.185 0.7366666666666667 0.02666666666666667 0.03
0 0.07333333333333333 0.36 0.023333333333333334 0.025