0 0.5733333333333334 0.6216666666666667 0.02 0.023333333333333334
0 0.32666666666666666 0.8466666666666667 0.023333333333333334 0.023333333333333334
0 0.3883333333333333 0.8216666666666667 0.023333333333333334 0.02
0 0.10833333333333334 0.8433333333333334 0.023333333333333334 0.023333333333333334
0 0.33666666666666667 0.8883333333333333 0.03 0.02666666666666667
0 0.31833333333333336 0.7133333333333334 0.02666666666666667 0.02666666666666667
0 0.24333333333333335 0.5466666666666666 0.02666666666666667 0.02666666666666667
0 0.11166666666666666 0.021666666666666667 0.03 0.023333333333333334
0 0.105 0.043333333333333335 0.03 0.02666666666666667
0 0.08833333333333333 0.008333333333333333 0.02666666666666667 0.016666666666666666
0 0.22166666666666668 0.535 0.021666666666666667 0.02666666666666667