0 0.635 0.03666666666666667 0.03 0.03
0 0.5633333333333334 0.18166666666666667 0.02666666666666667 0.03
0 0.71 0.6083333333333333 0.03 0.03
0 0.77 0.5683333333333334 0.03 0.03
0 0.8416666666666667 0.705 0.02666666666666667 0.03
0 0.5816666666666667 0.7183333333333334 0.03 0.03333333333333333
0 0.5783333333333334 0.8116666666666666 0.023333333333333334 0.03
0 0.9816666666666667 0.6466666666666666 0.03333333333333333 0.03
0 0.8766666666666667 0.6733333333333333 0.023333333333333334 0.03
0 0.78 0.7166666666666667 0.023333333333333334 0.025
0 0.855 0.6233333333333333 0.023333333333333334 0.023333333333333334
0 0.5866666666666667 0.865 0.03 0.02666666666666667
0 0.8833333333333333 0.6383333333333333 0.03 0.03
0 0.6833333333333333 0.7516666666666667 0.023333333333333334 0.023333333333333334
0 0.96 0.63 0.03 0.03
0 0.6916666666666667 0.685 0.023333333333333334 0.023333333333333334
0 0.6483333333333333 0.7716666666666666 0.02666666666666667 0.023333333333333334
0 0.6066666666666667 0.09833333333333333 0.03 0.02666666666666667
0 0.6033333333333334 0.38 0.03 0.02666666666666667
0 0.07833333333333334 0.6833333333333333 0.03166666666666667 0.028333333333333332
0 0.1 0.6666666666666666 0.03 0.03
0 0.12333333333333334 0.69 0.02666666666666667 0.02666666666666667
0 0.13833333333333334 0.6766666666666666 0.03 0.02666666666666667
0 0.14 0.695 0.03 0.03
0 0.12833333333333333 0.705 0.03 0.03
0 0.03166666666666667 0.615 0.03333333333333333 0.02666666666666667
0 0.051666666666666666 0.5583333333333333 0.02666666666666667 0.023333333333333334
0 0.11666666666666667 0.6233333333333333 0.02666666666666667 0.023333333333333334
0 0.115 0.6 0.03 0.02666666666666667
0 0.14166666666666666 0.5966666666666667 0.02666666666666667 0.02
0 0.17333333333333334 0.6233333333333333 0.02666666666666667 0.023333333333333334
0 0.15666666666666668 0.5366666666666666 0.02666666666666667 0.02666666666666667
0 0.03 0.7683333333333333 0.03 0.02666666666666667
0 0.08666666666666667 0.7216666666666667 0.03 0.04
0 0.33 0.7266666666666667 0.043333333333333335 0.028333333333333332
0 0.475 0.6216666666666667 0.03333333333333333 0.03
0 0.43333333333333335 0.86 0.028333333333333332 0.03
0 0.5066666666666667 0.8233333333333334 0.023333333333333334 0.023333333333333334
0 0.4483333333333333 0.9016666666666666 0.02666666666666667 0.02666666666666667
0 0.4666666666666667 0.9016666666666666 0.023333333333333334 0.03
0 0.18666666666666668 0.7233333333333334 0.03 0.02666666666666667
0 0.4083333333333333 0.64 0.03166666666666667 0.03166666666666667
0 0.24333333333333335 0.6133333333333333 0.023333333333333334 0.023333333333333334
0 0.13166666666666665 0.7866666666666666 0.023333333333333334 0.02
0 0.3983333333333333 0.21666666666666667 0.03 0.03
0 0.32 0.38666666666666666 0.02666666666666667 0.03
0 0.095 0.52 0.02666666666666667 0.02666666666666667
0 0.43666666666666665 0.37166666666666665 0.03 0.03
0 0.12833333333333333 0.505 0.03 0.03
0 0.39 0.36 0.03 0.03
0 0.5 0.15833333333333333 0.03166666666666667 0.03166666666666667
0 0.5233333333333333 0.8383333333333334 0.025 0.028333333333333332
0 0.5166666666666667 0.8616666666666667 0.035 0.025
0 0.62 0.76 0.025 0.021666666666666667
0 0.5616666666666666 0.03 0.02666666666666667 0.025