0 0.15333333333333332 0.745 0.03666666666666667 0.03333333333333333
0 0.15833333333333333 0.8 0.023333333333333334 0.023333333333333334
0 0.12333333333333334 0.8666666666666667 0.03 0.02666666666666667
0 0.6583333333333333 0.6583333333333333 0.03 0.023333333333333334
0 0.6516666666666666 0.6183333333333333 0.02666666666666667 0.02
0 0.75 0.5916666666666667 0.02666666666666667 0.023333333333333334
0 0.9383333333333334 0.5566666666666666 0.03 0.02666666666666667
0 0.37333333333333335 0.82 0.02666666666666667 0.02666666666666667
0 0.4066666666666667 0.81 0.03 0.03
0 0.42 0.8566666666666667 0.03 0.023333333333333334
0 0.07833333333333334 0.44666666666666666 0.023333333333333334 0.02
0 0.095 0.44666666666666666 0.023333333333333334 0.023333333333333334
0 0.12 0.4683333333333333 0.023333333333333334 0.03
0 0.6416666666666667 0.24833333333333332 0.03 0.03
0 0.505 0.10833333333333334 0.02666666666666667 0.03333333333333333
0 0.455 0.13 0.03 0.02666666666666667
0 0.4483333333333333 0.15166666666666667 0.023333333333333334 0.023333333333333334
0 0.4583333333333333 0.165 0.023333333333333334 0.023333333333333334
0 0.7933333333333333 0.23666666666666666 0.023333333333333334 0.02666666666666667
0 0.525 0.39 0.03 0.035
0 0.12 0.3983333333333333 0.023333333333333334 0.023333333333333334
0 0.2866666666666667 0.325 0.03333333333333333 0.03333333333333333
0 0.48 0.245 0.028333333333333332 0.03
0 0.5816666666666667 0.225 0.03666666666666667 0.03166666666666667
0 0.7916666666666666 0.565 0.028333333333333332 0.03333333333333333
0 0.041666666666666664 0.46166666666666667 0.025 0.025
0 0.8583333333333333 0.6866666666666666 0.021666666666666667 0.02666666666666667
0 0.89 0.6533333333333333 0.021666666666666667 0.028333333333333332