0 0.3233333333333333 0.4866666666666667 0.023333333333333334 0.02
0 0.3983333333333333 0.028333333333333332 0.03 0.02666666666666667
0 0.3433333333333333 0.03 0.02666666666666667 0.02666666666666667
0 0.3416666666666667 0.5466666666666666 0.03 0.02
0 0.37833333333333335 0.655 0.025 0.025
0 0.4033333333333333 0.6066666666666667 0.02666666666666667 0.02
0 0.30833333333333335 0.5766666666666667 0.02666666666666667 0.02
0 0.31333333333333335 0.5966666666666667 0.02 0.02
0 0.37333333333333335 0.84 0.03 0.02666666666666667
0 0.35333333333333333 0.755 0.021666666666666667 0.023333333333333334
0 0.38 0.8116666666666666 0.03 0.03
0 0.4 0.7433333333333333 0.025 0.025
0 0.38 0.6066666666666667 0.02666666666666667 0.03
0 0.55 0.22833333333333333 0.02666666666666667 0.02666666666666667
0 0.8083333333333333 0.7966666666666666 0.023333333333333334 0.02
0 0.7 0.8433333333333334 0.02666666666666667 0.023333333333333334
0 0.6316666666666667 0.8616666666666667 0.023333333333333334 0.023333333333333334
0 0.65 0.8783333333333333 0.023333333333333334 0.02
0 0.5766666666666667 0.84 0.02666666666666667 0.02
0 0.6516666666666666 0.665 0.023333333333333334 0.02
0 0.755 0.78 0.023333333333333334 0.02
0 0.8733333333333333 0.975 0.02666666666666667 0.023333333333333334
0 0.8566666666666667 0.6433333333333333 0.02 0.02
0 0.9066666666666666 0.6433333333333333 0.023333333333333334 0.023333333333333334
0 0.9433333333333334 0.6683333333333333 0.023333333333333334 0.02
0 0.9216666666666666 0.7233333333333334 0.023333333333333334 0.02
0 0.7466666666666667 0.8166666666666667 0.023333333333333334 0.023333333333333334
0 0.63 0.9166666666666666 0.023333333333333334 0.023333333333333334
0 0.6116666666666667 0.605 0.02666666666666667 0.02666666666666667
0 0.7216666666666667 0.865 0.02666666666666667 0.02666666666666667
0 0.7233333333333334 0.8116666666666666 0.023333333333333334 0.023333333333333334
0 0.9666666666666667 0.8916666666666667 0.023333333333333334 0.023333333333333334
0 0.5666666666666667 0.8783333333333333 0.023333333333333334 0.023333333333333334
0 0.6533333333333333 0.9633333333333334 0.03 0.03
0 0.9716666666666667 0.5116666666666667 0.02666666666666667 0.02666666666666667
0 0.755 0.7566666666666667 0.02666666666666667 0.02666666666666667
0 0.665 0.7516666666666667 0.02 0.018333333333333333
0 0.7333333333333333 0.5933333333333334 0.023333333333333334 0.023333333333333334
0 0.6933333333333334 0.7983333333333333 0.023333333333333334 0.023333333333333334
0 0.8616666666666667 0.82 0.02666666666666667 0.02666666666666667
0 0.9083333333333333 0.6866666666666666 0.023333333333333334 0.023333333333333334
0 0.665 0.9266666666666666 0.02666666666666667 0.02666666666666667
0 0.8866666666666667 0.8583333333333333 0.023333333333333334 0.023333333333333334
0 0.9133333333333333 0.8583333333333333 0.023333333333333334 0.023333333333333334
0 0.8866666666666667 0.6933333333333334 0.02666666666666667 0.023333333333333334
0 0.845 0.6666666666666666 0.04 0.02666666666666667
0 0.835 0.705 0.02666666666666667 0.02666666666666667
0 0.8366666666666667 0.6866666666666666 0.023333333333333334 0.023333333333333334
0 0.98 0.78 0.02 0.02
0 0.6583333333333333 0.5833333333333334 0.02666666666666667 0.03333333333333333
0 0.9016666666666666 0.9333333333333333 0.02666666666666667 0.03333333333333333
0 0.8966666666666666 0.9833333333333333 0.023333333333333334 0.02
0 0.5483333333333333 0.5033333333333333 0.021666666666666667 0.023333333333333334
0 0.6816666666666666 0.5733333333333334 0.02 0.03166666666666667
0 0.3983333333333333 0.315 0.025 0.03166666666666667
0 0.58 0.5633333333333334 0.023333333333333334 0.023333333333333334
0 0.39166666666666666 0.5233333333333333 0.021666666666666667 0.023333333333333334