0 0.9 0.4216666666666667 0.03 0.023333333333333334
0 0.86 0.35333333333333333 0.02666666666666667 0.03
0 0.7633333333333333 0.5766666666666667 0.02 0.02
0 0.9083333333333333 0.85 0.02 0.023333333333333334
0 0.8433333333333334 0.5133333333333333 0.023333333333333334 0.02
0 0.5766666666666667 0.7516666666666667 0.02666666666666667 0.02
0 0.75 0.5366666666666666 0.02 0.02
0 0.7966666666666666 0.86 0.02666666666666667 0.02666666666666667
0 0.7933333333333333 0.33 0.02666666666666667 0.02
0 0.845 0.9116666666666666 0.03 0.02666666666666667
0 0.7316666666666667 0.625 0.023333333333333334 0.02
0 0.9633333333333334 0.8516666666666667 0.023333333333333334 0.023333333333333334
0 0.5433333333333333 0.705 0.023333333333333334 0.023333333333333334
0 0.7233333333333334 0.05333333333333334 0.03 0.03
0 0.8616666666666667 0.31333333333333335 0.023333333333333334 0.02666666666666667
0 0.9233333333333333 0.38 0.023333333333333334 0.02666666666666667
0 0.7333333333333333 0.5616666666666666 0.02 0.02
0 0.885 0.44666666666666666 0.02666666666666667 0.02666666666666667
0 0.9033333333333333 0.47 0.023333333333333334 0.03333333333333333
0 0.8166666666666667 0.495 0.023333333333333334 0.023333333333333334
0 0.5516666666666666 0.7166666666666667 0.02 0.02
0 0.59 0.73 0.02 0.023333333333333334
0 0.5716666666666667 0.7066666666666667 0.02 0.023333333333333334
0 0.785 0.5766666666666667 0.02 0.023333333333333334
0 0.7766666666666666 0.8633333333333333 0.023333333333333334 0.02666666666666667
0 0.93 0.8516666666666667 0.02 0.023333333333333334
0 0.9583333333333334 0.8283333333333334 0.023333333333333334 0.023333333333333334
0 0.23166666666666666 0.14666666666666667 0.03 0.03
0 0.45666666666666667 0.7883333333333333 0.023333333333333334 0.023333333333333334
0 0.07333333333333333 0.19166666666666668 0.02666666666666667 0.02666666666666667
0 0.29 0.9733333333333334 0.023333333333333334 0.02
0 0.24166666666666667 0.9366666666666666 0.023333333333333334 0.023333333333333334
0 0.13333333333333333 0.051666666666666666 0.023333333333333334 0.023333333333333334
0 0.49333333333333335 0.8816666666666667 0.03 0.03
0 0.30833333333333335 0.9866666666666667 0.02666666666666667 0.023333333333333334
0 0.15333333333333332 0.05333333333333334 0.02 0.023333333333333334
0 0.14833333333333334 0.9883333333333333 0.023333333333333334 0.02
0 0.4033333333333333 0.9766666666666667 0.03 0.02
0 0.32166666666666666 0.9633333333333334 0.02 0.02
0 0.10333333333333333 0.8833333333333333 0.02 0.02
0 0.16 0.8866666666666667 0.023333333333333334 0.023333333333333334
0 0.41833333333333333 0.9516666666666667 0.023333333333333334 0.023333333333333334
0 0.21833333333333332 0.11166666666666666 0.02666666666666667 0.02666666666666667
0 0.18333333333333332 0.9866666666666667 0.02 0.02
0 0.14333333333333334 0.11 0.023333333333333334 0.023333333333333334
0 0.058333333333333334 0.925 0.016666666666666666 0.02
0 0.07 0.9133333333333333 0.016666666666666666 0.016666666666666666
0 0.5133333333333333 0.64 0.028333333333333332 0.02666666666666667
0 0.38 0.9616666666666667 0.016666666666666666 0.023333333333333334
0 0.39 0.9433333333333334 0.023333333333333334 0.02
0 0.35333333333333333 0.9366666666666666 0.016666666666666666 0.02666666666666667
0 0.2633333333333333 0.10166666666666667 0.02666666666666667 0.02666666666666667
0 0.115 0.175 0.02 0.023333333333333334
0 0.145 0.02 0.02666666666666667 0.03
0 0.055 0.018333333333333333 0.02 0.02666666666666667
0 0.018333333333333333 0.19666666666666666 0.02666666666666667 0.023333333333333334
0 0.028333333333333332 0.5916666666666667 0.02666666666666667 0.023333333333333334
0 0.01 0.14666666666666667 0.016666666666666666 0.023333333333333334
0 0.76 0.9266666666666666 0.028333333333333332 0.03166666666666667
0 0.03333333333333333 0.065 0.023333333333333334 0.023333333333333334