0 0.03166666666666667 0.8783333333333333 0.03 0.023333333333333334
0 0.165 0.8766666666666667 0.03 0.02666666666666667
0 0.14 0.9283333333333333 0.025 0.023333333333333334
0 0.19833333333333333 0.8533333333333334 0.02666666666666667 0.03
0 0.10833333333333334 0.615 0.03 0.02666666666666667
0 0.19166666666666668 0.8183333333333334 0.02666666666666667 0.023333333333333334
0 0.225 0.9116666666666666 0.03333333333333333 0.03
0 0.19 0.9333333333333333 0.023333333333333334 0.023333333333333334
0 0.041666666666666664 0.7616666666666667 0.02666666666666667 0.02
0 0.06166666666666667 0.7666666666666667 0.023333333333333334 0.023333333333333334
0 0.16833333333333333 0.6483333333333333 0.03 0.03333333333333333
0 0.19833333333333333 0.6583333333333333 0.023333333333333334 0.02666666666666667
0 0.26666666666666666 0.9516666666666667 0.02666666666666667 0.02
0 0.13333333333333333 0.3416666666666667 0.023333333333333334 0.03
0 0.37166666666666665 0.37 0.02666666666666667 0.02666666666666667
0 0.02666666666666667 0.985 0.03 0.03
0 0.008333333333333333 0.9316666666666666 0.016666666666666666 0.02
0 0.20833333333333334 0.9416666666666667 0.023333333333333334 0.03
0 0.23666666666666666 0.9683333333333334 0.02666666666666667 0.02
0 0.22833333333333333 0.89 0.02666666666666667 0.02
0 0.13166666666666665 0.8416666666666667 0.02666666666666667 0.02666666666666667
0 0.185 0.76 0.02666666666666667 0.02666666666666667
0 0.26166666666666666 0.8916666666666667 0.023333333333333334 0.023333333333333334
0 0.4533333333333333 0.7083333333333334 0.02666666666666667 0.023333333333333334
0 0.23166666666666666 0.9416666666666667 0.02666666666666667 0.02666666666666667
0 0.41333333333333333 0.675 0.02666666666666667 0.023333333333333334
0 0.19166666666666668 0.97 0.023333333333333334 0.023333333333333334
0 0.043333333333333335 0.63 0.023333333333333334 0.023333333333333334
0 0.555 0.315 0.028333333333333332 0.025
0 0.4116666666666667 0.885 0.025 0.02666666666666667