0 0.2916666666666667 0.2966666666666667 0.023333333333333334 0.02
0 0.185 0.3416666666666667 0.02666666666666667 0.023333333333333334
0 0.11833333333333333 0.36333333333333334 0.023333333333333334 0.023333333333333334
0 0.48333333333333334 0.44 0.023333333333333334 0.02
0 0.13666666666666666 0.38166666666666665 0.023333333333333334 0.02
0 0.058333333333333334 0.3416666666666667 0.02666666666666667 0.02
0 0.13666666666666666 0.16333333333333333 0.023333333333333334 0.02
0 0.24 0.2783333333333333 0.023333333333333334 0.02
0 0.36 0.4716666666666667 0.021666666666666667 0.03
0 0.3416666666666667 0.14333333333333334 0.02 0.02
0 0.39 0.14333333333333334 0.023333333333333334 0.023333333333333334
0 0.42833333333333334 0.16666666666666666 0.023333333333333334 0.02
0 0.4066666666666667 0.22333333333333333 0.023333333333333334 0.02
0 0.23 0.31666666666666665 0.023333333333333334 0.023333333333333334
0 0.115 0.4166666666666667 0.023333333333333334 0.023333333333333334
0 0.09666666666666666 0.105 0.02666666666666667 0.02666666666666667
0 0.20666666666666667 0.365 0.02666666666666667 0.02666666666666667
0 0.20833333333333334 0.31 0.023333333333333334 0.023333333333333334
0 0.45166666666666666 0.39166666666666666 0.023333333333333334 0.023333333333333334
0 0.45666666666666667 0.011666666666666667 0.02666666666666667 0.023333333333333334
0 0.24 0.25666666666666665 0.02666666666666667 0.02666666666666667
0 0.15166666666666667 0.25 0.023333333333333334 0.023333333333333334
0 0.21833333333333332 0.09333333333333334 0.023333333333333334 0.023333333333333334
0 0.17833333333333334 0.29833333333333334 0.023333333333333334 0.023333333333333334
0 0.3466666666666667 0.32 0.02666666666666667 0.02666666666666667
0 0.3933333333333333 0.18666666666666668 0.023333333333333334 0.023333333333333334
0 0.37166666666666665 0.3566666666666667 0.023333333333333334 0.02666666666666667
0 0.3983333333333333 0.35833333333333334 0.02666666666666667 0.023333333333333334
0 0.37166666666666665 0.19333333333333333 0.02666666666666667 0.023333333333333334
0 0.325 0.165 0.023333333333333334 0.025
0 0.32 0.205 0.02666666666666667 0.02666666666666667
0 0.32166666666666666 0.18666666666666668 0.02666666666666667 0.023333333333333334
0 0.4816666666666667 0.2633333333333333 0.02666666666666667 0.02666666666666667
0 0.14333333333333334 0.08166666666666667 0.02666666666666667 0.03666666666666667
0 0.3933333333333333 0.43833333333333335 0.02666666666666667 0.025
0 0.825 0.065 0.03 0.02666666666666667
0 0.6616666666666666 0.31 0.03 0.02
0 0.57 0.26666666666666666 0.023333333333333334 0.023333333333333334
0 0.5283333333333333 0.31166666666666665 0.02666666666666667 0.02
0 0.575 0.455 0.02 0.023333333333333334
0 0.7633333333333333 0.4583333333333333 0.02 0.02
0 0.8383333333333334 0.405 0.02 0.02
0 0.835 0.31833333333333336 0.02666666666666667 0.02
0 0.9533333333333334 0.38166666666666665 0.023333333333333334 0.02
0 0.9333333333333333 0.22333333333333333 0.02666666666666667 0.023333333333333334
0 0.9316666666666666 0.06 0.023333333333333334 0.02
0 0.7316666666666667 0.30833333333333335 0.02666666666666667 0.02
0 0.9483333333333334 0.03333333333333333 0.03 0.02666666666666667
0 0.7316666666666667 0.095 0.03 0.03
0 0.6233333333333333 0.30333333333333334 0.02666666666666667 0.02666666666666667
0 0.8133333333333334 0.45666666666666667 0.025 0.021666666666666667
0 0.9716666666666667 0.3433333333333333 0.02666666666666667 0.02666666666666667
0 0.7116666666666667 0.07833333333333334 0.03 0.03
0 0.7666666666666667 0.03333333333333333 0.02666666666666667 0.02666666666666667
0 0.8616666666666667 0.2733333333333333 0.023333333333333334 0.023333333333333334
0 0.7383333333333333 0.44 0.02666666666666667 0.023333333333333334
0 0.78 0.09666666666666666 0.03333333333333333 0.03333333333333333
0 0.7466666666666667 0.21 0.02666666666666667 0.02666666666666667
0 0.7666666666666667 0.22833333333333333 0.023333333333333334 0.03333333333333333
0 0.5283333333333333 0.5466666666666666 0.02666666666666667 0.02666666666666667
0 0.6216666666666667 0.5466666666666666 0.02666666666666667 0.02
0 0.5333333333333333 0.605 0.02666666666666667 0.02666666666666667
0 0.5733333333333334 0.63 0.02666666666666667 0.02
0 0.7933333333333333 0.8483333333333334 0.03 0.023333333333333334
0 0.8033333333333333 0.8733333333333333 0.023333333333333334 0.02
0 0.6783333333333333 0.985 0.03 0.02666666666666667
0 0.9766666666666667 0.9633333333333334 0.03 0.02666666666666667
0 0.9083333333333333 0.6483333333333333 0.02666666666666667 0.02666666666666667
0 0.6433333333333333 0.6066666666666667 0.02666666666666667 0.023333333333333334
0 0.735 0.7716666666666666 0.04 0.02666666666666667
0 0.5833333333333334 0.6133333333333333 0.02666666666666667 0.03
0 0.8766666666666667 0.9233333333333333 0.03666666666666667 0.03
0 0.7183333333333334 0.8316666666666667 0.02666666666666667 0.023333333333333334
0 0.45 0.5716666666666667 0.02 0.02
0 0.205 0.5183333333333333 0.018333333333333333 0.023333333333333334
0 0.37833333333333335 0.6683333333333333 0.03 0.023333333333333334
0 0.38333333333333336 0.48333333333333334 0.025 0.02666666666666667
0 0.5066666666666667 0.5766666666666667 0.02 0.02
0 0.24666666666666667 0.8433333333333334 0.03 0.023333333333333334
0 0.44166666666666665 0.6266666666666667 0.02666666666666667 0.03
0 0.205 0.49833333333333335 0.023333333333333334 0.02
0 0.16333333333333333 0.495 0.023333333333333334 0.02
0 0.26666666666666666 0.5416666666666666 0.02 0.023333333333333334
0 0.37666666666666665 0.8683333333333333 0.03666666666666667 0.03666666666666667
0 0.315 0.7666666666666667 0.02666666666666667 0.02666666666666667
0 0.3333333333333333 0.7916666666666666 0.02666666666666667 0.02666666666666667
0 0.37 0.6366666666666667 0.02666666666666667 0.02666666666666667
0 0.3333333333333333 0.63 0.02666666666666667 0.02666666666666667
0 0.3383333333333333 0.65 0.02666666666666667 0.02666666666666667
0 0.4766666666666667 0.5116666666666667 0.023333333333333334 0.023333333333333334
0 0.44166666666666665 0.5316666666666666 0.02666666666666667 0.02666666666666667
0 0.4866666666666667 0.635 0.023333333333333334 0.023333333333333334
0 0.43166666666666664 0.49833333333333335 0.023333333333333334 0.023333333333333334
0 0.37666666666666665 0.7 0.02666666666666667 0.023333333333333334
0 0.295 0.5166666666666667 0.03333333333333333 0.02666666666666667
0 0.31833333333333336 0.5016666666666667 0.02666666666666667 0.03666666666666667
0 0.36833333333333335 0.4216666666666667 0.025 0.02666666666666667
0 0.52 0.45166666666666666 0.02666666666666667 0.023333333333333334
0 0.48 0.695 0.028333333333333332 0.03333333333333333
0 0.6216666666666667 0.52 0.023333333333333334 0.02
0 0.145 0.4033333333333333 0.021666666666666667 0.021666666666666667
0 0.14333333333333334 0.4666666666666667 0.025 0.025