0 0.37333333333333335 0.26166666666666666 0.02 0.023333333333333334
0 0.3616666666666667 0.2866666666666667 0.023333333333333334 0.023333333333333334
0 0.2833333333333333 0.3416666666666667 0.03 0.03
0 0.31666666666666665 0.31 0.02666666666666667 0.02666666666666667
0 0.20166666666666666 0.40166666666666667 0.02666666666666667 0.02
0 0.30666666666666664 0.17833333333333334 0.02666666666666667 0.02666666666666667
0 0.325 0.22833333333333333 0.02666666666666667 0.025
0 0.32666666666666666 0.18333333333333332 0.02666666666666667 0.02666666666666667
0 0.27166666666666667 0.16666666666666666 0.023333333333333334 0.023333333333333334
0 0.25166666666666665 0.16833333333333333 0.023333333333333334 0.023333333333333334
0 0.43166666666666664 0.30666666666666664 0.03 0.02666666666666667
0 0.6616666666666666 0.3383333333333333 0.023333333333333334 0.023333333333333334
0 0.35833333333333334 0.19666666666666666 0.023333333333333334 0.023333333333333334
0 0.4216666666666667 0.37666666666666665 0.03 0.02
0 0.315 0.27666666666666667 0.03 0.03
0 0.6533333333333333 0.24 0.023333333333333334 0.02
0 0.35 0.36 0.02666666666666667 0.023333333333333334
0 0.37833333333333335 0.31 0.03 0.02666666666666667
0 0.84 0.14666666666666667 0.016666666666666666 0.02666666666666667
0 0.86 0.15166666666666667 0.02 0.023333333333333334
0 0.7716666666666666 0.155 0.025 0.02666666666666667
0 0.7033333333333334 0.25666666666666665 0.02666666666666667 0.02666666666666667
0 0.4666666666666667 0.33166666666666667 0.023333333333333334 0.03
0 0.19333333333333333 0.37 0.03 0.03
0 0.27166666666666667 0.29333333333333333 0.02666666666666667 0.02666666666666667
0 0.4116666666666667 0.16833333333333333 0.02666666666666667 0.02666666666666667
0 0.33166666666666667 0.44666666666666666 0.02666666666666667 0.023333333333333334
0 0.7833333333333333 0.125 0.02666666666666667 0.023333333333333334
0 0.7366666666666667 0.19333333333333333 0.02666666666666667 0.02666666666666667
0 0.37833333333333335 0.16833333333333333 0.023333333333333334 0.023333333333333334
0 0.3983333333333333 0.33666666666666667 0.02666666666666667 0.02
0 0.4216666666666667 0.3283333333333333 0.02 0.023333333333333334
0 0.36333333333333334 0.34833333333333333 0.02 0.02
0 0.4816666666666667 0.2916666666666667 0.023333333333333334 0.02
0 0.4866666666666667 0.31333333333333335 0.023333333333333334 0.016666666666666666
0 0.25166666666666665 0.25833333333333336 0.02666666666666667 0.02666666666666667
0 0.285 0.48333333333333334 0.03 0.028333333333333332
0 0.39 0.5566666666666666 0.02666666666666667 0.02666666666666667
0 0.39 0.705 0.02666666666666667 0.02
0 0.315 0.54 0.023333333333333334 0.02
0 0.27 0.5616666666666666 0.03 0.03
0 0.31166666666666665 0.5733333333333334 0.025 0.025
0 0.49833333333333335 0.6316666666666667 0.023333333333333334 0.02
0 0.6983333333333334 0.8416666666666667 0.02 0.02
0 0.315 0.635 0.02666666666666667 0.02
0 0.4583333333333333 0.6716666666666666 0.02666666666666667 0.02
0 0.5016666666666667 0.69 0.023333333333333334 0.02
0 0.48 0.6133333333333333 0.023333333333333334 0.02
0 0.49666666666666665 0.575 0.023333333333333334 0.02
0 0.2733333333333333 0.6283333333333333 0.023333333333333334 0.02
0 0.47 0.6483333333333333 0.023333333333333334 0.02
0 0.6683333333333333 0.7283333333333334 0.023333333333333334 0.02666666666666667
0 0.6866666666666666 0.8666666666666667 0.023333333333333334 0.02
0 0.3416666666666667 0.7583333333333333 0.023333333333333334 0.02
0 0.38666666666666666 0.5116666666666667 0.023333333333333334 0.02666666666666667
0 0.47833333333333333 0.7133333333333334 0.023333333333333334 0.023333333333333334
0 0.31666666666666665 0.6633333333333333 0.02666666666666667 0.023333333333333334
0 0.36833333333333335 0.6983333333333334 0.02666666666666667 0.02666666666666667
0 0.41833333333333333 0.5083333333333333 0.02666666666666667 0.02
0 0.48 0.22166666666666668 0.02666666666666667 0.023333333333333334
0 0.3566666666666667 0.6266666666666667 0.028333333333333332 0.03166666666666667