0 0.06166666666666667 0.8266666666666667 0.02666666666666667 0.023333333333333334
0 0.41833333333333333 0.91 0.023333333333333334 0.02
0 0.37 0.21333333333333335 0.02 0.02666666666666667
0 0.22333333333333333 0.36666666666666664 0.02 0.02
0 0.22166666666666668 0.9033333333333333 0.023333333333333334 0.023333333333333334
0 0.31833333333333336 0.885 0.023333333333333334 0.023333333333333334
0 0.3983333333333333 0.8033333333333333 0.023333333333333334 0.023333333333333334
0 0.40166666666666667 0.8716666666666667 0.02666666666666667 0.02666666666666667
0 0.32 0.8516666666666667 0.023333333333333334 0.023333333333333334
0 0.93 0.5483333333333333 0.02666666666666667 0.02
0 0.515 0.5116666666666667 0.02666666666666667 0.03333333333333333
0 0.5383333333333333 0.7633333333333333 0.035 0.023333333333333334