0 0.31166666666666665 0.565 0.021666666666666667 0.02666666666666667
0 0.08333333333333333 0.8566666666666667 0.02666666666666667 0.02666666666666667
0 0.12833333333333333 0.8616666666666667 0.03 0.02666666666666667
0 0.18166666666666667 0.8583333333333333 0.02666666666666667 0.02
0 0.4766666666666667 0.94 0.02666666666666667 0.02666666666666667
0 0.42333333333333334 0.55 0.021666666666666667 0.028333333333333332
0 0.21833333333333332 0.5483333333333333 0.023333333333333334 0.02
0 0.135 0.8416666666666667 0.023333333333333334 0.02
0 0.49833333333333335 0.9383333333333334 0.02 0.02
0 0.275 0.6433333333333333 0.03 0.023333333333333334
0 0.16666666666666666 0.98 0.02666666666666667 0.02666666666666667
0 0.08833333333333333 0.9633333333333334 0.02666666666666667 0.023333333333333334
0 0.15666666666666668 0.7816666666666666 0.023333333333333334 0.02
0 0.17333333333333334 0.8483333333333334 0.02 0.02
0 0.31666666666666665 0.7033333333333334 0.02666666666666667 0.02666666666666667
0 0.18333333333333332 0.59 0.021666666666666667 0.02
0 0.17 0.715 0.016666666666666666 0.023333333333333334
0 0.3466666666666667 0.7633333333333333 0.023333333333333334 0.023333333333333334
0 0.20666666666666667 0.9133333333333333 0.02666666666666667 0.02
0 0.21666666666666667 0.8383333333333334 0.02 0.02
0 0.20833333333333334 0.8216666666666667 0.02 0.02
0 0.5383333333333333 0.24833333333333332 0.02666666666666667 0.02666666666666667
0 0.20166666666666666 0.47833333333333333 0.02 0.02666666666666667
0 0.5266666666666666 0.19333333333333333 0.03 0.03
0 0.6833333333333333 0.9266666666666666 0.023333333333333334 0.02666666666666667
0 0.5816666666666667 0.7566666666666667 0.023333333333333334 0.02666666666666667
0 0.425 0.285 0.023333333333333334 0.03
0 0.54 0.06666666666666667 0.02666666666666667 0.02666666666666667
0 0.5216666666666666 0.043333333333333335 0.023333333333333334 0.03
0 0.4633333333333333 0.06166666666666667 0.02666666666666667 0.03
0 0.5333333333333333 0.01 0.02666666666666667 0.02
0 0.43666666666666665 0.21333333333333335 0.023333333333333334 0.02
0 0.74 0.7583333333333333 0.02666666666666667 0.02
0 0.5466666666666666 0.016666666666666666 0.02666666666666667 0.023333333333333334
0 0.525 0.13333333333333333 0.02666666666666667 0.02666666666666667
0 0.6533333333333333 0.9833333333333333 0.02 0.02
0 0.6616666666666666 0.9733333333333334 0.023333333333333334 0.02
0 0.49833333333333335 0.2833333333333333 0.02666666666666667 0.023333333333333334
0 0.45666666666666667 0.18833333333333332 0.023333333333333334 0.02
0 0.5116666666666667 0.5983333333333334 0.02666666666666667 0.023333333333333334
0 0.9466666666666667 0.22333333333333333 0.02666666666666667 0.02666666666666667
0 0.4683333333333333 0.26666666666666666 0.02 0.02
0 0.17666666666666667 0.325 0.023333333333333334 0.023333333333333334
0 0.7483333333333333 0.6916666666666667 0.02 0.02
0 0.8516666666666667 0.5183333333333333 0.023333333333333334 0.023333333333333334
0 0.16166666666666665 0.31 0.02 0.023333333333333334
0 0.055 0.20333333333333334 0.023333333333333334 0.023333333333333334
0 0.025 0.17166666666666666 0.02666666666666667 0.02666666666666667
0 0.013333333333333334 0.12333333333333334 0.016666666666666666 0.016666666666666666
0 0.013333333333333334 0.11 0.02 0.02666666666666667
0 0.5083333333333333 0.7266666666666667 0.023333333333333334 0.02666666666666667
0 0.635 0.79 0.02 0.023333333333333334
0 0.67 0.8683333333333333 0.023333333333333334 0.02
0 0.635 0.056666666666666664 0.023333333333333334 0.02666666666666667
0 0.6666666666666666 0.07 0.02 0.02
0 0.5066666666666667 0.8416666666666667 0.02 0.023333333333333334
0 0.43666666666666665 0.5433333333333333 0.023333333333333334 0.03