0 0.9216666666666666 0.20833333333333334 0.028333333333333332 0.023333333333333334
0 0.9516666666666667 0.21666666666666667 0.02666666666666667 0.02666666666666667
0 0.47833333333333333 0.48333333333333334 0.03 0.02666666666666667
0 0.125 0.39666666666666667 0.02666666666666667 0.03
0 0.08833333333333333 0.47333333333333333 0.023333333333333334 0.023333333333333334
0 0.125 0.3983333333333333 0.02666666666666667 0.02666666666666667
0 0.041666666666666664 0.38333333333333336 0.02666666666666667 0.02666666666666667
0 0.52 0.45 0.02 0.02
0 0.043333333333333335 0.47 0.023333333333333334 0.023333333333333334
0 0.4066666666666667 0.2833333333333333 0.023333333333333334 0.023333333333333334
0 0.03 0.43666666666666665 0.02666666666666667 0.02666666666666667
0 0.14833333333333334 0.34833333333333333 0.023333333333333334 0.02
0 0.195 0.2916666666666667 0.023333333333333334 0.023333333333333334
0 0.12166666666666667 0.37666666666666665 0.023333333333333334 0.02666666666666667
0 0.5583333333333333 0.565 0.02666666666666667 0.023333333333333334
0 0.51 0.65 0.021666666666666667 0.02666666666666667
0 0.6516666666666666 0.5433333333333333 0.02666666666666667 0.02666666666666667
0 0.05333333333333334 0.805 0.02666666666666667 0.023333333333333334
0 0.535 0.5433333333333333 0.02666666666666667 0.02
0 0.06333333333333334 0.8333333333333334 0.023333333333333334 0.023333333333333334
0 0.45166666666666666 0.9016666666666666 0.023333333333333334 0.023333333333333334
0 0.5316666666666666 0.53 0.023333333333333334 0.016666666666666666
0 0.5733333333333334 0.81 0.03 0.023333333333333334
0 0.545 0.8166666666666667 0.02666666666666667 0.02666666666666667
0 0.6316666666666667 0.51 0.021666666666666667 0.02
0 0.02 0.51 0.028333333333333332 0.03166666666666667
0 0.7233333333333334 0.325 0.021666666666666667 0.023333333333333334