0 0.12333333333333334 0.16666666666666666 0.03 0.03
0 0.03166666666666667 0.18833333333333332 0.023333333333333334 0.03
0 0.011666666666666667 0.22833333333333333 0.02 0.03
0 0.095 0.16666666666666666 0.02666666666666667 0.02666666666666667
0 0.215 0.14333333333333334 0.03 0.02666666666666667
0 0.02666666666666667 0.16333333333333333 0.02 0.02
0 0.12666666666666668 0.22833333333333333 0.023333333333333334 0.03
0 0.15666666666666668 0.225 0.02666666666666667 0.023333333333333334
0 0.16166666666666665 0.24833333333333332 0.023333333333333334 0.03
0 0.26166666666666666 0.21166666666666667 0.023333333333333334 0.02
0 0.14833333333333334 0.31333333333333335 0.023333333333333334 0.02
0 0.06 0.3616666666666667 0.02 0.023333333333333334
0 0.20333333333333334 0.5583333333333333 0.03 0.02666666666666667
0 0.275 0.6133333333333333 0.03166666666666667 0.03666666666666667
0 0.055 0.9133333333333333 0.03333333333333333 0.03666666666666667
0 0.11333333333333333 0.7933333333333333 0.02666666666666667 0.02666666666666667
0 0.4166666666666667 0.39666666666666667 0.03 0.02666666666666667
0 0.475 0.4083333333333333 0.023333333333333334 0.02666666666666667
0 0.5366666666666666 0.42333333333333334 0.02666666666666667 0.03
0 0.5516666666666666 0.3466666666666667 0.02 0.02
0 0.5616666666666666 0.3416666666666667 0.02 0.03
0 0.5766666666666667 0.42333333333333334 0.02666666666666667 0.03
0 0.5933333333333334 0.43333333333333335 0.023333333333333334 0.03
0 0.6133333333333333 0.4533333333333333 0.023333333333333334 0.03
0 0.6033333333333334 0.40166666666666667 0.02 0.02
0 0.44333333333333336 0.07166666666666667 0.02666666666666667 0.023333333333333334
0 0.2633333333333333 0.2733333333333333 0.02666666666666667 0.02666666666666667
0 0.43833333333333335 0.10333333333333333 0.02666666666666667 0.02666666666666667
0 0.4583333333333333 0.08166666666666667 0.023333333333333334 0.02666666666666667
0 0.5883333333333334 0.011666666666666667 0.023333333333333334 0.023333333333333334
0 0.6816666666666666 0.01 0.02666666666666667 0.02
0 0.8016666666666666 0.21333333333333335 0.02666666666666667 0.03
0 0.81 0.14333333333333334 0.02666666666666667 0.02666666666666667
0 0.915 0.44333333333333336 0.03 0.02666666666666667
0 0.49333333333333335 0.5083333333333333 0.03 0.02666666666666667
0 0.79 0.02 0.03 0.02666666666666667
0 0.5283333333333333 0.03833333333333333 0.023333333333333334 0.02666666666666667
0 0.5483333333333333 0.09833333333333333 0.023333333333333334 0.02666666666666667
0 0.075 0.30333333333333334 0.023333333333333334 0.023333333333333334
0 0.4583333333333333 0.19166666666666668 0.023333333333333334 0.023333333333333334
0 0.41833333333333333 0.185 0.02666666666666667 0.02666666666666667
0 0.12166666666666667 0.2816666666666667 0.023333333333333334 0.02
0 0.43833333333333335 0.5233333333333333 0.023333333333333334 0.023333333333333334
0 0.9333333333333333 0.17666666666666667 0.023333333333333334 0.023333333333333334
0 0.6183333333333333 0.155 0.03 0.03
0 0.8133333333333334 0.023333333333333334 0.023333333333333334 0.028333333333333332