0 0.33 0.058333333333333334 0.023333333333333334 0.023333333333333334
0 0.3383333333333333 0.12333333333333334 0.02666666666666667 0.02666666666666667
0 0.325 0.2733333333333333 0.023333333333333334 0.03
0 0.145 0.3883333333333333 0.03 0.02666666666666667
0 0.29333333333333333 0.22333333333333333 0.03 0.03
0 0.28833333333333333 0.285 0.02666666666666667 0.02666666666666667
0 0.415 0.4033333333333333 0.02 0.023333333333333334
0 0.12666666666666668 0.3616666666666667 0.02666666666666667 0.02666666666666667
0 0.12333333333333334 0.24333333333333335 0.023333333333333334 0.023333333333333334
0 0.2966666666666667 0.18166666666666667 0.02666666666666667 0.02666666666666667
0 0.4633333333333333 0.30666666666666664 0.02666666666666667 0.023333333333333334
0 0.295 0.26166666666666666 0.023333333333333334 0.023333333333333334
0 0.14 0.225 0.02666666666666667 0.02666666666666667
0 0.9033333333333333 0.15666666666666668 0.03 0.023333333333333334
0 0.5433333333333333 0.27 0.02 0.02
0 0.7166666666666667 0.3983333333333333 0.03 0.03
0 0.5066666666666667 0.475 0.02666666666666667 0.02666666666666667
0 0.8316666666666667 0.39666666666666667 0.023333333333333334 0.02666666666666667
0 0.5533333333333333 0.455 0.016666666666666666 0.023333333333333334
0 0.3333333333333333 0.6066666666666667 0.023333333333333334 0.023333333333333334