0 0.6583333333333333 0.45166666666666666 0.02666666666666667 0.02666666666666667
0 0.5983333333333334 0.17333333333333334 0.03 0.02666666666666667
0 0.07333333333333333 0.44333333333333336 0.03333333333333333 0.02666666666666667
0 0.135 0.43666666666666665 0.023333333333333334 0.02
0 0.04666666666666667 0.47 0.02666666666666667 0.02
0 0.15166666666666667 0.3983333333333333 0.02666666666666667 0.02666666666666667
0 0.4066666666666667 0.14666666666666667 0.03 0.02666666666666667
0 0.018333333333333333 0.43666666666666665 0.023333333333333334 0.03
0 0.006666666666666667 0.39666666666666667 0.013333333333333334 0.023333333333333334
0 0.08666666666666667 0.49 0.023333333333333334 0.023333333333333334
0 0.14333333333333334 0.49666666666666665 0.023333333333333334 0.02666666666666667
0 0.40166666666666667 0.5266666666666666 0.02666666666666667 0.02666666666666667
0 0.12833333333333333 0.5716666666666667 0.023333333333333334 0.023333333333333334
0 0.06166666666666667 0.5083333333333333 0.02666666666666667 0.02
0 0.03833333333333333 0.5116666666666667 0.02 0.03
0 0.5766666666666667 0.5 0.02 0.023333333333333334
0 0.028333333333333332 0.715 0.02666666666666667 0.023333333333333334
0 0.008333333333333333 0.9683333333333334 0.016666666666666666 0.023333333333333334
0 0.018333333333333333 0.8866666666666667 0.02666666666666667 0.02