0 0.92 0.43833333333333335 0.02 0.02666666666666667
0 0.7233333333333334 0.15166666666666667 0.03 0.02666666666666667
0 0.7316666666666667 0.27166666666666667 0.03 0.03
0 0.8883333333333333 0.40166666666666667 0.023333333333333334 0.023333333333333334
0 0.5516666666666666 0.5916666666666667 0.023333333333333334 0.02
0 0.5633333333333334 0.7833333333333333 0.023333333333333334 0.02666666666666667
0 0.6283333333333333 0.7183333333333334 0.03 0.02
0 0.5566666666666666 0.7083333333333334 0.03 0.03
0 0.08333333333333333 0.13333333333333333 0.02 0.023333333333333334
0 0.23166666666666666 0.03166666666666667 0.03 0.023333333333333334
0 0.2966666666666667 0.26166666666666666 0.03 0.02
0 0.30333333333333334 0.275 0.03333333333333333 0.02
0 0.34833333333333333 0.28 0.03 0.023333333333333334
0 0.33 0.25333333333333335 0.02666666666666667 0.02
0 0.2683333333333333 0.32 0.03 0.03333333333333333
0 0.205 0.34 0.02 0.02
0 0.2916666666666667 0.4633333333333333 0.03 0.02666666666666667
0 0.08333333333333333 0.46166666666666667 0.02 0.02
0 0.12166666666666667 0.4683333333333333 0.02 0.02
0 0.10166666666666667 0.37333333333333335 0.02666666666666667 0.02
0 0.29833333333333334 0.43666666666666665 0.02 0.03
0 0.4116666666666667 0.41333333333333333 0.02666666666666667 0.02
0 0.3616666666666667 0.39666666666666667 0.02666666666666667 0.028333333333333332
0 0.035 0.05333333333333334 0.023333333333333334 0.02666666666666667
0 0.13 0.19 0.03 0.023333333333333334
0 0.115 0.21833333333333332 0.03 0.03
0 0.011666666666666667 0.19833333333333333 0.023333333333333334 0.023333333333333334
0 0.235 0.125 0.03 0.03
0 0.23333333333333334 0.27166666666666667 0.02666666666666667 0.02
0 0.25833333333333336 0.18833333333333332 0.023333333333333334 0.02
0 0.265 0.27666666666666667 0.02666666666666667 0.02666666666666667
0 0.165 0.15666666666666668 0.03 0.02666666666666667
0 0.2633333333333333 0.14666666666666667 0.03 0.03
0 0.18666666666666668 0.09166666666666666 0.02666666666666667 0.023333333333333334
0 0.25166666666666665 0.5816666666666667 0.02666666666666667 0.02
0 0.32 0.5616666666666666 0.02666666666666667 0.03
0 0.2816666666666667 0.5716666666666667 0.03 0.023333333333333334
0 0.4666666666666667 0.5533333333333333 0.02 0.03
0 0.4683333333333333 0.7233333333333334 0.03 0.023333333333333334
0 0.12 0.6316666666666667 0.02666666666666667 0.023333333333333334
0 0.44333333333333336 0.8016666666666666 0.03 0.023333333333333334
0 0.40166666666666667 0.7616666666666667 0.02666666666666667 0.02
0 0.40166666666666667 0.7783333333333333 0.02666666666666667 0.023333333333333334
0 0.49333333333333335 0.9083333333333333 0.02666666666666667 0.023333333333333334
0 0.37666666666666665 0.8583333333333333 0.023333333333333334 0.02666666666666667
0 0.485 0.855 0.03333333333333333 0.023333333333333334
0 0.3283333333333333 0.8283333333333334 0.02666666666666667 0.03
0 0.47333333333333333 0.5883333333333334 0.02 0.02
0 0.33 0.5833333333333334 0.023333333333333334 0.023333333333333334
0 0.041666666666666664 0.8183333333333334 0.03 0.02666666666666667
0 0.43166666666666664 0.7066666666666667 0.023333333333333334 0.023333333333333334
0 0.4683333333333333 0.6433333333333333 0.023333333333333334 0.023333333333333334
0 0.25833333333333336 0.6083333333333333 0.023333333333333334 0.023333333333333334
0 0.04 0.8366666666666667 0.023333333333333334 0.023333333333333334
0 0.3616666666666667 0.58 0.02666666666666667 0.02666666666666667
0 0.49666666666666665 0.7133333333333334 0.02666666666666667 0.02
0 0.5233333333333333 0.6983333333333334 0.02666666666666667 0.023333333333333334
0 0.5216666666666666 0.6333333333333333 0.02666666666666667 0.02666666666666667
0 0.43833333333333335 0.5 0.028333333333333332 0.03166666666666667
0 0.40166666666666667 0.5616666666666666 0.03833333333333333 0.03833333333333333
0 0.205 0.855 0.03333333333333333 0.028333333333333332