0 0.17166666666666666 0.5766666666666667 0.03 0.02666666666666667
0 0.15666666666666668 0.7616666666666667 0.02666666666666667 0.03
0 0.205 0.7216666666666667 0.02 0.02666666666666667
0 0.12833333333333333 0.9 0.028333333333333332 0.023333333333333334
0 0.25 0.7416666666666667 0.023333333333333334 0.025
0 0.255 0.5466666666666666 0.023333333333333334 0.02666666666666667
0 0.2866666666666667 0.25666666666666665 0.03 0.023333333333333334
0 0.22333333333333333 0.14166666666666666 0.03 0.03333333333333333
0 0.21666666666666667 0.37166666666666665 0.04 0.03
0 0.16833333333333333 0.38666666666666666 0.03 0.03333333333333333
0 0.06333333333333334 0.13333333333333333 0.023333333333333334 0.023333333333333334
0 0.051666666666666666 0.25333333333333335 0.03 0.03
0 0.25166666666666665 0.43833333333333335 0.02 0.02666666666666667
0 0.2966666666666667 0.12166666666666667 0.03 0.03166666666666667
0 0.09166666666666666 0.17666666666666667 0.02666666666666667 0.02666666666666667
0 0.10166666666666667 0.14333333333333334 0.02 0.02
0 0.07 0.10833333333333334 0.03333333333333333 0.03
0 0.215 0.03333333333333333 0.02 0.02666666666666667
0 0.23166666666666666 0.2733333333333333 0.03 0.03
0 0.24333333333333335 0.21333333333333335 0.02 0.02666666666666667
0 0.20666666666666667 0.18666666666666668 0.03 0.02666666666666667
0 0.15 0.095 0.03 0.03
0 0.19666666666666666 0.09833333333333333 0.023333333333333334 0.02666666666666667
0 0.34 0.015 0.02666666666666667 0.023333333333333334
0 0.32 0.02 0.023333333333333334 0.03
0 0.35833333333333334 0.07666666666666666 0.03 0.03
0 0.4166666666666667 0.185 0.02 0.023333333333333334
0 0.20333333333333334 0.25 0.02666666666666667 0.02666666666666667
0 0.22333333333333333 0.41 0.023333333333333334 0.02666666666666667
0 0.10666666666666667 0.11333333333333333 0.02666666666666667 0.023333333333333334
0 0.17166666666666666 0.13666666666666666 0.02666666666666667 0.023333333333333334
0 0.02666666666666667 0.08833333333333333 0.03 0.03
0 0.11666666666666667 0.16166666666666665 0.028333333333333332 0.03
0 0.2966666666666667 0.62 0.03333333333333333 0.03666666666666667
0 0.33 0.59 0.03333333333333333 0.035
0 0.45 0.42333333333333334 0.03 0.02666666666666667