0 0.2783333333333333 0.31833333333333336 0.02 0.02
0 0.19666666666666666 0.545 0.023333333333333334 0.023333333333333334
0 0.62 0.3516666666666667 0.023333333333333334 0.03
0 0.5866666666666667 0.38333333333333336 0.03 0.03
0 0.5216666666666666 0.37333333333333335 0.02 0.023333333333333334
0 0.5283333333333333 0.31666666666666665 0.023333333333333334 0.02666666666666667
0 0.5 0.3333333333333333 0.02 0.02
0 0.7783333333333333 0.7733333333333333 0.03 0.03
0 0.71 0.7383333333333333 0.023333333333333334 0.02666666666666667
0 0.8 0.5566666666666666 0.03 0.02666666666666667
0 0.9316666666666666 0.6216666666666667 0.03 0.03
0 0.61 0.5183333333333333 0.02666666666666667 0.02666666666666667
0 0.6233333333333333 0.9666666666666667 0.023333333333333334 0.02666666666666667
0 0.5666666666666667 0.49666666666666665 0.025 0.02666666666666667