0 0.18833333333333332 0.24166666666666667 0.03 0.03
0 0.46166666666666667 0.4166666666666667 0.03 0.028333333333333332
0 0.2733333333333333 0.23 0.03 0.03
0 0.12 0.30833333333333335 0.03 0.03
0 0.44333333333333336 0.24333333333333335 0.02666666666666667 0.02666666666666667
0 0.35333333333333333 0.42833333333333334 0.03 0.03
0 0.025 0.20333333333333334 0.03 0.02666666666666667
0 0.19333333333333333 0.42 0.03 0.02666666666666667
0 0.7 0.08833333333333333 0.023333333333333334 0.02666666666666667
0 0.915 0.07 0.02666666666666667 0.02666666666666667
0 0.6733333333333333 0.18833333333333332 0.02 0.023333333333333334
0 0.8616666666666667 0.015 0.02666666666666667 0.023333333333333334