0 0.17833333333333334 0.4633333333333333 0.02 0.023333333333333334
0 0.24833333333333332 0.42833333333333334 0.02666666666666667 0.02666666666666667
0 0.26166666666666666 0.3983333333333333 0.02 0.023333333333333334
0 0.22333333333333333 0.37333333333333335 0.023333333333333334 0.02
0 0.03333333333333333 0.435 0.03 0.03
0 0.48333333333333334 0.008333333333333333 0.03 0.016666666666666666
0 0.44333333333333336 0.43166666666666664 0.03 0.023333333333333334
0 0.415 0.35333333333333333 0.023333333333333334 0.023333333333333334
0 0.485 0.4683333333333333 0.023333333333333334 0.023333333333333334
0 0.41833333333333333 0.30666666666666664 0.02 0.02
0 0.5566666666666666 0.3283333333333333 0.03 0.03
0 0.5633333333333334 0.165 0.02666666666666667 0.02666666666666667
0 0.5883333333333334 0.31666666666666665 0.02666666666666667 0.02666666666666667
0 0.5783333333333334 0.2733333333333333 0.023333333333333334 0.023333333333333334
0 0.5483333333333333 0.36833333333333335 0.023333333333333334 0.023333333333333334
0 0.5533333333333333 0.49166666666666664 0.023333333333333334 0.02666666666666667
0 0.7 0.9633333333333334 0.02666666666666667 0.023333333333333334
0 0.535 0.175 0.03 0.02666666666666667
0 0.20833333333333334 0.765 0.023333333333333334 0.02666666666666667
0 0.32666666666666666 0.5883333333333334 0.023333333333333334 0.03
0 0.19 0.7316666666666667 0.02 0.023333333333333334
0 0.16666666666666666 0.7766666666666666 0.02 0.02666666666666667
0 0.225 0.8333333333333334 0.025 0.021666666666666667
0 0.22333333333333333 0.5783333333333334 0.023333333333333334 0.023333333333333334
0 0.5 0.49166666666666664 0.02666666666666667 0.02
0 0.46166666666666667 0.495 0.02666666666666667 0.02
0 0.4533333333333333 0.8916666666666667 0.02666666666666667 0.02666666666666667
0 0.255 0.8716666666666667 0.023333333333333334 0.023333333333333334
0 0.2783333333333333 0.9233333333333333 0.02666666666666667 0.02666666666666667
0 0.31833333333333336 0.8283333333333334 0.023333333333333334 0.023333333333333334
0 0.3466666666666667 0.975 0.03 0.02666666666666667
0 0.013333333333333334 0.9166666666666666 0.02666666666666667 0.023333333333333334
0 0.20666666666666667 0.8166666666666667 0.02 0.02
0 0.195 0.715 0.025 0.021666666666666667