0 0.08166666666666667 0.44666666666666666 0.02666666666666667 0.02
0 0.09666666666666666 0.4816666666666667 0.02666666666666667 0.03
0 0.06166666666666667 0.49666666666666665 0.02666666666666667 0.023333333333333334
0 0.35833333333333334 0.7116666666666667 0.03 0.023333333333333334
0 0.36666666666666664 0.6783333333333333 0.023333333333333334 0.023333333333333334
0 0.2 0.755 0.023333333333333334 0.03
0 0.225 0.7583333333333333 0.02666666666666667 0.025
0 0.02 0.915 0.023333333333333334 0.02
0 0.27666666666666667 0.9833333333333333 0.023333333333333334 0.03
0 0.30333333333333334 0.7266666666666667 0.02666666666666667 0.02
0 0.3566666666666667 0.755 0.023333333333333334 0.023333333333333334
0 0.24666666666666667 0.7333333333333333 0.02666666666666667 0.02
0 0.33166666666666667 0.9 0.023333333333333334 0.02