0 0.11833333333333333 0.013333333333333334 0.023333333333333334 0.02666666666666667
0 0.08666666666666667 0.06333333333333334 0.03 0.02666666666666667
0 0.23166666666666666 0.3433333333333333 0.03 0.03
0 0.043333333333333335 0.3983333333333333 0.03 0.02666666666666667
0 0.06333333333333334 0.10666666666666667 0.02 0.03
0 0.44666666666666666 0.25666666666666665 0.023333333333333334 0.02
0 0.38666666666666666 0.27666666666666667 0.02666666666666667 0.023333333333333334
0 0.14166666666666666 0.08166666666666667 0.023333333333333334 0.02
0 0.75 0.035 0.03 0.023333333333333334
0 0.6416666666666667 0.33166666666666667 0.02 0.023333333333333334
0 0.5366666666666666 0.3933333333333333 0.03 0.03
0 0.6316666666666667 0.525 0.02 0.023333333333333334
0 0.155 0.5883333333333334 0.023333333333333334 0.023333333333333334
0 0.16666666666666666 0.56 0.02 0.02
0 0.3883333333333333 0.6066666666666667 0.02 0.023333333333333334
0 0.36666666666666664 0.5216666666666666 0.03 0.03
0 0.35833333333333334 0.6033333333333334 0.02666666666666667 0.02666666666666667
0 0.52 0.525 0.028333333333333332 0.02666666666666667
0 0.15166666666666667 0.355 0.021666666666666667 0.03166666666666667