0 0.15333333333333332 0.19666666666666666 0.03666666666666667 0.03
0 0.175 0.23166666666666666 0.028333333333333332 0.03666666666666667
0 0.06166666666666667 0.19666666666666666 0.03 0.02666666666666667
0 0.21 0.22 0.03166666666666667 0.03
0 0.24333333333333335 0.21666666666666667 0.028333333333333332 0.03333333333333333
0 0.4666666666666667 0.18333333333333332 0.03333333333333333 0.03
0 0.37166666666666665 0.015 0.023333333333333334 0.023333333333333334
0 0.49166666666666664 0.03166666666666667 0.02666666666666667 0.02666666666666667
0 0.5716666666666667 0.16166666666666665 0.02666666666666667 0.03
0 0.675 0.23666666666666666 0.02666666666666667 0.02
0 0.6183333333333333 0.20333333333333334 0.02666666666666667 0.02666666666666667
0 0.5416666666666666 0.021666666666666667 0.02666666666666667 0.03333333333333333
0 0.7233333333333334 0.11833333333333333 0.03 0.023333333333333334
0 0.7433333333333333 0.09833333333333333 0.03 0.03