0 0.6333333333333333 0.935 0.023333333333333334 0.023333333333333334
0 0.6466666666666666 0.9483333333333334 0.02666666666666667 0.023333333333333334
0 0.895 0.9433333333333334 0.02666666666666667 0.02666666666666667
0 0.15833333333333333 0.775 0.03333333333333333 0.028333333333333332
0 0.13666666666666666 0.9183333333333333 0.02 0.023333333333333334
0 0.9116666666666666 0.03833333333333333 0.02666666666666667 0.025
0 0.051666666666666666 0.13833333333333334 0.02 0.02666666666666667
0 0.11833333333333333 0.37333333333333335 0.021666666666666667 0.023333333333333334
0 0.17333333333333334 0.08 0.02666666666666667 0.03
0 0.11 0.3983333333333333 0.02666666666666667 0.025
0 0.33 0.3883333333333333 0.02666666666666667 0.02666666666666667
0 0.69 0.17333333333333334 0.021666666666666667 0.02666666666666667
0 0.25333333333333335 0.36333333333333334 0.02666666666666667 0.02666666666666667
0 0.11166666666666666 0.195 0.023333333333333334 0.023333333333333334
0 0.07333333333333333 0.6183333333333333 0.018333333333333333 0.023333333333333334
0 0.09333333333333334 0.9733333333333334 0.023333333333333334 0.025
0 0.8933333333333333 0.97 0.023333333333333334 0.023333333333333334
0 0.6233333333333333 0.09666666666666666 0.023333333333333334 0.023333333333333334