0 0.08666666666666667 0.9383333333333334 0.02666666666666667 0.03
0 0.12833333333333333 0.9533333333333334 0.02666666666666667 0.023333333333333334
0 0.10833333333333334 0.82 0.023333333333333334 0.02666666666666667
0 0.48333333333333334 0.7966666666666666 0.023333333333333334 0.023333333333333334
0 0.04666666666666667 0.9366666666666666 0.02 0.03
0 0.02666666666666667 0.9416666666666667 0.03 0.02666666666666667
0 0.06333333333333334 0.9566666666666667 0.025 0.028333333333333332
0 0.8166666666666667 0.7133333333333334 0.03 0.02666666666666667
0 0.8083333333333333 0.64 0.02666666666666667 0.028333333333333332
0 0.775 0.6366666666666667 0.03333333333333333 0.03
0 0.6316666666666667 0.5483333333333333 0.03 0.02666666666666667
0 0.6933333333333334 0.6966666666666667 0.023333333333333334 0.02666666666666667
0 0.6066666666666667 0.5266666666666666 0.02 0.03
0 0.7883333333333333 0.7933333333333333 0.02666666666666667 0.03
0 0.5916666666666667 0.31666666666666665 0.02666666666666667 0.02666666666666667
0 0.565 0.33166666666666667 0.023333333333333334 0.02
0 0.5683333333333334 0.485 0.023333333333333334 0.023333333333333334
0 0.595 0.505 0.03 0.02
0 0.5683333333333334 0.5083333333333333 0.02666666666666667 0.02666666666666667
0 0.4666666666666667 0.425 0.03333333333333333 0.03333333333333333
0 0.47833333333333333 0.27166666666666667 0.023333333333333334 0.03
0 0.46 0.15666666666666668 0.023333333333333334 0.03
0 0.5366666666666666 0.29833333333333334 0.02666666666666667 0.03
0 0.5083333333333333 0.19333333333333333 0.023333333333333334 0.02
0 0.38 0.13166666666666665 0.02 0.028333333333333332
0 0.6683333333333333 0.5716666666666667 0.03 0.03166666666666667
0 0.625 0.595 0.03 0.035
0 0.24 0.3466666666666667 0.02666666666666667 0.02666666666666667