0 0.4116666666666667 0.49333333333333335 0.03 0.02666666666666667
0 0.33 0.43166666666666664 0.03 0.023333333333333334
0 0.10333333333333333 0.455 0.02666666666666667 0.02
0 0.14 0.22833333333333333 0.02 0.02
0 0.10833333333333334 0.2916666666666667 0.023333333333333334 0.02
0 0.48833333333333334 0.39 0.023333333333333334 0.03
0 0.18666666666666668 0.30333333333333334 0.023333333333333334 0.023333333333333334
0 0.16833333333333333 0.31333333333333335 0.02 0.02666666666666667
0 0.465 0.39 0.023333333333333334 0.023333333333333334
0 0.03833333333333333 0.8633333333333333 0.023333333333333334 0.023333333333333334
0 0.46166666666666667 0.25166666666666665 0.023333333333333334 0.02666666666666667
0 0.61 0.43166666666666664 0.02 0.02
0 0.5683333333333334 0.38333333333333336 0.02666666666666667 0.023333333333333334
0 0.595 0.4083333333333333 0.023333333333333334 0.02
0 0.5266666666666666 0.45666666666666667 0.02 0.023333333333333334
0 0.7733333333333333 0.405 0.02 0.023333333333333334
0 0.5216666666666666 0.245 0.023333333333333334 0.023333333333333334
0 0.5616666666666666 0.35 0.023333333333333334 0.02666666666666667
0 0.6983333333333334 0.45666666666666667 0.02 0.02
0 0.7083333333333334 0.4166666666666667 0.023333333333333334 0.02
0 0.8366666666666667 0.41333333333333333 0.023333333333333334 0.023333333333333334
0 0.3616666666666667 0.43 0.023333333333333334 0.02666666666666667