0 0.17 0.6183333333333333 0.03 0.02
0 0.225 0.625 0.03 0.023333333333333334
0 0.22333333333333333 0.9133333333333333 0.03 0.03
0 0.21666666666666667 0.8733333333333333 0.02 0.023333333333333334
0 0.44 0.81 0.02666666666666667 0.03
0 0.375 0.8783333333333333 0.023333333333333334 0.02666666666666667
0 0.38166666666666665 0.8066666666666666 0.023333333333333334 0.02
0 0.3933333333333333 0.7816666666666666 0.03 0.023333333333333334
0 0.49666666666666665 0.9033333333333333 0.023333333333333334 0.02666666666666667
0 0.37333333333333335 0.8333333333333334 0.02666666666666667 0.023333333333333334
0 0.46 0.91 0.02666666666666667 0.023333333333333334
0 0.48333333333333334 0.925 0.02 0.02
0 0.46 0.7633333333333333 0.02666666666666667 0.02666666666666667
0 0.36 0.9133333333333333 0.02666666666666667 0.02666666666666667
0 0.38666666666666666 0.9016666666666666 0.023333333333333334 0.023333333333333334
0 0.22333333333333333 0.815 0.02666666666666667 0.02666666666666667
0 0.66 0.18833333333333332 0.03666666666666667 0.03
0 0.68 0.225 0.023333333333333334 0.03666666666666667
0 0.5683333333333334 0.18833333333333332 0.03 0.02666666666666667
0 0.6183333333333333 0.19333333333333333 0.03333333333333333 0.02666666666666667
0 0.665 0.25833333333333336 0.023333333333333334 0.02666666666666667
0 0.715 0.20666666666666667 0.023333333333333334 0.03
0 0.7483333333333333 0.20166666666666666 0.02 0.03333333333333333
0 0.9733333333333334 0.17333333333333334 0.03333333333333333 0.03
0 0.17166666666666666 0.12833333333333333 0.03 0.03
0 0.14833333333333334 0.09166666666666666 0.03333333333333333 0.023333333333333334
0 0.10166666666666667 0.13833333333333334 0.02666666666666667 0.02
0 0.10166666666666667 0.16 0.03 0.02666666666666667
0 0.17166666666666666 0.12833333333333333 0.03 0.03
0 0.21333333333333335 0.25166666666666665 0.02666666666666667 0.023333333333333334
0 0.6333333333333333 0.22666666666666666 0.02666666666666667 0.02666666666666667
0 0.8783333333333333 0.01 0.023333333333333334 0.02
0 0.22 0.46 0.03 0.03
0 0.14333333333333334 0.24833333333333332 0.02666666666666667 0.02666666666666667
0 0.09333333333333334 0.37333333333333335 0.03 0.03
0 0.7083333333333334 0.26166666666666666 0.02666666666666667 0.02666666666666667
0 0.03166666666666667 0.135 0.03 0.03
0 0.7266666666666667 0.245 0.02 0.023333333333333334
0 0.74 0.27666666666666667 0.023333333333333334 0.03