0 0.04833333333333333 0.955 0.023333333333333334 0.03
0 0.42 0.8016666666666666 0.02666666666666667 0.023333333333333334
0 0.3383333333333333 0.7716666666666666 0.023333333333333334 0.02666666666666667
0 0.7366666666666667 0.55 0.023333333333333334 0.023333333333333334
0 0.8616666666666667 0.14833333333333334 0.02666666666666667 0.02666666666666667
0 0.8466666666666667 0.11166666666666666 0.023333333333333334 0.02
0 0.9333333333333333 0.31166666666666665 0.02666666666666667 0.023333333333333334
0 0.8816666666666667 0.17166666666666666 0.02 0.023333333333333334
0 0.8266666666666667 0.056666666666666664 0.03 0.03
0 0.7466666666666667 0.13166666666666665 0.023333333333333334 0.023333333333333334
0 0.2633333333333333 0.023333333333333334 0.02 0.02
0 0.24833333333333332 0.035 0.023333333333333334 0.02
0 0.39166666666666666 0.4166666666666667 0.03666666666666667 0.03
0 0.3516666666666667 0.42 0.02666666666666667 0.02666666666666667
0 0.7583333333333333 0.17166666666666666 0.021666666666666667 0.02666666666666667
0 0.465 0.8033333333333333 0.021666666666666667 0.021666666666666667
0 0.29833333333333334 0.6566666666666666 0.023333333333333334 0.025