0 0.17333333333333334 0.7966666666666666 0.03333333333333333 0.02666666666666667
0 0.4166666666666667 0.7983333333333333 0.03 0.028333333333333332
0 0.25166666666666665 0.9133333333333333 0.03333333333333333 0.02666666666666667
0 0.385 0.945 0.03 0.02666666666666667
0 0.18833333333333332 0.945 0.03 0.023333333333333334
0 0.19333333333333333 0.9616666666666667 0.02 0.02
0 0.35 0.9783333333333334 0.028333333333333332 0.03
0 0.07833333333333334 0.9166666666666666 0.02666666666666667 0.028333333333333332
0 0.4866666666666667 0.98 0.02 0.02
0 0.21166666666666667 0.8883333333333333 0.03 0.023333333333333334
0 0.22666666666666666 0.9566666666666667 0.023333333333333334 0.023333333333333334
0 0.38 0.905 0.02666666666666667 0.023333333333333334
0 0.38666666666666666 0.5333333333333333 0.023333333333333334 0.023333333333333334
0 0.03 0.5183333333333333 0.02666666666666667 0.02666666666666667
0 0.26666666666666666 0.885 0.02666666666666667 0.02666666666666667
0 0.4633333333333333 0.9383333333333334 0.03 0.03333333333333333
0 0.5366666666666666 0.8833333333333333 0.02666666666666667 0.03
0 0.68 0.9483333333333334 0.03 0.023333333333333334
0 0.6283333333333333 0.84 0.02666666666666667 0.02666666666666667
0 0.6933333333333334 0.8466666666666667 0.023333333333333334 0.023333333333333334
0 0.7066666666666667 0.8783333333333333 0.02666666666666667 0.02666666666666667
0 0.7283333333333334 0.8316666666666667 0.023333333333333334 0.023333333333333334
0 0.5433333333333333 0.7333333333333333 0.023333333333333334 0.023333333333333334
0 0.5883333333333334 0.9083333333333333 0.023333333333333334 0.023333333333333334
0 0.7566666666666667 0.9716666666666667 0.018333333333333333 0.023333333333333334