0 0.7016666666666667 0.39666666666666667 0.023333333333333334 0.023333333333333334
0 0.69 0.13666666666666666 0.03 0.03
0 0.7416666666666667 0.135 0.03 0.02666666666666667
0 0.6583333333333333 0.28833333333333333 0.02666666666666667 0.02666666666666667
0 0.23 0.095 0.02666666666666667 0.02666666666666667
0 0.4483333333333333 0.7466666666666667 0.03 0.04
0 0.37166666666666665 0.78 0.03 0.02666666666666667
0 0.7033333333333334 0.6016666666666667 0.023333333333333334 0.03
0 0.675 0.5883333333333334 0.02666666666666667 0.03
0 0.12833333333333333 0.6616666666666666 0.02 0.023333333333333334
0 0.7633333333333333 0.635 0.023333333333333334 0.023333333333333334
0 0.44666666666666666 0.82 0.02666666666666667 0.03
0 0.7583333333333333 0.54 0.02666666666666667 0.02666666666666667
0 0.4066666666666667 0.7783333333333333 0.02666666666666667 0.02666666666666667
0 0.66 0.49333333333333335 0.02666666666666667 0.02666666666666667