0 0.7533333333333333 0.06 0.028333333333333332 0.028333333333333332
0 0.8566666666666667 0.33166666666666667 0.02666666666666667 0.023333333333333334
0 0.78 0.18333333333333332 0.03 0.02666666666666667
0 0.7866666666666666 0.01 0.02666666666666667 0.02
0 0.8416666666666667 0.36833333333333335 0.023333333333333334 0.02
0 0.665 0.13166666666666665 0.03 0.03
0 0.5833333333333334 0.035 0.03333333333333333 0.028333333333333332
0 0.975 0.155 0.02 0.02
0 0.7933333333333333 0.16166666666666665 0.02666666666666667 0.023333333333333334
0 0.2633333333333333 0.06333333333333334 0.023333333333333334 0.02666666666666667
0 0.4716666666666667 0.043333333333333335 0.023333333333333334 0.023333333333333334
0 0.345 0.17 0.02666666666666667 0.02666666666666667
0 0.35833333333333334 0.96 0.03 0.02666666666666667
0 0.056666666666666664 0.8016666666666666 0.023333333333333334 0.028333333333333332
0 0.82 0.4166666666666667 0.025 0.03