0 0.5866666666666667 0.4683333333333333 0.02666666666666667 0.03
0 0.5666666666666667 0.42833333333333334 0.023333333333333334 0.02666666666666667
0 0.5516666666666666 0.46 0.023333333333333334 0.03
0 0.5483333333333333 0.3416666666666667 0.02 0.02
0 0.9683333333333334 0.24666666666666667 0.03333333333333333 0.023333333333333334
0 0.6316666666666667 0.36833333333333335 0.02666666666666667 0.02
0 0.84 0.11833333333333333 0.02666666666666667 0.02666666666666667
0 0.64 0.43166666666666664 0.02 0.023333333333333334
0 0.8633333333333333 0.15666666666666668 0.03 0.02
0 0.8616666666666667 0.13333333333333333 0.02 0.023333333333333334
0 0.6216666666666667 0.3283333333333333 0.03 0.02666666666666667
0 0.8216666666666667 0.35833333333333334 0.02666666666666667 0.02666666666666667
0 0.7166666666666667 0.6016666666666667 0.03 0.02666666666666667
0 0.7016666666666667 0.7466666666666667 0.03333333333333333 0.023333333333333334
0 0.8316666666666667 0.6633333333333333 0.02666666666666667 0.03
0 0.7533333333333333 0.7183333333333334 0.03 0.041666666666666664
0 0.71 0.655 0.03 0.03
0 0.65 0.54 0.03 0.023333333333333334
0 0.7566666666666667 0.615 0.023333333333333334 0.023333333333333334
0 0.7366666666666667 0.5733333333333334 0.02666666666666667 0.02666666666666667
0 0.7233333333333334 0.5366666666666666 0.02 0.02
0 0.2 0.27666666666666667 0.023333333333333334 0.02666666666666667
0 0.25666666666666665 0.24666666666666667 0.02666666666666667 0.023333333333333334
0 0.285 0.36666666666666664 0.02666666666666667 0.02666666666666667
0 0.21666666666666667 0.33666666666666667 0.03 0.03
0 0.435 0.8283333333333334 0.023333333333333334 0.02
0 0.37666666666666665 0.7933333333333333 0.03 0.02
0 0.405 0.7766666666666666 0.023333333333333334 0.02666666666666667
0 0.17833333333333334 0.75 0.023333333333333334 0.02
0 0.24166666666666667 0.6783333333333333 0.023333333333333334 0.02
0 0.145 0.15833333333333333 0.03 0.023333333333333334
0 0.11333333333333333 0.195 0.02666666666666667 0.03333333333333333
0 0.28 0.175 0.02 0.02
0 0.07166666666666667 0.24833333333333332 0.02 0.023333333333333334
0 0.05333333333333334 0.225 0.02 0.02
0 0.05333333333333334 0.17166666666666666 0.02 0.02
0 0.3433333333333333 0.37666666666666665 0.02 0.023333333333333334
0 0.27166666666666667 0.2733333333333333 0.02666666666666667 0.023333333333333334
0 0.24666666666666667 0.14166666666666666 0.023333333333333334 0.02
0 0.4 0.42333333333333334 0.02 0.02666666666666667
0 0.37666666666666665 0.4066666666666667 0.02 0.023333333333333334
0 0.4716666666666667 0.3433333333333333 0.02 0.02
0 0.47833333333333333 0.43333333333333335 0.02 0.023333333333333334
0 0.4583333333333333 0.42 0.02 0.03
0 0.47833333333333333 0.06166666666666667 0.03 0.02666666666666667
0 0.26666666666666666 0.65 0.023333333333333334 0.02
0 0.24833333333333332 0.335 0.025 0.02666666666666667
0 0.275 0.34 0.02666666666666667 0.023333333333333334
0 0.3983333333333333 0.39666666666666667 0.02666666666666667 0.02
0 0.36333333333333334 0.38166666666666665 0.02 0.023333333333333334
0 0.38166666666666665 0.31833333333333336 0.02666666666666667 0.023333333333333334
0 0.43333333333333335 0.3416666666666667 0.023333333333333334 0.023333333333333334
0 0.35333333333333333 0.4116666666666667 0.02 0.02666666666666667
0 0.19833333333333333 0.185 0.03333333333333333 0.03666666666666667
0 0.2633333333333333 0.8983333333333333 0.02 0.023333333333333334
0 0.3283333333333333 0.22166666666666668 0.02666666666666667 0.03
0 0.008333333333333333 0.19 0.016666666666666666 0.02
0 0.31 0.20666666666666667 0.023333333333333334 0.023333333333333334
0 0.07166666666666667 0.22833333333333333 0.02666666666666667 0.02
0 0.675 0.495 0.03 0.023333333333333334
0 0.6516666666666666 0.49833333333333335 0.02 0.02
0 0.8966666666666666 0.475 0.02 0.02
0 0.525 0.455 0.02666666666666667 0.03
0 0.25 0.22 0.03333333333333333 0.028333333333333332
0 0.3433333333333333 0.3416666666666667 0.028333333333333332 0.023333333333333334
0 0.68 0.5783333333333334 0.02666666666666667 0.03