0 0.75 0.9083333333333333 0.03 0.02
0 0.7733333333333333 0.8983333333333333 0.02666666666666667 0.03
0 0.5916666666666667 0.9733333333333334 0.02666666666666667 0.02
0 0.6683333333333333 0.8816666666666667 0.02 0.02
0 0.9083333333333333 0.9216666666666666 0.02666666666666667 0.02
0 0.7833333333333333 0.9216666666666666 0.023333333333333334 0.02666666666666667
0 0.73 0.6283333333333333 0.03 0.02666666666666667
0 0.9266666666666666 0.555 0.03 0.023333333333333334
0 0.6133333333333333 0.5583333333333333 0.023333333333333334 0.016666666666666666
0 0.955 0.7233333333333334 0.023333333333333334 0.023333333333333334
0 0.8733333333333333 0.6333333333333333 0.02666666666666667 0.02666666666666667
0 0.6933333333333334 0.6083333333333333 0.03 0.03
0 0.6966666666666667 0.9116666666666666 0.02666666666666667 0.02666666666666667
0 0.7383333333333333 0.5533333333333333 0.03 0.02666666666666667
0 0.7233333333333334 0.54 0.03 0.02666666666666667
0 0.6166666666666667 0.5333333333333333 0.02666666666666667 0.023333333333333334
0 0.8166666666666667 0.6 0.02666666666666667 0.02666666666666667
0 0.085 0.4533333333333333 0.02666666666666667 0.03
0 0.185 0.29 0.03 0.03
0 0.18666666666666668 0.24333333333333335 0.03 0.03
0 0.43 0.25833333333333336 0.023333333333333334 0.02666666666666667
0 0.12833333333333333 0.4533333333333333 0.03 0.023333333333333334
0 0.25333333333333335 0.24333333333333335 0.03 0.03
0 0.39166666666666666 0.27666666666666667 0.02666666666666667 0.023333333333333334
0 0.43833333333333335 0.15166666666666667 0.03 0.03
0 0.35 0.31666666666666665 0.023333333333333334 0.023333333333333334
0 0.575 0.3383333333333333 0.023333333333333334 0.03
0 0.8966666666666666 0.37 0.03333333333333333 0.035
0 0.9233333333333333 0.4666666666666667 0.02666666666666667 0.02666666666666667
0 0.935 0.4 0.02666666666666667 0.02666666666666667
0 0.015 0.03666666666666667 0.023333333333333334 0.02
0 0.011666666666666667 0.23666666666666666 0.02 0.02
0 0.12 0.9 0.03 0.035
0 0.08 0.8283333333333334 0.023333333333333334 0.03
0 0.34 0.6633333333333333 0.023333333333333334 0.023333333333333334
0 0.18333333333333332 0.5466666666666666 0.03166666666666667 0.03166666666666667
0 0.49833333333333335 0.6316666666666667 0.02666666666666667 0.023333333333333334
0 0.23166666666666666 0.6633333333333333 0.023333333333333334 0.02
0 0.47833333333333333 0.6616666666666666 0.02 0.02
0 0.46166666666666667 0.6183333333333333 0.023333333333333334 0.023333333333333334
0 0.16333333333333333 0.89 0.03 0.03
0 0.8 0.885 0.03166666666666667 0.03166666666666667
0 0.8316666666666667 0.8183333333333334 0.03 0.028333333333333332