0 0.8333333333333334 0.685 0.02666666666666667 0.03333333333333333
0 0.9133333333333333 0.71 0.03 0.021666666666666667
0 0.8566666666666667 0.7116666666666667 0.023333333333333334 0.023333333333333334
0 0.9 0.735 0.03 0.023333333333333334
0 0.66 0.8433333333333334 0.02666666666666667 0.02
0 0.9233333333333333 0.8883333333333333 0.03 0.023333333333333334
0 0.9233333333333333 0.9466666666666667 0.023333333333333334 0.02
0 0.9316666666666666 0.93 0.025 0.018333333333333333
0 0.8983333333333333 0.92 0.023333333333333334 0.02666666666666667
0 0.8516666666666667 0.5283333333333333 0.023333333333333334 0.02
0 0.9266666666666666 0.9633333333333334 0.023333333333333334 0.016666666666666666
0 0.37166666666666665 0.37833333333333335 0.023333333333333334 0.021666666666666667
0 0.36 0.13333333333333333 0.023333333333333334 0.021666666666666667
0 0.4116666666666667 0.6116666666666667 0.023333333333333334 0.02
0 0.395 0.6533333333333333 0.023333333333333334 0.02
0 0.3566666666666667 0.665 0.023333333333333334 0.023333333333333334
0 0.3383333333333333 0.6883333333333334 0.023333333333333334 0.02
0 0.31833333333333336 0.805 0.03 0.023333333333333334
0 0.35833333333333334 0.8166666666666667 0.02666666666666667 0.02
0 0.38333333333333336 0.8316666666666667 0.023333333333333334 0.023333333333333334
0 0.31666666666666665 0.8533333333333334 0.02666666666666667 0.023333333333333334
0 0.38333333333333336 0.8683333333333333 0.02 0.02
0 0.35 0.9566666666666667 0.023333333333333334 0.023333333333333334
0 0.3983333333333333 0.7183333333333334 0.02666666666666667 0.02666666666666667
0 0.3933333333333333 0.6166666666666667 0.02 0.02
0 0.3233333333333333 0.8366666666666667 0.023333333333333334 0.023333333333333334
0 0.39 0.9433333333333334 0.02 0.02
0 0.36666666666666664 0.9766666666666667 0.023333333333333334 0.02
0 0.36666666666666664 0.6333333333333333 0.023333333333333334 0.02
0 0.37666666666666665 0.6466666666666666 0.02 0.02
0 0.9133333333333333 0.013333333333333334 0.02666666666666667 0.02
0 0.7916666666666666 0.03166666666666667 0.023333333333333334 0.02666666666666667
0 0.88 0.045 0.023333333333333334 0.02
0 0.8683333333333333 0.06166666666666667 0.023333333333333334 0.02666666666666667
0 0.8866666666666667 0.08666666666666667 0.023333333333333334 0.023333333333333334
0 0.9383333333333334 0.12333333333333334 0.02 0.023333333333333334
0 0.5633333333333334 0.14833333333333334 0.02 0.02
0 0.9366666666666666 0.16666666666666666 0.023333333333333334 0.02
0 0.675 0.17666666666666667 0.023333333333333334 0.02
0 0.9 0.195 0.03 0.023333333333333334
0 0.5883333333333334 0.20333333333333334 0.02 0.023333333333333334
0 0.805 0.20833333333333334 0.02 0.023333333333333334
0 0.95 0.21666666666666667 0.023333333333333334 0.02
0 0.9233333333333333 0.22666666666666666 0.023333333333333334 0.023333333333333334
0 0.9516666666666667 0.2833333333333333 0.02666666666666667 0.02
0 0.8966666666666666 0.425 0.02 0.023333333333333334
0 0.8616666666666667 0.4666666666666667 0.023333333333333334 0.02
0 0.9366666666666666 0.19666666666666666 0.02 0.02
0 0.5883333333333334 0.175 0.023333333333333334 0.02
0 0.9616666666666667 0.2633333333333333 0.02666666666666667 0.02666666666666667
0 0.8383333333333334 0.021666666666666667 0.02666666666666667 0.02666666666666667
0 0.9333333333333333 0.25666666666666665 0.02 0.023333333333333334
0 0.8816666666666667 0.4766666666666667 0.02 0.02
0 0.49833333333333335 0.2916666666666667 0.023333333333333334 0.023333333333333334
0 0.9016666666666666 0.075 0.023333333333333334 0.023333333333333334
0 0.8983333333333333 0.175 0.023333333333333334 0.02
0 0.9783333333333334 0.21166666666666667 0.013333333333333334 0.02
0 0.9883333333333333 0.19 0.02 0.02
0 0.9866666666666667 0.335 0.02 0.023333333333333334
0 0.9033333333333333 0.09333333333333334 0.02666666666666667 0.03
0 0.9066666666666666 0.49833333333333335 0.03 0.02