0 0.10833333333333334 0.021666666666666667 0.02666666666666667 0.023333333333333334
0 0.63 0.82 0.02666666666666667 0.02666666666666667
0 0.14 0.7983333333333333 0.023333333333333334 0.02
0 0.3933333333333333 0.765 0.023333333333333334 0.02666666666666667
0 0.3383333333333333 0.7666666666666667 0.023333333333333334 0.02666666666666667
0 0.42833333333333334 0.8033333333333333 0.023333333333333334 0.023333333333333334
0 0.24 0.18833333333333332 0.02666666666666667 0.02
0 0.5666666666666667 0.8133333333333334 0.03 0.03
0 0.18666666666666668 0.65 0.03 0.02666666666666667
0 0.4683333333333333 0.855 0.02666666666666667 0.023333333333333334
0 0.051666666666666666 0.10333333333333333 0.02666666666666667 0.02666666666666667
0 0.11 0.8016666666666666 0.023333333333333334 0.023333333333333334
0 0.06833333333333333 0.1 0.02666666666666667 0.02666666666666667
0 0.05333333333333334 0.041666666666666664 0.03 0.03
0 0.35333333333333333 0.815 0.02666666666666667 0.03
0 0.125 0.6433333333333333 0.021666666666666667 0.02666666666666667
0 0.03166666666666667 0.075 0.03 0.02666666666666667
0 0.6033333333333334 0.89 0.023333333333333334 0.03