0 0.5 0.7833333333333333 0.02666666666666667 0.02666666666666667
0 0.6716666666666666 0.81 0.023333333333333334 0.023333333333333334
0 0.8683333333333333 0.7966666666666666 0.023333333333333334 0.02666666666666667
0 0.9233333333333333 0.7466666666666667 0.03 0.03333333333333333
0 0.7283333333333334 0.7916666666666666 0.02666666666666667 0.02666666666666667
0 0.5533333333333333 0.7666666666666667 0.023333333333333334 0.023333333333333334
0 0.5733333333333334 0.8333333333333334 0.02666666666666667 0.02666666666666667
0 0.8866666666666667 0.21333333333333335 0.023333333333333334 0.023333333333333334
0 0.9183333333333333 0.23666666666666666 0.02666666666666667 0.02666666666666667
0 0.9366666666666666 0.245 0.02666666666666667 0.02666666666666667
0 0.5233333333333333 0.89 0.02666666666666667 0.02666666666666667