0 0.11333333333333333 0.9583333333333334 0.02666666666666667 0.02666666666666667
0 0.17166666666666666 0.9833333333333333 0.02666666666666667 0.02666666666666667
0 0.7416666666666667 0.645 0.03 0.02666666666666667
0 0.84 0.665 0.028333333333333332 0.02666666666666667
0 0.7666666666666667 0.7283333333333334 0.03 0.02666666666666667
0 0.8466666666666667 0.7183333333333334 0.02 0.02
0 0.9133333333333333 0.8116666666666666 0.023333333333333334 0.023333333333333334
0 0.93 0.8866666666666667 0.02666666666666667 0.023333333333333334
0 0.595 0.07166666666666667 0.02666666666666667 0.02666666666666667
0 0.6433333333333333 0.145 0.02 0.02
0 0.6433333333333333 0.31333333333333335 0.023333333333333334 0.02
0 0.6666666666666666 0.3233333333333333 0.023333333333333334 0.023333333333333334
0 0.5783333333333334 0.33166666666666667 0.03 0.023333333333333334
0 0.6116666666666667 0.3333333333333333 0.03 0.03
0 0.6583333333333333 0.3566666666666667 0.023333333333333334 0.02
0 0.6316666666666667 0.36666666666666664 0.03 0.02666666666666667
0 0.5566666666666666 0.058333333333333334 0.03333333333333333 0.03
0 0.6416666666666667 0.16666666666666666 0.02666666666666667 0.02666666666666667
0 0.6266666666666667 0.15833333333333333 0.02 0.02
0 0.615 0.13333333333333333 0.023333333333333334 0.023333333333333334
0 0.9333333333333333 0.44166666666666665 0.023333333333333334 0.02
0 0.7416666666666667 0.3933333333333333 0.02666666666666667 0.02666666666666667
0 0.7066666666666667 0.36833333333333335 0.023333333333333334 0.023333333333333334
0 0.695 0.49666666666666665 0.02666666666666667 0.023333333333333334
0 0.8516666666666667 0.01 0.025 0.018333333333333333