0 0.37666666666666665 0.08666666666666667 0.023333333333333334 0.02666666666666667
0 0.7066666666666667 0.011666666666666667 0.03 0.023333333333333334
0 0.7083333333333334 0.38166666666666665 0.023333333333333334 0.02666666666666667
0 0.8566666666666667 0.45166666666666666 0.02 0.02666666666666667
0 0.645 0.425 0.03333333333333333 0.023333333333333334
0 0.5916666666666667 0.44666666666666666 0.025 0.023333333333333334
0 0.75 0.155 0.03 0.023333333333333334
0 0.5333333333333333 0.43333333333333335 0.03 0.02666666666666667
0 0.5216666666666666 0.48333333333333334 0.02666666666666667 0.023333333333333334
0 0.7633333333333333 0.47 0.02666666666666667 0.02666666666666667
0 0.7466666666666667 0.395 0.02666666666666667 0.02666666666666667
0 0.97 0.315 0.023333333333333334 0.023333333333333334
0 0.13833333333333334 0.975 0.02666666666666667 0.023333333333333334
0 0.06333333333333334 0.8916666666666667 0.018333333333333333 0.018333333333333333
0 0.39 0.9533333333333334 0.02 0.023333333333333334
0 0.5083333333333333 0.95 0.02666666666666667 0.023333333333333334
0 0.4816666666666667 0.9633333333333334 0.02 0.023333333333333334
0 0.37333333333333335 0.95 0.016666666666666666 0.023333333333333334
0 0.8766666666666667 0.5483333333333333 0.03 0.03
0 0.8166666666666667 0.635 0.03 0.03
0 0.6233333333333333 0.7716666666666666 0.023333333333333334 0.023333333333333334
0 0.72 0.49833333333333335 0.03 0.035
0 0.385 0.5016666666666667 0.028333333333333332 0.028333333333333332
0 0.35833333333333334 0.5016666666666667 0.023333333333333334 0.023333333333333334
0 0.38666666666666666 0.06 0.02 0.025
0 0.5466666666666666 0.495 0.016666666666666666 0.021666666666666667
0 0.6116666666666667 0.44333333333333336 0.02 0.025
0 0.42333333333333334 0.73 0.025 0.03
0 0.38666666666666666 0.035 0.021666666666666667 0.023333333333333334
0 0.2 0.5416666666666666 0.018333333333333333 0.021666666666666667