0 0.4533333333333333 0.5633333333333334 0.02666666666666667 0.023333333333333334
0 0.47333333333333333 0.705 0.03 0.02666666666666667
0 0.28 0.8916666666666667 0.028333333333333332 0.028333333333333332
0 0.011666666666666667 0.905 0.023333333333333334 0.03
0 0.7416666666666667 0.2833333333333333 0.03333333333333333 0.02666666666666667
0 0.6866666666666666 0.63 0.03 0.03
0 0.6166666666666667 0.64 0.02666666666666667 0.02
0 0.6166666666666667 0.66 0.03 0.02666666666666667
0 0.6866666666666666 0.63 0.03 0.03
0 0.7283333333333334 0.7516666666666667 0.02666666666666667 0.023333333333333334
0 0.6416666666666667 0.485 0.02666666666666667 0.02666666666666667
0 0.735 0.96 0.03 0.03
0 0.6083333333333333 0.875 0.03 0.03
0 0.5466666666666666 0.635 0.03 0.03
0 0.7083333333333334 0.5783333333333334 0.03333333333333333 0.03333333333333333
0 0.23333333333333334 0.11333333333333333 0.02666666666666667 0.03333333333333333
0 0.3416666666666667 0.215 0.023333333333333334 0.02666666666666667
0 0.27 0.15166666666666667 0.023333333333333334 0.03666666666666667
0 0.36833333333333335 0.17166666666666666 0.02666666666666667 0.023333333333333334
0 0.34833333333333333 0.15833333333333333 0.02666666666666667 0.023333333333333334
0 0.4766666666666667 0.4066666666666667 0.028333333333333332 0.02666666666666667
0 0.35 0.6 0.03 0.028333333333333332
0 0.36333333333333334 0.5383333333333333 0.03 0.03
0 0.48333333333333334 0.35833333333333334 0.025 0.023333333333333334
0 0.5 0.6733333333333333 0.02 0.021666666666666667
0 0.5216666666666666 0.5066666666666667 0.021666666666666667 0.02