0 0.835 0.6733333333333333 0.02666666666666667 0.03
0 0.7233333333333334 0.5733333333333334 0.03 0.023333333333333334
0 0.9283333333333333 0.645 0.023333333333333334 0.023333333333333334
0 0.8333333333333334 0.5116666666666667 0.02 0.02
0 0.8166666666666667 0.5216666666666666 0.023333333333333334 0.02
0 0.67 0.17666666666666667 0.03 0.023333333333333334
0 0.55 0.14166666666666666 0.023333333333333334 0.025
0 0.6633333333333333 0.8783333333333333 0.03 0.02666666666666667
0 0.6033333333333334 0.38666666666666666 0.02666666666666667 0.02666666666666667
0 0.8966666666666666 0.06 0.03 0.02
0 0.8116666666666666 0.14333333333333334 0.02 0.023333333333333334
0 0.7866666666666666 0.28833333333333333 0.025 0.02666666666666667
0 0.7466666666666667 0.8366666666666667 0.023333333333333334 0.023333333333333334
0 0.8083333333333333 0.8066666666666666 0.03 0.03
0 0.76 0.8533333333333334 0.02 0.02
0 0.7966666666666666 0.8816666666666667 0.023333333333333334 0.02666666666666667
0 0.8416666666666667 0.2633333333333333 0.02666666666666667 0.023333333333333334
0 0.6883333333333334 0.5816666666666667 0.03 0.02666666666666667
0 0.7566666666666667 0.64 0.023333333333333334 0.02
0 0.7916666666666666 0.62 0.023333333333333334 0.02
0 0.6066666666666667 0.5833333333333334 0.02 0.023333333333333334
0 0.7116666666666667 0.8166666666666667 0.023333333333333334 0.02666666666666667
0 0.6783333333333333 0.9466666666666667 0.023333333333333334 0.023333333333333334
0 0.8433333333333334 0.35333333333333333 0.02 0.02
0 0.825 0.31833333333333336 0.02 0.023333333333333334
0 0.5633333333333334 0.17166666666666666 0.023333333333333334 0.023333333333333334
0 0.8716666666666667 0.26666666666666666 0.02666666666666667 0.02666666666666667
0 0.8716666666666667 0.24166666666666667 0.023333333333333334 0.02666666666666667
0 0.6916666666666667 0.10833333333333334 0.03 0.02666666666666667
0 0.6133333333333333 0.18666666666666668 0.023333333333333334 0.03
0 0.8666666666666667 0.48 0.021666666666666667 0.021666666666666667
0 0.565 0.19333333333333333 0.02 0.02
0 0.525 0.13333333333333333 0.023333333333333334 0.03
0 0.8683333333333333 0.7716666666666666 0.02 0.02
0 0.8833333333333333 0.35333333333333333 0.02 0.028333333333333332
0 0.8416666666666667 0.94 0.023333333333333334 0.02666666666666667
0 0.7483333333333333 0.8116666666666666 0.025 0.028333333333333332
0 0.8816666666666667 0.7883333333333333 0.023333333333333334 0.028333333333333332
0 0.8766666666666667 0.67 0.025 0.02666666666666667
0 0.6833333333333333 0.46166666666666667 0.025 0.028333333333333332