0 0.5316666666666666 0.2733333333333333 0.02666666666666667 0.02666666666666667
0 0.7416666666666667 0.31333333333333335 0.02666666666666667 0.02666666666666667
0 0.6966666666666667 0.21166666666666667 0.02666666666666667 0.03
0 0.6816666666666666 0.325 0.03 0.03
0 0.9266666666666666 0.056666666666666664 0.02 0.02
0 0.9466666666666667 0.051666666666666666 0.023333333333333334 0.03
0 0.585 0.26 0.02 0.02
0 0.7216666666666667 0.16166666666666665 0.02666666666666667 0.03
0 0.7716666666666666 0.09833333333333333 0.02666666666666667 0.023333333333333334
0 0.5483333333333333 0.20333333333333334 0.02666666666666667 0.02666666666666667
0 0.935 0.11166666666666666 0.023333333333333334 0.023333333333333334
0 0.9266666666666666 0.02666666666666667 0.023333333333333334 0.023333333333333334
0 0.5566666666666666 0.345 0.02666666666666667 0.02666666666666667
0 0.9083333333333333 0.12333333333333334 0.023333333333333334 0.02666666666666667
0 0.5966666666666667 0.18166666666666667 0.03 0.02666666666666667
0 0.7433333333333333 0.09166666666666666 0.023333333333333334 0.03
0 0.9083333333333333 0.15 0.02666666666666667 0.02666666666666667
0 0.6983333333333334 0.15666666666666668 0.03333333333333333 0.023333333333333334
0 0.7066666666666667 0.025 0.023333333333333334 0.03
0 0.905 0.05 0.018333333333333333 0.025
0 0.665 0.10666666666666667 0.02 0.023333333333333334
0 0.5433333333333333 0.15166666666666667 0.016666666666666666 0.02666666666666667
0 0.605 0.30833333333333335 0.016666666666666666 0.02
0 0.8866666666666667 0.051666666666666666 0.02 0.02666666666666667
0 0.8016666666666666 0.19166666666666668 0.02666666666666667 0.03
0 0.88 0.19 0.016666666666666666 0.02
0 0.2966666666666667 0.2833333333333333 0.03 0.03
0 0.43833333333333335 0.29833333333333334 0.02666666666666667 0.02666666666666667
0 0.43833333333333335 0.23333333333333334 0.02 0.023333333333333334
0 0.5066666666666667 0.25166666666666665 0.023333333333333334 0.025
0 0.20166666666666666 0.19833333333333333 0.03 0.02
0 0.21666666666666667 0.26666666666666666 0.023333333333333334 0.02
0 0.22333333333333333 0.3883333333333333 0.02666666666666667 0.03
0 0.17333333333333334 0.13166666666666665 0.02 0.023333333333333334
0 0.20666666666666667 0.06833333333333333 0.023333333333333334 0.023333333333333334
0 0.325 0.041666666666666664 0.023333333333333334 0.023333333333333334
0 0.4066666666666667 0.08333333333333333 0.023333333333333334 0.02
0 0.39166666666666666 0.11333333333333333 0.02 0.02
0 0.4033333333333333 0.12833333333333333 0.02 0.02
0 0.235 0.051666666666666666 0.03 0.03
0 0.4633333333333333 0.24666666666666667 0.023333333333333334 0.023333333333333334
0 0.45166666666666666 0.09 0.02666666666666667 0.02666666666666667
0 0.21 0.16166666666666665 0.023333333333333334 0.02
0 0.13833333333333334 0.13166666666666665 0.02666666666666667 0.03
0 0.10666666666666667 0.11833333333333333 0.03 0.03666666666666667
0 0.92 0.9483333333333334 0.023333333333333334 0.023333333333333334
0 0.9316666666666666 0.6483333333333333 0.02666666666666667 0.02666666666666667
0 0.8583333333333333 0.6833333333333333 0.02666666666666667 0.02666666666666667
0 0.8833333333333333 0.8216666666666667 0.023333333333333334 0.02
0 0.31166666666666665 0.008333333333333333 0.02666666666666667 0.016666666666666666
0 0.47833333333333333 0.006666666666666667 0.023333333333333334 0.013333333333333334
0 0.015 0.985 0.02666666666666667 0.02666666666666667
0 0.10666666666666667 0.11833333333333333 0.03 0.03666666666666667
0 0.305 0.36666666666666664 0.028333333333333332 0.023333333333333334