0 0.6333333333333333 0.24333333333333335 0.03 0.02666666666666667
0 0.6066666666666667 0.03666666666666667 0.02666666666666667 0.03
0 0.3416666666666667 0.3016666666666667 0.03 0.03
0 0.07333333333333333 0.8516666666666667 0.02 0.02666666666666667
0 0.39166666666666666 0.88 0.023333333333333334 0.02666666666666667
0 0.42333333333333334 0.9816666666666667 0.02666666666666667 0.02666666666666667
0 0.435 0.915 0.02666666666666667 0.02666666666666667
0 0.6683333333333333 0.9466666666666667 0.03666666666666667 0.03
0 0.815 0.9416666666666667 0.02 0.02666666666666667
0 0.8466666666666667 0.9533333333333334 0.023333333333333334 0.023333333333333334
0 0.9133333333333333 0.9583333333333334 0.02 0.023333333333333334
0 0.9316666666666666 0.9166666666666666 0.02666666666666667 0.03
0 0.8883333333333333 0.9533333333333334 0.023333333333333334 0.02
0 0.5233333333333333 0.9033333333333333 0.02666666666666667 0.02666666666666667
0 0.7683333333333333 0.9416666666666667 0.023333333333333334 0.023333333333333334
0 0.9866666666666667 0.9183333333333333 0.023333333333333334 0.023333333333333334