0 0.49333333333333335 0.5 0.02666666666666667 0.03
0 0.37 0.4166666666666667 0.02666666666666667 0.02
0 0.2816666666666667 0.31333333333333335 0.03 0.02666666666666667
0 0.08333333333333333 0.14833333333333334 0.03 0.03
0 0.22166666666666668 0.39666666666666667 0.02 0.02
0 0.37166666666666665 0.5266666666666666 0.023333333333333334 0.023333333333333334
0 0.34 0.5266666666666666 0.02666666666666667 0.02666666666666667
0 0.43666666666666665 0.545 0.023333333333333334 0.023333333333333334
0 0.47333333333333333 0.16 0.02666666666666667 0.023333333333333334
0 0.325 0.32666666666666666 0.02 0.02
0 0.49 0.3466666666666667 0.02 0.02
0 0.2783333333333333 0.37666666666666665 0.02 0.023333333333333334
0 0.39 0.4716666666666667 0.023333333333333334 0.02
0 0.3983333333333333 0.46 0.02666666666666667 0.016666666666666666
0 0.4583333333333333 0.18166666666666667 0.023333333333333334 0.023333333333333334
0 0.36833333333333335 0.615 0.023333333333333334 0.02
0 0.2633333333333333 0.37666666666666665 0.02 0.023333333333333334
0 0.21166666666666667 0.3566666666666667 0.023333333333333334 0.02666666666666667
0 0.35 0.3466666666666667 0.02 0.02
0 0.33666666666666667 0.4816666666666667 0.023333333333333334 0.023333333333333334
0 0.41333333333333333 0.35833333333333334 0.023333333333333334 0.023333333333333334
0 0.07666666666666666 0.24666666666666667 0.023333333333333334 0.02666666666666667
0 0.055 0.21166666666666667 0.023333333333333334 0.023333333333333334
0 0.37833333333333335 0.48833333333333334 0.02 0.023333333333333334
0 0.48833333333333334 0.3883333333333333 0.023333333333333334 0.02666666666666667
0 0.345 0.32666666666666666 0.023333333333333334 0.02
0 0.7066666666666667 0.5783333333333334 0.03 0.02
0 0.67 0.5783333333333334 0.02 0.023333333333333334
0 0.6466666666666666 0.5833333333333334 0.023333333333333334 0.02666666666666667
0 0.7716666666666666 0.695 0.02 0.02666666666666667
0 0.75 0.7016666666666667 0.023333333333333334 0.03333333333333333
0 0.6516666666666666 0.48833333333333334 0.02 0.023333333333333334
0 0.6966666666666667 0.445 0.023333333333333334 0.02666666666666667
0 0.6366666666666667 0.43833333333333335 0.02 0.02
0 0.65 0.37 0.02666666666666667 0.023333333333333334
0 0.7783333333333333 0.4683333333333333 0.02 0.023333333333333334
0 0.5366666666666666 0.3566666666666667 0.023333333333333334 0.02
0 0.8833333333333333 0.37333333333333335 0.02 0.03
0 0.49833333333333335 0.06166666666666667 0.02666666666666667 0.02
0 0.5183333333333333 0.16666666666666666 0.03 0.03
0 0.6533333333333333 0.3333333333333333 0.02666666666666667 0.023333333333333334
0 0.8416666666666667 0.165 0.02666666666666667 0.023333333333333334
0 0.9216666666666666 0.4716666666666667 0.023333333333333334 0.023333333333333334
0 0.8733333333333333 0.01 0.03 0.02
0 0.6116666666666667 0.24166666666666667 0.018333333333333333 0.018333333333333333
0 0.715 0.4266666666666667 0.023333333333333334 0.023333333333333334
0 0.49833333333333335 0.41 0.023333333333333334 0.023333333333333334
0 0.6883333333333334 0.42333333333333334 0.023333333333333334 0.023333333333333334
0 0.37833333333333335 0.48833333333333334 0.02 0.023333333333333334
0 0.5716666666666667 0.34 0.023333333333333334 0.023333333333333334
0 0.7483333333333333 0.63 0.028333333333333332 0.025