0 0.2966666666666667 0.275 0.03 0.023333333333333334
0 0.19333333333333333 0.18833333333333332 0.02 0.02
0 0.15166666666666667 0.23333333333333334 0.02666666666666667 0.023333333333333334
0 0.18666666666666668 0.40166666666666667 0.02666666666666667 0.02
0 0.36833333333333335 0.7583333333333333 0.02 0.023333333333333334
0 0.6533333333333333 0.7966666666666666 0.02666666666666667 0.023333333333333334
0 0.895 0.7616666666666667 0.02666666666666667 0.03
0 0.9416666666666667 0.6316666666666667 0.023333333333333334 0.023333333333333334
0 0.9566666666666667 0.67 0.02666666666666667 0.023333333333333334
0 0.9033333333333333 0.6433333333333333 0.02666666666666667 0.02666666666666667
0 0.9266666666666666 0.18333333333333332 0.023333333333333334 0.023333333333333334
0 0.96 0.17833333333333334 0.023333333333333334 0.02
0 0.5766666666666667 0.10833333333333334 0.03 0.02666666666666667
0 0.9433333333333334 0.5633333333333334 0.02666666666666667 0.02666666666666667
0 0.9266666666666666 0.5616666666666666 0.02 0.02
0 0.9133333333333333 0.6066666666666667 0.02666666666666667 0.023333333333333334
0 0.86 0.23666666666666666 0.03 0.023333333333333334
0 0.8733333333333333 0.21333333333333335 0.023333333333333334 0.023333333333333334
0 0.5216666666666666 0.03166666666666667 0.023333333333333334 0.02
0 0.6466666666666666 0.7166666666666667 0.02666666666666667 0.02666666666666667
0 0.9283333333333333 0.5233333333333333 0.023333333333333334 0.023333333333333334
0 0.7833333333333333 0.6916666666666667 0.02666666666666667 0.023333333333333334
0 0.7433333333333333 0.8833333333333333 0.023333333333333334 0.023333333333333334
0 0.5983333333333334 0.8783333333333333 0.02666666666666667 0.02666666666666667
0 0.8416666666666667 0.7466666666666667 0.02666666666666667 0.02666666666666667
0 0.20833333333333334 0.26166666666666666 0.02666666666666667 0.02666666666666667
0 0.6516666666666666 0.875 0.023333333333333334 0.023333333333333334
0 0.6733333333333333 0.6933333333333334 0.02666666666666667 0.02666666666666667
0 0.4666666666666667 0.8683333333333333 0.023333333333333334 0.02
0 0.385 0.6983333333333334 0.02 0.02
0 0.8433333333333334 0.6266666666666667 0.023333333333333334 0.023333333333333334
0 0.9083333333333333 0.4866666666666667 0.02666666666666667 0.02666666666666667
0 0.8283333333333334 0.27666666666666667 0.02666666666666667 0.023333333333333334
0 0.5683333333333334 0.92 0.023333333333333334 0.023333333333333334
0 0.7383333333333333 0.775 0.023333333333333334 0.023333333333333334
0 0.9716666666666667 0.056666666666666664 0.02666666666666667 0.023333333333333334
0 0.7483333333333333 0.8133333333333334 0.02666666666666667 0.02666666666666667
0 0.9633333333333334 0.36 0.023333333333333334 0.023333333333333334
0 0.4083333333333333 0.655 0.023333333333333334 0.023333333333333334
0 0.93 0.06166666666666667 0.02666666666666667 0.02666666666666667
0 0.2683333333333333 0.20333333333333334 0.023333333333333334 0.023333333333333334
0 0.695 0.7166666666666667 0.02666666666666667 0.023333333333333334
0 0.43333333333333335 0.15166666666666667 0.023333333333333334 0.023333333333333334
0 0.8416666666666667 0.3566666666666667 0.02666666666666667 0.02666666666666667
0 0.9316666666666666 0.6966666666666667 0.02 0.02
0 0.32166666666666666 0.37666666666666665 0.023333333333333334 0.02
0 0.7383333333333333 0.7516666666666667 0.023333333333333334 0.023333333333333334
0 0.6266666666666667 0.15833333333333333 0.02666666666666667 0.02666666666666667
0 0.5566666666666666 0.06333333333333334 0.02 0.02
0 0.8516666666666667 0.7216666666666667 0.023333333333333334 0.02
0 0.42833333333333334 0.028333333333333332 0.023333333333333334 0.02
0 0.20166666666666666 0.5683333333333334 0.02666666666666667 0.02666666666666667
0 0.37833333333333335 0.19666666666666666 0.02 0.02
0 0.7216666666666667 0.6983333333333334 0.023333333333333334 0.023333333333333334
0 0.23333333333333334 0.30333333333333334 0.023333333333333334 0.023333333333333334
0 0.19 0.43333333333333335 0.023333333333333334 0.02
0 0.98 0.4116666666666667 0.023333333333333334 0.023333333333333334
0 0.4116666666666667 0.6733333333333333 0.02 0.02
0 0.685 0.7216666666666667 0.023333333333333334 0.023333333333333334
0 0.19333333333333333 0.23833333333333334 0.03 0.023333333333333334
0 0.3433333333333333 0.7766666666666666 0.02666666666666667 0.023333333333333334
0 0.36 0.3516666666666667 0.03333333333333333 0.02666666666666667
0 0.81 0.4766666666666667 0.03333333333333333 0.03333333333333333
0 0.7733333333333333 0.49166666666666664 0.03333333333333333 0.03333333333333333
0 0.8116666666666666 0.39666666666666667 0.03333333333333333 0.03
0 0.9633333333333334 0.4633333333333333 0.03666666666666667 0.023333333333333334
0 0.5183333333333333 0.8433333333333334 0.02666666666666667 0.03
0 0.5283333333333333 0.6883333333333334 0.03333333333333333 0.03333333333333333
0 0.9566666666666667 0.52 0.023333333333333334 0.02
0 0.9616666666666667 0.5083333333333333 0.023333333333333334 0.02
0 0.9633333333333334 0.485 0.02666666666666667 0.023333333333333334
0 0.49666666666666665 0.31 0.03 0.02666666666666667
0 0.36833333333333335 0.15333333333333332 0.02 0.016666666666666666
0 0.9833333333333333 0.24833333333333332 0.03 0.023333333333333334
0 0.94 0.15833333333333333 0.023333333333333334 0.02666666666666667
0 0.98 0.11666666666666667 0.023333333333333334 0.023333333333333334
0 0.8183333333333334 0.685 0.023333333333333334 0.03666666666666667
0 0.8933333333333333 0.5683333333333334 0.023333333333333334 0.023333333333333334
0 0.2866666666666667 0.9716666666666667 0.02666666666666667 0.02666666666666667
0 0.3933333333333333 0.7283333333333334 0.02666666666666667 0.023333333333333334
0 0.4533333333333333 0.7883333333333333 0.02 0.02
0 0.42833333333333334 0.30333333333333334 0.03 0.02666666666666667
0 0.195 0.4583333333333333 0.023333333333333334 0.023333333333333334
0 0.15166666666666667 0.425 0.02666666666666667 0.02666666666666667
0 0.3016666666666667 0.8466666666666667 0.03 0.016666666666666666
0 0.9466666666666667 0.5966666666666667 0.02666666666666667 0.02666666666666667
0 0.8883333333333333 0.9283333333333333 0.023333333333333334 0.03
0 0.9116666666666666 0.9233333333333333 0.023333333333333334 0.023333333333333334
0 0.9666666666666667 0.8766666666666667 0.02666666666666667 0.02
0 0.7416666666666667 0.8516666666666667 0.02666666666666667 0.03
0 0.3433333333333333 0.7766666666666666 0.02666666666666667 0.023333333333333334