0 0.765 0.5416666666666666 0.03 0.023333333333333334
0 0.9666666666666667 0.5816666666666667 0.023333333333333334 0.023333333333333334
0 0.95 0.745 0.023333333333333334 0.03
0 0.4116666666666667 0.8616666666666667 0.03 0.02666666666666667
0 0.36833333333333335 0.7916666666666666 0.03166666666666667 0.02666666666666667
0 0.3016666666666667 0.7183333333333334 0.021666666666666667 0.025
0 0.17833333333333334 0.805 0.03 0.03
0 0.43666666666666665 0.8066666666666666 0.02 0.02666666666666667
0 0.33 0.705 0.02 0.023333333333333334
0 0.3566666666666667 0.74 0.02666666666666667 0.023333333333333334
0 0.2916666666666667 0.6633333333333333 0.023333333333333334 0.02666666666666667
0 0.6166666666666667 0.6666666666666666 0.03333333333333333 0.023333333333333334
0 0.7216666666666667 0.7266666666666667 0.02666666666666667 0.03
0 0.695 0.7233333333333334 0.02666666666666667 0.03
0 0.37333333333333335 0.85 0.02 0.02666666666666667
0 0.39 0.8233333333333334 0.02666666666666667 0.02666666666666667
0 0.21666666666666667 0.6766666666666666 0.02666666666666667 0.02666666666666667
0 0.135 0.7566666666666667 0.023333333333333334 0.023333333333333334
0 0.9833333333333333 0.8183333333333334 0.02 0.03333333333333333
0 0.8483333333333334 0.6216666666666667 0.03 0.03
0 0.45666666666666667 0.8033333333333333 0.016666666666666666 0.02
0 0.4766666666666667 0.8016666666666666 0.023333333333333334 0.02
0 0.7483333333333333 0.8016666666666666 0.02 0.02
0 0.33666666666666667 0.8433333333333334 0.03 0.023333333333333334
0 0.675 0.7683333333333333 0.03 0.023333333333333334
0 0.29833333333333334 0.9816666666666667 0.02666666666666667 0.023333333333333334
0 0.16166666666666665 0.87 0.02 0.02
0 0.6516666666666666 0.6583333333333333 0.02 0.02
0 0.6483333333333333 0.5333333333333333 0.02 0.02
0 0.34 0.6516666666666666 0.02 0.02666666666666667
0 0.17166666666666666 0.6316666666666667 0.02666666666666667 0.02
0 0.25333333333333335 0.6333333333333333 0.02666666666666667 0.023333333333333334
0 0.2916666666666667 0.5416666666666666 0.023333333333333334 0.023333333333333334
0 0.3333333333333333 0.68 0.023333333333333334 0.02
0 0.7916666666666666 0.26166666666666666 0.03166666666666667 0.03666666666666667
0 0.7933333333333333 0.425 0.02666666666666667 0.02666666666666667
0 0.6066666666666667 0.4066666666666667 0.02666666666666667 0.02
0 0.8283333333333334 0.07333333333333333 0.02666666666666667 0.023333333333333334
0 0.97 0.33166666666666667 0.03 0.02666666666666667
0 0.7466666666666667 0.21666666666666667 0.023333333333333334 0.03
0 0.6383333333333333 0.345 0.02 0.02
0 0.47833333333333333 0.37333333333333335 0.02666666666666667 0.023333333333333334
0 0.505 0.3566666666666667 0.02 0.02666666666666667
0 0.3283333333333333 0.2816666666666667 0.03 0.03
0 0.4716666666666667 0.42333333333333334 0.02 0.02666666666666667
0 0.45666666666666667 0.435 0.02 0.02
0 0.44333333333333336 0.41833333333333333 0.02666666666666667 0.023333333333333334
0 0.42833333333333334 0.43333333333333335 0.03 0.03
0 0.385 0.4666666666666667 0.02666666666666667 0.03
0 0.15333333333333332 0.4266666666666667 0.02666666666666667 0.02666666666666667
0 0.4166666666666667 0.4766666666666667 0.02666666666666667 0.023333333333333334
0 0.3383333333333333 0.4116666666666667 0.02 0.02
0 0.17166666666666666 0.19666666666666666 0.03 0.03
0 0.2816666666666667 0.2683333333333333 0.02 0.02
0 0.405 0.075 0.03 0.03
0 0.2633333333333333 0.24333333333333335 0.02666666666666667 0.02666666666666667
0 0.38 0.39166666666666666 0.02 0.02
0 0.495 0.43666666666666665 0.023333333333333334 0.02
0 0.3333333333333333 0.4666666666666667 0.02 0.03
0 0.3566666666666667 0.4866666666666667 0.023333333333333334 0.02
0 0.16833333333333333 0.4483333333333333 0.023333333333333334 0.02
0 0.47333333333333333 0.39 0.02 0.02
0 0.2783333333333333 0.058333333333333334 0.02666666666666667 0.023333333333333334
0 0.06166666666666667 0.17666666666666667 0.03 0.035
0 0.11833333333333333 0.19833333333333333 0.028333333333333332 0.028333333333333332
0 0.26 0.845 0.021666666666666667 0.028333333333333332
0 0.8883333333333333 0.8783333333333333 0.02666666666666667 0.03166666666666667
0 0.09833333333333333 0.6933333333333334 0.021666666666666667 0.02
0 0.16833333333333333 0.7 0.028333333333333332 0.025
0 0.6116666666666667 0.6033333333333334 0.03 0.02666666666666667
0 0.7333333333333333 0.19333333333333333 0.028333333333333332 0.028333333333333332
0 0.655 0.315 0.02666666666666667 0.02666666666666667
0 0.9083333333333333 0.925 0.03 0.03
0 0.57 0.425 0.023333333333333334 0.02
0 0.445 0.16166666666666665 0.025 0.02666666666666667
0 0.6883333333333334 0.5666666666666667 0.02666666666666667 0.028333333333333332
0 0.11166666666666666 0.24333333333333335 0.03833333333333333 0.03666666666666667