0 0.28 0.22333333333333333 0.03833333333333333 0.03
0 0.9466666666666667 0.5683333333333334 0.023333333333333334 0.023333333333333334
0 0.8983333333333333 0.6266666666666667 0.03 0.03
0 0.5766666666666667 0.79 0.023333333333333334 0.03
0 0.5416666666666666 0.81 0.02 0.03
0 0.6066666666666667 0.7783333333333333 0.02 0.02666666666666667
0 0.555 0.8216666666666667 0.023333333333333334 0.023333333333333334
0 0.6283333333333333 0.8716666666666667 0.03 0.03
0 0.5966666666666667 0.5683333333333334 0.02666666666666667 0.02666666666666667
0 0.6666666666666666 0.84 0.02666666666666667 0.02666666666666667
0 0.6666666666666666 0.93 0.03 0.03
0 0.15 0.5966666666666667 0.028333333333333332 0.02666666666666667
0 0.12166666666666667 0.5733333333333334 0.02666666666666667 0.023333333333333334
0 0.11333333333333333 0.5583333333333333 0.02666666666666667 0.02
0 0.19333333333333333 0.6283333333333333 0.023333333333333334 0.02
0 0.205 0.6416666666666667 0.023333333333333334 0.02
0 0.21833333333333332 0.595 0.03 0.023333333333333334
0 0.22833333333333333 0.5683333333333334 0.02 0.02
0 0.28 0.6466666666666666 0.023333333333333334 0.02666666666666667
0 0.3516666666666667 0.6466666666666666 0.02 0.023333333333333334
0 0.45666666666666667 0.6666666666666666 0.023333333333333334 0.023333333333333334
0 0.47833333333333333 0.6716666666666666 0.03 0.03
0 0.13666666666666666 0.715 0.02 0.02
0 0.14166666666666666 0.7283333333333334 0.02 0.02666666666666667
0 0.165 0.7166666666666667 0.02 0.02
0 0.17666666666666667 0.7433333333333333 0.02666666666666667 0.03
0 0.21833333333333332 0.7533333333333333 0.028333333333333332 0.03833333333333333
0 0.03666666666666667 0.7833333333333333 0.02666666666666667 0.02666666666666667
0 0.15 0.8033333333333333 0.02 0.03
0 0.18166666666666667 0.7733333333333333 0.023333333333333334 0.03
0 0.14333333333333334 0.77 0.03 0.03
0 0.10166666666666667 0.7633333333333333 0.03 0.03666666666666667
0 0.16666666666666666 0.825 0.03 0.02666666666666667
0 0.13166666666666665 0.8366666666666667 0.02 0.02
0 0.16166666666666665 0.8866666666666667 0.03 0.02666666666666667
0 0.11666666666666667 0.8866666666666667 0.02 0.023333333333333334
0 0.041666666666666664 0.9583333333333334 0.03 0.02666666666666667
0 0.051666666666666666 0.9416666666666667 0.02666666666666667 0.023333333333333334
0 0.23666666666666666 0.865 0.02 0.03
0 0.3 0.915 0.02 0.03
0 0.22333333333333333 0.9316666666666666 0.03 0.03
0 0.3616666666666667 0.95 0.03 0.03333333333333333
0 0.495 0.775 0.023333333333333334 0.03
0 0.24833333333333332 0.775 0.03333333333333333 0.03666666666666667
0 0.20833333333333334 0.8883333333333333 0.02666666666666667 0.023333333333333334
0 0.9583333333333334 0.47333333333333333 0.02666666666666667 0.023333333333333334
0 0.9166666666666666 0.24 0.023333333333333334 0.023333333333333334
0 0.7816666666666666 0.14166666666666666 0.02666666666666667 0.02666666666666667
0 0.5216666666666666 0.8116666666666666 0.02 0.03333333333333333
0 0.5116666666666667 0.8483333333333334 0.02666666666666667 0.03
0 0.52 0.76 0.023333333333333334 0.023333333333333334
0 0.8633333333333333 0.565 0.025 0.03166666666666667
0 0.011666666666666667 0.8283333333333334 0.023333333333333334 0.02666666666666667
0 0.021666666666666667 0.32666666666666666 0.021666666666666667 0.02666666666666667