0 0.78 0.30333333333333334 0.03 0.03
0 0.7583333333333333 0.335 0.03 0.03
0 0.83 0.4216666666666667 0.02 0.02
0 0.6483333333333333 0.425 0.023333333333333334 0.02666666666666667
0 0.6383333333333333 0.46166666666666667 0.028333333333333332 0.025
0 0.08333333333333333 0.72 0.02666666666666667 0.023333333333333334
0 0.35333333333333333 0.5666666666666667 0.02666666666666667 0.03
0 0.05333333333333334 0.5633333333333334 0.03 0.03
0 0.013333333333333334 0.5633333333333334 0.023333333333333334 0.02
0 0.008333333333333333 0.58 0.016666666666666666 0.02
0 0.03166666666666667 0.6533333333333333 0.02666666666666667 0.023333333333333334
0 0.7333333333333333 0.785 0.02 0.023333333333333334
0 0.76 0.5816666666666667 0.02666666666666667 0.02
0 0.7166666666666667 0.755 0.025 0.023333333333333334
0 0.7266666666666667 0.865 0.023333333333333334 0.023333333333333334
0 0.725 0.9033333333333333 0.023333333333333334 0.023333333333333334
0 0.755 0.8516666666666667 0.02666666666666667 0.023333333333333334
0 0.03833333333333333 0.3383333333333333 0.023333333333333334 0.023333333333333334
0 0.08333333333333333 0.2916666666666667 0.023333333333333334 0.02
0 0.06333333333333334 0.3016666666666667 0.03 0.023333333333333334
0 0.06833333333333333 0.37333333333333335 0.02666666666666667 0.02
0 0.041666666666666664 0.47833333333333333 0.02 0.02666666666666667
0 0.01 0.5 0.02 0.02
0 0.7966666666666666 0.38666666666666666 0.02666666666666667 0.03
0 0.8033333333333333 0.35333333333333333 0.03166666666666667 0.02666666666666667