0 0.645 0.15333333333333332 0.023333333333333334 0.023333333333333334
0 0.5716666666666667 0.255 0.02666666666666667 0.02666666666666667
0 0.5716666666666667 0.3016666666666667 0.03333333333333333 0.03333333333333333
0 0.83 0.6933333333333334 0.023333333333333334 0.023333333333333334
0 0.725 0.8916666666666667 0.02666666666666667 0.02666666666666667
0 0.73 0.8533333333333334 0.02666666666666667 0.02666666666666667
0 0.7566666666666667 0.9266666666666666 0.02666666666666667 0.023333333333333334
0 0.815 0.9616666666666667 0.02666666666666667 0.02666666666666667
0 0.84 0.9216666666666666 0.02666666666666667 0.023333333333333334
0 0.14833333333333334 0.39666666666666667 0.02666666666666667 0.02666666666666667
0 0.21833333333333332 0.8183333333333334 0.023333333333333334 0.02
0 0.30833333333333335 0.9316666666666666 0.02666666666666667 0.02666666666666667
0 0.23333333333333334 0.7016666666666667 0.03 0.02666666666666667
0 0.27166666666666667 0.9333333333333333 0.02666666666666667 0.023333333333333334
0 0.225 0.7983333333333333 0.023333333333333334 0.023333333333333334
0 0.4216666666666667 0.5233333333333333 0.03 0.03
0 0.42333333333333334 0.5683333333333334 0.03 0.03
0 0.4116666666666667 0.965 0.03 0.02666666666666667
0 0.8433333333333334 0.48833333333333334 0.03 0.03166666666666667
0 0.68 0.17 0.03 0.028333333333333332
0 0.7066666666666667 0.725 0.028333333333333332 0.02666666666666667
0 0.255 0.8616666666666667 0.028333333333333332 0.023333333333333334
0 0.22333333333333333 0.9366666666666666 0.028333333333333332 0.03
0 0.7683333333333333 0.67 0.028333333333333332 0.03166666666666667
0 0.595 0.41833333333333333 0.03166666666666667 0.028333333333333332