0 0.38166666666666665 0.6833333333333333 0.03 0.03
0 0.43 0.61 0.02666666666666667 0.02
0 0.7883333333333333 0.555 0.023333333333333334 0.023333333333333334
0 0.8933333333333333 0.7683333333333333 0.02666666666666667 0.02666666666666667
0 0.855 0.8283333333333334 0.02666666666666667 0.03666666666666667
0 0.51 0.5983333333333334 0.02666666666666667 0.02666666666666667
0 0.865 0.6516666666666666 0.03 0.03
0 0.28 0.12833333333333333 0.02666666666666667 0.03
0 0.12 0.24333333333333335 0.03 0.023333333333333334
0 0.10666666666666667 0.215 0.023333333333333334 0.03
0 0.011666666666666667 0.31333333333333335 0.02 0.02666666666666667
0 0.015 0.33666666666666667 0.02666666666666667 0.023333333333333334
0 0.36833333333333335 0.27 0.023333333333333334 0.023333333333333334
0 0.18666666666666668 0.09666666666666666 0.02666666666666667 0.02666666666666667
0 0.08833333333333333 0.09333333333333334 0.02666666666666667 0.02666666666666667
0 0.4116666666666667 0.20166666666666666 0.023333333333333334 0.023333333333333334
0 0.6033333333333334 0.14333333333333334 0.03333333333333333 0.03
0 0.6133333333333333 0.22833333333333333 0.03 0.03
0 0.5783333333333334 0.19166666666666668 0.02666666666666667 0.02666666666666667
0 0.22666666666666666 0.7833333333333333 0.023333333333333334 0.03166666666666667
0 0.24666666666666667 0.7516666666666667 0.02666666666666667 0.03
0 0.018333333333333333 0.15166666666666667 0.023333333333333334 0.03166666666666667
0 0.22333333333333333 0.15166666666666667 0.025 0.025
0 0.5433333333333333 0.6433333333333333 0.021666666666666667 0.02666666666666667
0 0.225 0.18 0.03 0.025
0 0.41833333333333333 0.135 0.02666666666666667 0.02666666666666667