0 0.07666666666666666 0.98 0.023333333333333334 0.023333333333333334
0 0.475 0.6033333333333334 0.02666666666666667 0.02666666666666667
0 0.5016666666666667 0.5616666666666666 0.02666666666666667 0.02666666666666667
0 0.8883333333333333 0.5283333333333333 0.02 0.02
0 0.9183333333333333 0.5583333333333333 0.02 0.02
0 0.6783333333333333 0.8616666666666667 0.023333333333333334 0.02
0 0.6483333333333333 0.725 0.02666666666666667 0.02666666666666667
0 0.585 0.8483333333333334 0.023333333333333334 0.023333333333333334
0 0.8166666666666667 0.5666666666666667 0.02 0.02
0 0.61 0.8366666666666667 0.023333333333333334 0.016666666666666666
0 0.6933333333333334 0.8966666666666666 0.02 0.023333333333333334
0 0.8366666666666667 0.535 0.023333333333333334 0.02
0 0.36333333333333334 0.11333333333333333 0.02666666666666667 0.02666666666666667
0 0.82 0.515 0.02666666666666667 0.02666666666666667
0 0.8716666666666667 0.5116666666666667 0.02 0.023333333333333334
0 0.6633333333333333 0.008333333333333333 0.03 0.016666666666666666
0 0.12833333333333333 0.4066666666666667 0.02666666666666667 0.03166666666666667
0 0.4683333333333333 0.16833333333333333 0.035 0.02666666666666667
0 0.8916666666666667 0.4633333333333333 0.025 0.02666666666666667