0 0.15666666666666668 0.11333333333333333 0.02 0.023333333333333334
0 0.2633333333333333 0.03833333333333333 0.03 0.03
0 0.11833333333333333 0.15166666666666667 0.023333333333333334 0.023333333333333334
0 0.47333333333333333 0.085 0.023333333333333334 0.023333333333333334
0 0.2733333333333333 0.06666666666666667 0.02666666666666667 0.02666666666666667
0 0.24333333333333335 0.025 0.023333333333333334 0.023333333333333334
0 0.57 0.07333333333333333 0.02 0.02
0 0.9083333333333333 0.185 0.02 0.02
0 0.7083333333333334 0.16166666666666665 0.023333333333333334 0.02666666666666667
0 0.6383333333333333 0.10833333333333334 0.02 0.02
0 0.56 0.12166666666666667 0.02666666666666667 0.02666666666666667
0 0.6983333333333334 0.03166666666666667 0.02666666666666667 0.03333333333333333
0 0.8616666666666667 0.20833333333333334 0.023333333333333334 0.02666666666666667
0 0.5616666666666666 0.03 0.02666666666666667 0.02
0 0.5933333333333334 0.12333333333333334 0.02666666666666667 0.02666666666666667
0 0.7216666666666667 0.12333333333333334 0.02666666666666667 0.03
0 0.83 0.10333333333333333 0.02666666666666667 0.023333333333333334
0 0.5766666666666667 0.14833333333333334 0.025 0.023333333333333334
0 0.665 0.055 0.023333333333333334 0.02666666666666667
0 0.5633333333333334 0.008333333333333333 0.02 0.016666666666666666
0 0.43833333333333335 0.565 0.023333333333333334 0.023333333333333334
0 0.27666666666666667 0.7316666666666667 0.02 0.02
0 0.46 0.8583333333333333 0.02 0.02
0 0.30833333333333335 0.785 0.023333333333333334 0.02
0 0.4666666666666667 0.835 0.023333333333333334 0.02
0 0.5566666666666666 0.565 0.02666666666666667 0.03
0 0.5933333333333334 0.8816666666666667 0.02666666666666667 0.023333333333333334
0 0.9233333333333333 0.8783333333333333 0.023333333333333334 0.02
0 0.5316666666666666 0.8516666666666667 0.023333333333333334 0.023333333333333334
0 0.73 0.8816666666666667 0.023333333333333334 0.02