0 0.18 0.5766666666666667 0.03333333333333333 0.03
0 0.16666666666666666 0.6 0.03 0.023333333333333334
0 0.21166666666666667 0.5533333333333333 0.023333333333333334 0.02666666666666667
0 0.21 0.5683333333333334 0.02666666666666667 0.02
0 0.06833333333333333 0.6083333333333333 0.03333333333333333 0.023333333333333334
0 0.12666666666666668 0.7766666666666666 0.02666666666666667 0.02666666666666667
0 0.05 0.7216666666666667 0.023333333333333334 0.03
0 0.07833333333333334 0.7216666666666667 0.03 0.023333333333333334
0 0.24333333333333335 0.785 0.023333333333333334 0.02666666666666667
0 0.7716666666666666 0.5933333333333334 0.02666666666666667 0.03
0 0.72 0.5616666666666666 0.023333333333333334 0.023333333333333334
0 0.825 0.8333333333333334 0.023333333333333334 0.02666666666666667
0 0.8483333333333334 0.8383333333333334 0.03 0.02666666666666667
0 0.8933333333333333 0.9466666666666667 0.03 0.03333333333333333
0 0.8783333333333333 0.975 0.023333333333333334 0.023333333333333334
0 0.8333333333333334 0.9733333333333334 0.03 0.02666666666666667
0 0.75 0.9416666666666667 0.03 0.028333333333333332
0 0.97 0.7366666666666667 0.023333333333333334 0.023333333333333334
0 0.855 0.5816666666666667 0.02666666666666667 0.023333333333333334
0 0.08166666666666667 0.68 0.02666666666666667 0.02666666666666667
0 0.415 0.89 0.023333333333333334 0.03666666666666667
0 0.4216666666666667 0.9366666666666666 0.02666666666666667 0.03
0 0.77 0.8283333333333334 0.03 0.03
0 0.9333333333333333 0.9533333333333334 0.02666666666666667 0.023333333333333334
0 0.16833333333333333 0.6516666666666666 0.02666666666666667 0.02666666666666667
0 0.4483333333333333 0.8783333333333333 0.023333333333333334 0.02666666666666667
0 0.42833333333333334 0.8766666666666667 0.023333333333333334 0.02
0 0.4483333333333333 0.9183333333333333 0.02 0.023333333333333334
0 0.7766666666666666 0.91 0.023333333333333334 0.023333333333333334
0 0.6183333333333333 0.14333333333333334 0.03 0.03
0 0.6183333333333333 0.06666666666666667 0.02666666666666667 0.02666666666666667
0 0.6966666666666667 0.2966666666666667 0.03666666666666667 0.03
0 0.605 0.42833333333333334 0.02666666666666667 0.02666666666666667
0 0.5833333333333334 0.47333333333333333 0.03 0.03
0 0.6616666666666666 0.011666666666666667 0.03 0.023333333333333334
0 0.705 0.03333333333333333 0.02666666666666667 0.02
0 0.7616666666666667 0.05 0.02666666666666667 0.03
0 0.7133333333333334 0.12833333333333333 0.03 0.02666666666666667
0 0.755 0.265 0.03 0.03
0 0.8583333333333333 0.21333333333333335 0.03 0.02666666666666667
0 0.82 0.021666666666666667 0.03 0.03
0 0.8183333333333334 0.04833333333333333 0.03 0.02
0 0.9733333333333334 0.29833333333333334 0.03 0.02666666666666667
0 0.9333333333333333 0.22666666666666666 0.03 0.023333333333333334
0 0.9083333333333333 0.23333333333333334 0.03333333333333333 0.03666666666666667
0 0.9366666666666666 0.24166666666666667 0.03 0.02666666666666667
0 0.8 0.27666666666666667 0.03 0.03
0 0.8883333333333333 0.3983333333333333 0.02666666666666667 0.023333333333333334
0 0.8983333333333333 0.4633333333333333 0.02666666666666667 0.03
0 0.9216666666666666 0.3433333333333333 0.02666666666666667 0.023333333333333334
0 0.7683333333333333 0.34 0.03 0.023333333333333334
0 0.8233333333333334 0.3466666666666667 0.023333333333333334 0.02666666666666667
0 0.8133333333333334 0.17 0.03 0.023333333333333334
0 0.6166666666666667 0.49166666666666664 0.03 0.023333333333333334
0 0.9783333333333334 0.24166666666666667 0.02666666666666667 0.02666666666666667
0 0.7066666666666667 0.14833333333333334 0.02666666666666667 0.023333333333333334
0 0.78 0.04833333333333333 0.02666666666666667 0.02666666666666667
0 0.09166666666666666 0.5183333333333333 0.03 0.02
0 0.135 0.5016666666666667 0.02666666666666667 0.02666666666666667
0 0.7033333333333334 0.66 0.03666666666666667 0.03166666666666667
0 0.19333333333333333 0.4666666666666667 0.02666666666666667 0.02666666666666667
0 0.31333333333333335 0.9016666666666666 0.03166666666666667 0.03833333333333333
0 0.7216666666666667 0.71 0.035 0.03666666666666667