0 0.43166666666666664 0.2783333333333333 0.02666666666666667 0.023333333333333334
0 0.4166666666666667 0.39666666666666667 0.023333333333333334 0.023333333333333334
0 0.38666666666666666 0.34 0.02666666666666667 0.023333333333333334
0 0.38666666666666666 0.4483333333333333 0.02666666666666667 0.023333333333333334
0 0.03333333333333333 0.24666666666666667 0.023333333333333334 0.023333333333333334
0 0.03833333333333333 0.3016666666666667 0.02 0.02
0 0.058333333333333334 0.008333333333333333 0.023333333333333334 0.016666666666666666
0 0.39166666666666666 0.2733333333333333 0.023333333333333334 0.023333333333333334
0 0.4033333333333333 0.3283333333333333 0.023333333333333334 0.023333333333333334
0 0.37166666666666665 0.4683333333333333 0.02666666666666667 0.02666666666666667
0 0.36666666666666664 0.29333333333333333 0.023333333333333334 0.023333333333333334
0 0.43666666666666665 0.305 0.02666666666666667 0.02666666666666667
0 0.465 0.22333333333333333 0.02666666666666667 0.02666666666666667
0 0.48833333333333334 0.21833333333333332 0.02666666666666667 0.023333333333333334
0 0.7083333333333334 0.31666666666666665 0.03 0.03
0 0.5066666666666667 0.10166666666666667 0.02666666666666667 0.02666666666666667
0 0.5016666666666667 0.20166666666666666 0.02666666666666667 0.02666666666666667
0 0.12166666666666667 0.6833333333333333 0.02666666666666667 0.023333333333333334
0 0.13 0.6333333333333333 0.023333333333333334 0.023333333333333334
0 0.02 0.6966666666666667 0.023333333333333334 0.02666666666666667
0 0.028333333333333332 0.6783333333333333 0.02 0.02
0 0.15166666666666667 0.6483333333333333 0.03 0.03
0 0.06333333333333334 0.71 0.02 0.025
0 0.06833333333333333 0.6516666666666666 0.02 0.023333333333333334
0 0.05 0.6816666666666666 0.02 0.025
0 0.235 0.6433333333333333 0.025 0.025