0 0.32 0.145 0.02 0.02
0 0.265 0.18333333333333332 0.023333333333333334 0.023333333333333334
0 0.32 0.22 0.023333333333333334 0.02
0 0.11166666666666666 0.09666666666666666 0.023333333333333334 0.02666666666666667
0 0.13666666666666666 0.03333333333333333 0.03 0.02666666666666667
0 0.14166666666666666 0.06666666666666667 0.02 0.023333333333333334
0 0.28 0.11 0.02 0.02
0 0.2966666666666667 0.07333333333333333 0.02666666666666667 0.02
0 0.36666666666666664 0.09666666666666666 0.023333333333333334 0.02
0 0.16666666666666666 0.37666666666666665 0.023333333333333334 0.03
0 0.19666666666666666 0.38166666666666665 0.025 0.028333333333333332
0 0.41 0.016666666666666666 0.02 0.02
0 0.07833333333333334 0.145 0.02 0.02
0 0.10666666666666667 0.3016666666666667 0.023333333333333334 0.02
0 0.24333333333333335 0.12666666666666668 0.023333333333333334 0.023333333333333334
0 0.06666666666666667 0.07666666666666666 0.02 0.02666666666666667
0 0.03 0.15666666666666668 0.023333333333333334 0.02666666666666667
0 0.03 0.3383333333333333 0.02 0.023333333333333334
0 0.25166666666666665 0.07333333333333333 0.023333333333333334 0.023333333333333334
0 0.4033333333333333 0.09833333333333333 0.02 0.02
0 0.39166666666666666 0.11833333333333333 0.023333333333333334 0.023333333333333334
0 0.25166666666666665 0.275 0.023333333333333334 0.02
0 0.235 0.2966666666666667 0.02666666666666667 0.02666666666666667
0 0.195 0.3383333333333333 0.02 0.02
0 0.13666666666666666 0.375 0.02 0.02
0 0.15333333333333332 0.35 0.02 0.02
0 0.10166666666666667 0.15166666666666667 0.02 0.02
0 0.09833333333333333 0.11666666666666667 0.023333333333333334 0.016666666666666666
0 0.315 0.02 0.023333333333333334 0.023333333333333334
0 0.23666666666666666 0.1 0.02 0.023333333333333334
0 0.06833333333333333 0.03666666666666667 0.02 0.023333333333333334
0 0.4266666666666667 0.008333333333333333 0.02 0.016666666666666666
0 0.12666666666666668 0.35833333333333334 0.02 0.023333333333333334
0 0.5033333333333333 0.9616666666666667 0.02 0.02666666666666667
0 0.4083333333333333 0.6583333333333333 0.02 0.02
0 0.36833333333333335 0.7783333333333333 0.02666666666666667 0.02666666666666667
0 0.4666666666666667 0.8816666666666667 0.023333333333333334 0.03
0 0.35833333333333334 0.7083333333333334 0.02 0.023333333333333334
0 0.37 0.6866666666666666 0.02 0.03
0 0.3416666666666667 0.9366666666666666 0.025 0.02
0 0.46 0.7933333333333333 0.02666666666666667 0.02666666666666667
0 0.43833333333333335 0.8583333333333333 0.023333333333333334 0.023333333333333334
0 0.3333333333333333 0.9516666666666667 0.023333333333333334 0.023333333333333334
0 0.3466666666666667 0.9866666666666667 0.023333333333333334 0.02
0 0.5066666666666667 0.10833333333333334 0.02 0.02
0 0.575 0.043333333333333335 0.018333333333333333 0.02
0 0.5566666666666666 0.10166666666666667 0.023333333333333334 0.023333333333333334
0 0.87 0.06666666666666667 0.023333333333333334 0.023333333333333334