0 0.22 0.025 0.02666666666666667 0.02
0 0.47 0.31333333333333335 0.03 0.02666666666666667
0 0.5483333333333333 0.18166666666666667 0.03 0.03
0 0.2816666666666667 0.06833333333333333 0.023333333333333334 0.02
0 0.4116666666666667 0.14 0.023333333333333334 0.023333333333333334
0 0.6483333333333333 0.355 0.028333333333333332 0.03
0 0.6816666666666666 0.2966666666666667 0.02666666666666667 0.023333333333333334
0 0.6933333333333334 0.25666666666666665 0.02 0.02
0 0.7616666666666667 0.175 0.023333333333333334 0.02666666666666667
0 0.9416666666666667 0.8366666666666667 0.03166666666666667 0.03
0 0.8216666666666667 0.17333333333333334 0.023333333333333334 0.023333333333333334
0 0.8633333333333333 0.7583333333333333 0.025 0.03
0 0.7733333333333333 0.14666666666666667 0.02666666666666667 0.02666666666666667
0 0.9316666666666666 0.04833333333333333 0.02666666666666667 0.02666666666666667
0 0.865 0.6183333333333333 0.02666666666666667 0.02666666666666667
0 0.22666666666666666 0.195 0.021666666666666667 0.025
0 0.9566666666666667 0.74 0.025 0.025
0 0.5 0.11 0.023333333333333334 0.021666666666666667
0 0.31166666666666665 0.023333333333333334 0.03333333333333333 0.03
0 0.5783333333333334 0.14833333333333334 0.023333333333333334 0.02666666666666667
0 0.63 0.075 0.02666666666666667 0.023333333333333334
0 0.435 0.12333333333333334 0.03 0.03333333333333333
0 0.3416666666666667 0.2683333333333333 0.02666666666666667 0.02666666666666667
0 0.81 0.68 0.03 0.023333333333333334
0 0.6283333333333333 0.09833333333333333 0.023333333333333334 0.023333333333333334
0 0.5383333333333333 0.22833333333333333 0.028333333333333332 0.03333333333333333
0 0.5633333333333334 0.22 0.02666666666666667 0.03
0 0.6183333333333333 0.03 0.021666666666666667 0.023333333333333334
0 0.3333333333333333 0.19666666666666666 0.021666666666666667 0.02666666666666667