0 0.765 0.8183333333333334 0.02666666666666667 0.02666666666666667
0 0.7866666666666666 0.89 0.02666666666666667 0.02666666666666667
0 0.16666666666666666 0.5733333333333334 0.028333333333333332 0.028333333333333332
0 0.6666666666666666 0.8383333333333334 0.02666666666666667 0.02666666666666667
0 0.7433333333333333 0.6616666666666666 0.03 0.03
0 0.058333333333333334 0.96 0.02666666666666667 0.023333333333333334
0 0.5366666666666666 0.9616666666666667 0.02666666666666667 0.02666666666666667
0 0.5883333333333334 0.6083333333333333 0.021666666666666667 0.025
0 0.565 0.9483333333333334 0.02666666666666667 0.02666666666666667
0 0.8583333333333333 0.6033333333333334 0.03 0.03
0 0.04666666666666667 0.625 0.023333333333333334 0.023333333333333334
0 0.845 0.685 0.02666666666666667 0.02666666666666667
0 0.18166666666666667 0.5566666666666666 0.02666666666666667 0.02666666666666667
0 0.6583333333333333 0.7883333333333333 0.03 0.03
0 0.6383333333333333 0.83 0.03 0.02666666666666667
0 0.7416666666666667 0.88 0.03 0.03
0 0.7866666666666666 0.8366666666666667 0.02666666666666667 0.023333333333333334
0 0.8433333333333334 0.8366666666666667 0.03 0.03
0 0.14666666666666667 0.5216666666666666 0.02666666666666667 0.023333333333333334
0 0.68 0.8666666666666667 0.02666666666666667 0.023333333333333334
0 0.5983333333333334 0.8566666666666667 0.02666666666666667 0.02666666666666667
0 0.8383333333333334 0.5966666666666667 0.02666666666666667 0.023333333333333334
0 0.6766666666666666 0.9466666666666667 0.02666666666666667 0.03
0 0.8416666666666667 0.8833333333333333 0.02666666666666667 0.023333333333333334
0 0.021666666666666667 0.95 0.02666666666666667 0.035
0 0.8233333333333334 0.63 0.03 0.03
0 0.085 0.9783333333333334 0.02666666666666667 0.02666666666666667
0 0.7883333333333333 0.865 0.02666666666666667 0.025
0 0.845 0.7233333333333334 0.02666666666666667 0.02666666666666667
0 0.6633333333333333 0.7733333333333333 0.03 0.02666666666666667
0 0.71 0.615 0.03 0.02666666666666667
0 0.775 0.5866666666666667 0.02666666666666667 0.02666666666666667
0 0.7066666666666667 0.9516666666666667 0.02666666666666667 0.02666666666666667
0 0.71 0.8683333333333333 0.023333333333333334 0.02666666666666667
0 0.7433333333333333 0.9283333333333333 0.02666666666666667 0.023333333333333334
0 0.7266666666666667 0.9366666666666666 0.023333333333333334 0.02666666666666667
0 0.6266666666666667 0.85 0.02666666666666667 0.023333333333333334
0 0.08666666666666667 0.235 0.03 0.02666666666666667
0 0.25333333333333335 0.29 0.03 0.025
0 0.11 0.21666666666666667 0.03 0.023333333333333334
0 0.7783333333333333 0.09166666666666666 0.02666666666666667 0.02666666666666667
0 0.7783333333333333 0.17166666666666666 0.023333333333333334 0.02666666666666667
0 0.8283333333333334 0.16166666666666665 0.025 0.025
0 0.8383333333333334 0.335 0.023333333333333334 0.03
0 0.7766666666666666 0.4666666666666667 0.02666666666666667 0.02666666666666667
0 0.8933333333333333 0.20333333333333334 0.02666666666666667 0.02
0 0.75 0.27666666666666667 0.023333333333333334 0.023333333333333334
0 0.81 0.19666666666666666 0.02 0.02
0 0.9733333333333334 0.11833333333333333 0.023333333333333334 0.023333333333333334
0 0.395 0.135 0.02666666666666667 0.02
0 0.8416666666666667 0.2816666666666667 0.03 0.03
0 0.125 0.4166666666666667 0.02666666666666667 0.02666666666666667
0 0.7833333333333333 0.425 0.03 0.03
0 0.9016666666666666 0.24333333333333335 0.023333333333333334 0.023333333333333334
0 0.8533333333333334 0.23666666666666666 0.02666666666666667 0.02666666666666667
0 0.17166666666666666 0.165 0.023333333333333334 0.023333333333333334
0 0.785 0.025 0.02666666666666667 0.02666666666666667
0 0.8366666666666667 0.21666666666666667 0.02666666666666667 0.023333333333333334
0 0.19 0.31833333333333336 0.028333333333333332 0.025
0 0.7466666666666667 0.47833333333333333 0.02666666666666667 0.02666666666666667
0 0.06 0.47833333333333333 0.02666666666666667 0.023333333333333334
0 0.315 0.22166666666666668 0.023333333333333334 0.021666666666666667
0 0.7466666666666667 0.36666666666666664 0.023333333333333334 0.023333333333333334
0 0.8283333333333334 0.25333333333333335 0.02666666666666667 0.02666666666666667
0 0.7766666666666666 0.13333333333333333 0.023333333333333334 0.023333333333333334
0 0.8416666666666667 0.06166666666666667 0.03 0.03
0 0.88 0.4483333333333333 0.023333333333333334 0.02666666666666667
0 0.885 0.18166666666666667 0.023333333333333334 0.02666666666666667
0 0.09333333333333334 0.25666666666666665 0.023333333333333334 0.023333333333333334
0 0.3016666666666667 0.165 0.021666666666666667 0.023333333333333334
0 0.8133333333333334 0.41833333333333333 0.023333333333333334 0.023333333333333334
0 0.11166666666666666 0.25666666666666665 0.02 0.02666666666666667
0 0.835 0.37666666666666665 0.023333333333333334 0.023333333333333334
0 0.3 0.24666666666666667 0.028333333333333332 0.02666666666666667
0 0.7683333333333333 0.26666666666666666 0.02 0.025