0 0.14166666666666666 0.43833333333333335 0.023333333333333334 0.023333333333333334
0 0.15833333333333333 0.27 0.02666666666666667 0.02666666666666667
0 0.09166666666666666 0.21833333333333332 0.02666666666666667 0.023333333333333334
0 0.14166666666666666 0.17166666666666666 0.02666666666666667 0.02
0 0.11166666666666666 0.15166666666666667 0.02 0.023333333333333334
0 0.085 0.3433333333333333 0.023333333333333334 0.023333333333333334
0 0.12666666666666668 0.37833333333333335 0.02 0.02666666666666667
0 0.06333333333333334 0.41833333333333333 0.02 0.02
0 0.08833333333333333 0.19 0.03 0.023333333333333334
0 0.03333333333333333 0.21666666666666667 0.03 0.023333333333333334
0 0.09333333333333334 0.4633333333333333 0.03333333333333333 0.03333333333333333
0 0.085 0.4116666666666667 0.03333333333333333 0.03333333333333333
0 0.10333333333333333 0.26166666666666666 0.03333333333333333 0.02666666666666667
0 0.12833333333333333 0.4866666666666667 0.02666666666666667 0.023333333333333334
0 0.435 0.715 0.02666666666666667 0.023333333333333334
0 0.49333333333333335 0.9833333333333333 0.02666666666666667 0.023333333333333334
0 0.01 0.21666666666666667 0.02 0.02
0 0.023333333333333334 0.82 0.023333333333333334 0.023333333333333334
0 0.013333333333333334 0.19 0.02666666666666667 0.03